113.27702545219,23.108548014819
113.27702661999,23.108548928909
113.27702661999,23.108548928909
113.27706659458,23.108479374913
113.27731668284,23.107981609882
113.27750676428,23.107633339449
113.27750676428,23.10763309015
113.27750676428,23.10763309015
113.27721742008,23.107490740269
113.27657890452,23.107185431251
113.27628965015,23.107052969798
113.27608025513,23.106961144184
113.2758908025,23.10687945673
113.27542197686,23.106665141185
113.2754021243,23.106615031684
113.27537239039,23.106544811871
113.27537176158,23.106544230168
113.27537176158,23.106544230168
113.27508241737,23.106421407731
113.27501270887,23.106390826754
113.2750127987,23.106340883351
113.27502276989,23.106311050261
113.27505277329,23.106281466466
113.27505268346,23.106281134064
113.27505268346,23.106281134064
113.27508259703,23.106291438532
113.27513245299,23.106321936431
113.27541173617,23.10644467586
113.27599033475,23.106700126413
113.27651907737,23.10693488454
113.27728739808,23.107311327678
113.27818552393,23.107738294343
113.27826538329,23.107778846964
113.27829529686,23.107789068217
113.27836518503,23.107829537722
113.27835521384,23.107869425519
113.27832530026,23.107929174091
113.27830535788,23.107959006818
113.27829547652,23.107988922637
113.27827553414,23.108028727286
113.27827517482,23.108028893485
113.27827517482,23.108028893485
113.27813503916,23.108337773832
113.27796498992,23.108696429797
113.27786500852,23.10889561806
113.27759497788,23.109473403601
113.27725487942,23.110200514003
113.27717493023,23.110369784733
113.276934903,23.110897622168
113.27640481291,23.11205275782
113.2762847993,23.112411569942
113.27622488232,23.112571032451
113.27620493994,23.112610835726
113.27617502636,23.112690525337
113.27617403823,23.112690608434
113.27617403823,23.112690608434
113.27615400602,23.112750437933
113.27611412125,23.112830044363
113.27584400078,23.113557385666
113.27567404138,23.113975690283
113.27543401415,23.114563258965
113.27542404296,23.114603144737
113.27517413437,23.115160630254
113.27505421058,23.115449385061
113.27494434782,23.115658202174
113.27473441382,23.116126024437
113.27469452905,23.116225571484
113.27461466969,23.116394751436
113.27454478153,23.116534017286
113.27452483914,23.116573819372
113.27421501357,23.117280449834
113.27417512881,23.117370024782
113.27393528124,23.117897335816
113.27390536766,23.117977022252
113.27388551511,23.118006769627
113.27387563375,23.118036683182
113.27351586239,23.118872598118
113.27313614866,23.119728200626
113.2731262673,23.119748059645
113.27310641474,23.119777806623
113.27309653338,23.119807719778
113.27307668083,23.119837466743
113.27305673845,23.119887238883
113.27286701633,23.12023497861
113.27261728739,23.120731949861
113.27251748565,23.12091076267
113.27229776012,23.12135804291
113.27223793298,23.121487332626
113.27226784655,23.121527714864
113.27227772791,23.12161778549
113.27225778553,23.121697552783
113.27219795838,23.121756796585
113.27219481431,23.121756713494
113.27219481431,23.121756713494
113.27305233675,23.122336769575
113.2735608675,23.1228324866
113.27377026252,23.123054752683
113.27385003204,23.123175648658
113.27386000324,23.123195756432
113.27387985579,23.123295962893
113.27389961851,23.123536175588
113.27392953208,23.123636464883
113.27400930161,23.12370734037
113.2741689305,23.123809042058
113.27424870003,23.123859892873
113.2745379544,23.124042939026
113.27511655298,23.124388756808
113.27534607004,23.124491039598
113.27543590059,23.124531919456
113.27559552948,23.124583434707
113.27601467883,23.124737398715
113.27627410946,23.124919778947
113.27627401963,23.124919612769
113.27627401963,23.124919612769
113.27784075427,23.125872721966
113.27790067125,23.125913185957
113.2782101375,23.126025521243
113.278419802,23.126057094753
113.27874930046,23.126099469716
113.27975791789,23.126216042336
113.27990775525,23.126236980529
113.28009747737,23.126278109113
113.28014742316,23.126278358377
113.28018739775,23.126288578205
113.28056693183,23.12638063971
113.28081666076,23.126441958619
113.28090658115,23.126452427698
113.28112630667,23.126483502579
113.28126617284,23.126504191466
113.2813760356,23.126514743628
113.28173571713,23.126546317022
113.2817356273,23.126546233934
113.2817356273,23.126546233934
113.28174577815,23.126306275954
113.28175583917,23.126096395454
113.2817659002,23.125916509488
113.28179608326,23.125536795585
113.28181611547,23.125407011284
113.28192633756,23.124877652875
113.28193639858,23.124817745755
113.28198652403,23.12455809253
113.28201661726,23.124358346151
113.28206674271,23.124148628747
113.28206665288,23.124147880943
113.28206665288,23.124147880943
113.28286596512,23.12435078503
113.28286596512,23.12435078503
113.28287342106,23.124352529904
