113.29948308993,23.071621935372
113.2994853357,23.071627753928
113.2994853357,23.071627753928
113.2989943219,23.071693171109
113.29875393535,23.071885765087
113.29869392854,23.071956418829
113.29856376407,23.072107783955
113.29856340475,23.072107783955
113.29856340475,23.072107783955
113.29856340475,23.072237786593
113.29856340475,23.072267793578
113.29856340475,23.072417828401
113.29855352339,23.072877989551
113.29854364203,23.073108069528
113.29852369965,23.073188281565
113.29852351999,23.073188281565
113.29852351999,23.073188281565
113.29839326569,23.073329670749
113.29837332331,23.073359843729
113.29833334871,23.073400240602
113.29793270445,23.073854330531
113.29725151939,23.074621034955
113.29718145156,23.074691687244
113.29687099717,23.075074621995
113.2967108293,23.075276104911
113.29669088692,23.075366290028
113.29668091573,23.075416411316
113.29670094794,23.07554624448
113.29673104117,23.075685968762
113.29673014287,23.075685885643
113.29673014287,23.075685885643
113.29697061925,23.0758036662
113.2973112567,23.075990435859
113.29749163645,23.076078708745
113.2975417619,23.076108216147
113.29782230271,23.076255420579
113.29802271467,23.076353418244
113.29826319105,23.076481006276
113.29852369965,23.076568281406
113.29881430148,23.076725210257
113.29964613238,23.07718602145
113.29977638668,23.077254511289
113.29996682745,23.077372290456
113.30010714277,23.07743063973
113.30032767677,23.077538028924
113.30041786665,23.077586985734
113.30049808533,23.077576097209
113.30061836844,23.077614664194
113.30069858712,23.077603775672
113.30062851929,23.077684649944
113.30062851929,23.077684649944
113.30062851929,23.077684649944
113.30055836163,23.077745492633
113.30044813954,23.077886793852
113.30020766316,23.078159587898
113.2996864663,23.078715564036
113.29925554915,23.07920038929
113.29863419123,23.07988710429
113.29817318084,23.080431852445
113.29783245356,23.080845274411
113.29780245015,23.080875611919
113.297592067,23.081177656759
113.29753197037,23.081268253454
113.29726140075,23.081760799177
113.29719133292,23.08192146211
113.29711120407,23.082092181848
113.29711120407,23.08210215573
113.29708120066,23.082162414587
113.29701113283,23.0823330509
113.29695103619,23.082483573058
113.29693109381,23.082553722475
113.29689102938,23.082694104315
113.296871087,23.082724275171
113.29683102258,23.08286465683
113.29680101917,23.082984924481
113.29676095475,23.083225293226
113.29675098356,23.083235350138
113.29673095134,23.083425517066
113.29670094794,23.083615766837
113.2966808259,23.084035911172
113.2966808259,23.084125924118
113.2966708547,23.084246024399
113.2966708547,23.084445997359
113.29666079368,23.084786017192
113.29664067164,23.085206157828
113.29662036993,23.08587630225
113.29659009704,23.086486518874
113.29650978853,23.086927182964
113.29648975631,23.087017360177
113.2964697241,23.087107537328
113.29645975291,23.087167627691
113.29632940878,23.08756872809
113.29611884597,23.088010469048
113.29603871712,23.088161150999
113.29577811869,23.088573302247
113.29539732698,23.089026343009
113.29535735239,23.08906665201
113.29514696924,23.089318312875
113.29509693362,23.089388708018
113.29487648945,23.089640368273
113.29441547906,23.090183663572
113.29404474838,23.090606197343
113.29396461953,23.090716734083
113.29393461612,23.090776905924
113.29373420416,23.091128212524
113.29368416855,23.0912384995
113.29357385663,23.091549164206
113.29351367016,23.091849522596
113.29350369897,23.091969532787
113.29347342607,23.092439682469
113.29345339386,23.092589777633
113.29342312096,23.092989864358
113.29341314977,23.093059925121
113.29338296671,23.093300109424
113.29337299552,23.093390199204
113.2933529633,23.093480288922
113.29334299211,23.093520347245
113.29325271241,23.093800838281
113.29312236828,23.094141582149
113.29308230385,23.094261839594
113.29295195972,23.09460258228
113.29286176985,23.094833040192
113.29284182747,23.094893127061
113.29236051538,23.095895651268
113.29188926431,23.096887945818
113.29183922869,23.096988172142
113.29177913205,23.097118482871
113.29175918967,23.097158540097
113.29175245238,23.097158623204
113.29175245238,23.097158623204
113.29171229812,23.097248876578
113.2916622625,23.097359075367
113.29140157425,23.097920206846
113.29111079275,23.098561366468
113.29098053845,23.098841846858
113.29087031637,23.099072297415
113.29085037398,23.099112354052
113.29082037058,23.09919246729
113.29076027394,23.099292691875
113.29055968232,23.099833371456
113.2905196179,23.099933512453
113.2905096467,23.099963513185
113.2904796433,23.100033570269
113.2904496399,23.100113682952
113.29042969751,23.100173767432
113.29041972632,23.10020376811
113.29038972292,23.100293853207
113.29024931777,23.100654276087
113.29023934658,23.100694332247
113.29023781946,23.100694332247
113.29023781946,23.100694332247
113.29021769741,23.100754416464
113.2901073855,23.101064726499
113.29005734988,23.101194867021
113.2899771312,23.101435119718
113.28989682269,23.101745345059
113.28985675826,23.101905402104
113.28983663622,23.102105431587
113.2898265752,23.102245460356
113.289816604,23.102295488403
113.28981633451,23.102615434768
113.28980618366,23.102875380234
113.28979540399,23.103725268716
113.28979531416,23.103905267866
113.28980492603,23.104295182087
113.28981480739,23.104395153515
113.28987427522,23.104924842937
113.28990409896,23.105104674258
113.28998368883,23.105544362476
113.29004351598,23.105784108699
113.29013316687,23.106163712924
113.2902129364,23.106423402142
113.29040247886,23.107042582289
113.29070188408,23.107881225656
113.29078174344,23.10808083064
113.29141064713,23.109737739854
113.29144065054,23.109797570685
113.29146059292,23.109867456384
113.29162031164,23.110286603611
113.29166028623,23.110376432573
113.2917301744,23.110556090314
113.2917290066,23.110556007216
113.2917290066,23.110556007216
113.29184893039,23.110745387153
113.29188890498,23.110855159253
113.29197873554,23.111104618297
113.29201871013,23.111204418402
113.29258778667,23.112741048027
113.29262776127,23.112830792231
113.29269764943,23.11305033289
113.29272765284,23.113100190673
113.29273762403,23.113140159982
113.29277759863,23.113239875461
113.29280760203,23.113299704712
113.29293749701,23.113598850565
113.29311733777,23.114037679691
113.29313736998,23.114067511045
113.29315731236,23.114137394496
113.29308724453,23.11418783354
113.29297711228,23.114248493319
113.29294710887,23.114268685541
113.29294674955,23.114268602446
113.29294674955,23.114268602446
113.29177491002,23.114884920762
113.29106408087,23.115188134696
113.29029324491,23.115511124496
113.2885016644,23.116255900912
113.2877912844,23.116546979971
113.28673083475,23.116987710507
113.28665088556,23.117017707385
113.2866010296,23.116947825451
113.28660031096,23.116947742357
113.28660031096,23.116947742357
113.28619095314,23.116227815031
113.28618107178,23.116177875329
113.28618098195,23.116177875329
113.28617918533,23.116176296536
