113.34579073896,23.148496065496
113.34584400847,23.148477124597
113.34584400847,23.148477124597
113.34571375417,23.147937224768
113.34564332702,23.147057297145
113.34564314736,23.14705704792
113.34564314736,23.14705704792
113.34503301826,23.147087785671
113.34385264482,23.147150091903
113.34257193065,23.147214059603
113.34085050781,23.147301786685
113.34046019406,23.147313915614
113.34014991934,23.147325712242
113.34004984811,23.147326293766
113.33999990232,23.147326626066
113.33989983109,23.147337259645
113.33940926645,23.147350302394
113.33934925964,23.147350717768
113.33919915279,23.147351714666
113.33913914598,23.14735213004
113.33874865257,23.147364840489
113.33871864917,23.147355120734
113.33753683844,23.147314164838
113.33696596529,23.147288993155
113.33664544988,23.147281848717
113.33626483784,23.147265316816
113.33598438686,23.147247954164
113.33567384265,23.147240975873
113.33540336286,23.147223696293
113.33535332724,23.147224194742
113.33499265758,23.147207828984
113.33491261856,23.147208659733
113.3348024863,23.147209822782
113.33455203873,23.147202512189
113.33227681053,23.147148181179
113.33217664947,23.147159396297
113.33161529835,23.147106394469
113.33086341664,23.147086041096
113.3304925063,23.147071004521
113.33042243847,23.147071918346
113.33034230962,23.147072998321
113.32964046352,23.147052561869
113.3295904279,23.147053226469
113.32953033127,23.147044171292
113.32941004816,23.147045832792
113.32897886151,23.147031959263
113.32860786134,23.147017338057
113.32852773249,23.147018501108
113.32826704423,23.147012353555
113.32819688657,23.147003464525
113.32760517273,23.146992249393
113.32727423698,23.146977295882
113.32689317578,23.146963173121
113.32677289267,23.146965000772
113.32669276382,23.14695627789
113.32565953282,23.14693243534
113.32554922091,23.146924293981
113.32496738843,23.146913660368
113.32494744605,23.146913992669
113.3243957068,23.146892974666
113.32332214189,23.146870710533
113.3228405603,23.146858830788
113.32273024839,23.1468507725
113.32235906855,23.146857003135
113.3217570242,23.146827345307
113.32175235301,23.146824354602
113.32175235301,23.146824354602
113.32150145628,23.146738621009
113.3214815139,23.146729067359
113.32144144947,23.146709876982
113.32144117998,23.146709710832
113.32144117998,23.146709710832
113.32135081045,23.14662123568
113.32134083926,23.14660146376
113.32125055955,23.146433070021
113.32125037989,23.146432903871
113.32125037989,23.146432903871
113.3212704121,23.146272568242
113.32129044432,23.146122284567
113.32140030708,23.145080346296
113.32146022406,23.14452938344
113.32150019865,23.144048701369
113.32153020206,23.143768233458
113.32155023427,23.14362799928
113.32155023427,23.143548079025
113.32155005461,23.143547497484
113.32155005461,23.143547497484
113.32150990035,23.143368133658
113.32157987835,23.142707002645
113.32157987835,23.142706919567
113.32157987835,23.142706919567
113.32168992078,23.141754928314
113.32177993099,23.140573382928
113.32180993439,23.140252946536
113.32181990558,23.140122844321
113.32178990218,23.140103403749
113.3217699598,23.140083797016
113.32175001742,23.140054220751
113.3217299852,23.140014674949
113.32172001401,23.13998493251
113.32171004282,23.139935167912
113.32171004282,23.139885237136
113.32173007503,23.139844943568
113.32175010725,23.139804649987
113.32178020048,23.139774242865
113.32183032593,23.139733450785
113.32182987677,23.13973245383
113.32182987677,23.13973245383
113.32182987677,23.139612403746
113.32181990558,23.139272607416
113.32181981575,23.139272607416
113.32181981575,23.139272607416
113.32180948524,23.137432707323
113.32180948524,23.137142754153
113.32180948524,23.137012815048
113.32176942081,23.135883569074
113.32175944962,23.135723802258
113.32172944622,23.135704361041
113.32168938179,23.135695138925
113.32164931737,23.13566589401
113.32162937499,23.13564628662
113.3216094326,23.135616709365
113.3215794292,23.135587298269
113.32155948682,23.135547751134
113.32154951563,23.135518007693
113.32153954443,23.135478294373
113.32153954443,23.135438414877
113.32153846647,23.135437334807
113.32153846647,23.135437334807
113.32137793927,23.135460099354
113.32129772059,23.135471481627
113.32108706795,23.135505129944
113.32083626105,23.135539442911
113.32051520666,23.13554500942
113.32011384376,23.135502055901
113.31974257409,23.135468656829
113.31915059076,23.135409086823
113.31882953637,23.135364803942
113.31825758525,23.135254969039
113.31760532562,23.135116553669
113.31715374744,23.134974648686
113.31691300157,23.134909013426
113.31682281169,23.134870712329
113.31612033679,23.134593299063
113.31587959091,23.134507640641
113.31557856873,23.134383099346
113.31486612263,23.134085828189
113.31452503603,23.133941928106
113.31440466309,23.133884102162
113.31391302049,23.133682874328
113.31385292385,23.133654044386
113.31367236444,23.133577275289
113.3135519915,23.133509479166
113.31341158635,23.133451985368
113.31329121341,23.133384189181
113.31316086928,23.133306589091
113.31298030988,23.13321984975
113.31279975047,23.133153050449
113.31197699245,23.132807421687
113.31168612113,23.132692516541
113.31110419882,23.132472592965
113.31098391571,23.132434706585
113.3106227969,23.132310911101
113.31013124412,23.132129288792
113.31000089999,23.13210153861
113.30992068131,23.132072957578
113.30979033718,23.132035237252
113.30959980658,23.13198846071
113.30915846909,23.131905874733
113.30915496569,23.131902883691
113.30915496569,23.131902883691
113.30894431305,23.131856356356
113.30816188895,23.131699160311
113.30812182453,23.131689854831
113.30810188215,23.131680300096
113.30801169227,23.131661855302
113.3079215024,23.131643410506
113.307891499,23.131633938853
113.30730975635,23.131493276414
113.30662767297,23.131363996451
113.30634686267,23.131308412675
113.30630679825,23.131299107167
113.30627679484,23.131299605677
113.30607629305,23.13126271598
113.30603622863,23.13125341047
113.30603506083,23.131252413451
113.30603506083,23.131252413451
113.30594478113,23.13125374281
113.30537318933,23.131132438773
113.3047715043,23.13101138388
113.30450084485,23.130955384531
113.30402959378,23.130872216314
113.3033477799,23.130741772552
113.30224493022,23.130506641116
113.30165348587,23.13038433937
113.30157335702,23.130385336396
113.30157263838,23.130384754797
113.30157263838,23.130384754797
113.30116157378,23.130439923534
113.30107147373,23.130461027231
113.30092118722,23.130472908445
113.29990879691,23.130624871569
113.29980863585,23.130636005
113.29922734235,23.130772514087
113.29893674052,23.130845712146
113.29875645061,23.13089764037
113.29833559447,23.131012048561
113.29736362791,23.131281742424
113.29691285821,23.131405954293
113.29683281919,23.131426725497
113.29671271574,23.131457799213
113.29642229357,23.131540385469
113.29632222234,23.131571292989
113.29632069522,23.131571376073
113.29632105454,23.131564480041
