113.28777816914,23.137604601898
113.28777125219,23.137555002568
113.28777125219,23.137555002568
113.28745127577,23.137555334892
113.285081456,23.137545115932
113.28434179124,23.137524013362
113.28434143192,23.1375238472
113.28434143192,23.1375238472
113.28426148273,23.137583665499
113.28419159456,23.137603521845
113.28413167759,23.137603438765
113.28407176061,23.137603355684
113.28399190125,23.137603272603
113.28370210789,23.137602691036
113.28370174857,23.137602441793
113.28370174857,23.137602441793
113.28361182819,23.137652207267
113.28354194002,23.137762040184
113.28352208747,23.137811971759
113.28347223151,23.137911834854
113.28334242637,23.138211506768
113.2832725382,23.138351331275
113.28325268564,23.138401262628
113.28325205683,23.138401262628
113.28325205683,23.138401262628
113.28342201623,23.138421700415
113.28351193662,23.138441972037
113.2836318604,23.138422365058
113.28365180278,23.138382486447
113.28366177397,23.138362630218
113.28375169436,23.138182927053
113.28380164014,23.138093116919
113.28394150631,23.137763535639
113.2839914521,23.137603771088
113.2840214555,23.137523930281
113.2840614301,23.137374135172
113.28407140129,23.137364248523
113.28407158095,23.137363334631
113.28407158095,23.137363334631
113.28405154873,23.137303266989
113.28404166737,23.137233312661
113.2840117538,23.137173328042
113.28397186904,23.137133282893
113.28392201308,23.13708326798
113.28387215712,23.137033253049
113.28385221474,23.137023283293
113.28384233338,23.137003343778
113.28381241981,23.136963381659
113.28380253845,23.136943442136
113.28379265709,23.136913532846
113.28379265709,23.136893593315
113.28379265709,23.136873653781
113.28379265709,23.136843744475
113.28382266049,23.136793895616
113.28399261989,23.136514409333
113.28417255049,23.136204846847
113.28421252508,23.136145027926
113.28431250649,23.135985344507
113.28463239308,23.135445975366
113.28481232367,23.135146380283
113.28485229827,23.134976559586
113.28491230507,23.134796768748
113.28498228307,23.134486953003
113.28511235771,23.133687194665
113.28513238992,23.133387346357
113.28513140179,23.1333851031
113.28513140179,23.1333851031
113.28489146439,23.133344807556
113.28436173363,23.133264050264
113.28407194027,23.133223505432
113.2838620961,23.1331930968
113.28375223334,23.133172907459
113.28353241798,23.133152385779
113.28333263484,23.133121894047
113.28313285169,23.13310137236
113.28286309055,23.133080601418
113.28246343442,23.133049278831
113.2817441612,23.132996520612
113.28112486938,23.13292373916
113.2803957148,23.132850043744
113.28029591306,23.132829605099
113.27975666026,23.13271652782
113.27937721602,23.132614251374
113.27930741768,23.132583925686
113.27860853599,23.132309249416
113.27818929681,23.132176314538
113.2780895849,23.132155626535
113.27787003903,23.132114001267
113.27751071683,23.132091236145
113.2774309473,23.132080684427
113.27738109134,23.132080352089
113.2759337415,23.132007819388
113.27530510731,23.131961873681
113.27524528016,23.131961375174
113.2752430344,23.131959381147
113.2752430344,23.131959381147
113.27487383083,23.131935618984
113.27462446122,23.13192315631
113.27437509161,23.13191061055
113.27397606431,23.131896403098
113.27300840961,23.131845638449
113.27273909762,23.131832594175
113.27193116165,23.131792962836
113.27185148195,23.131782078755
113.27106357818,23.131752251385
113.27066473054,23.131727159831
113.27063490679,23.131736797647
113.27051534233,23.13172533197
113.27045560502,23.131724584208
113.27041581008,23.131724168785
113.2698275098,23.131706305589
113.2697478301,23.131705308574
113.2696781216,23.131704394643
113.26878080422,23.131651885142
113.26875098048,23.131651552804
113.26866132959,23.131630366211
113.26863150585,23.131619980625
113.26864147704,23.131570212887
113.2686395906,23.131568717362
113.2686395906,23.131568717362
113.268669594,23.131179132532
113.26868962621,23.130889498026
113.26872978047,23.130110240143
113.26877981609,23.129521078595
113.26878978728,23.129421292267
113.26878978728,23.129331393112
113.26883991273,23.128682239643
113.26891016022,23.127643404692
113.26895031447,23.127074090109
113.26895031447,23.127024154489
113.26897034669,23.126754535055
113.26897043652,23.126654663557
113.26899055856,23.126375072816
113.2690106806,23.126075457239
113.26901077043,23.125945590377
113.26903089248,23.125606008288
113.26906116537,23.124936562901
113.26904149248,23.124586425914
113.26904149248,23.12456648453
113.26902181959,23.124316302989
113.26902163993,23.124314724293
113.26902163993,23.124314724293
113.26901193823,23.123854658231
113.26901193823,23.123784779898
113.26901202806,23.123574895408
113.26902208908,23.123475104605
113.2690721247,23.123135931642
113.26912216032,23.122866719755
113.26915216372,23.12271724045
113.26915225355,23.122716741909
113.26915225355,23.122716741909
113.26922223155,23.122417782792
113.26923220274,23.122407978118
113.26947267913,23.120731617495
113.26951274355,23.120522309816
113.26973327755,23.119045680045
113.26977334198,23.118836369707
113.26978331317,23.118816593643
113.26983334879,23.118657387917
113.26992326917,23.118458712862
113.26993324036,23.118438936742
113.26995318274,23.118399301401
113.27000312853,23.118320113776
113.27049252537,23.117496908671
113.27088203064,23.116842213088
113.27092200524,23.116792855275
113.27093197643,23.116773078907
113.27095191881,23.11674341435
113.27096189,23.116703612314
113.27104183919,23.116514739444
113.27113175957,23.116315978087
113.27113193923,23.116314316201
113.27113193923,23.116314316201
113.27114191042,23.116244516991
113.27114191042,23.116194577295
113.27114191042,23.116174634649
113.27114191042,23.116124694927
113.2711221477,23.116044508812
113.27111235617,23.115974460176
113.27109250362,23.115924271095
113.27106276971,23.115863944459
113.27102297478,23.115813506053
113.27096323746,23.115762818343
113.27087358657,23.115701743782
113.27073416955,23.115610007246
113.27068440343,23.115579428387
113.27060472373,23.115528491304
113.2700665489,23.115211484384
113.26988715729,23.115149163144
113.26969788432,23.11505667837
113.26969689618,23.115055515039
113.26969689618,23.115055515039
113.2695972741,23.115014133691
113.26900924331,23.114736097227
113.26882994153,23.114643612166
113.26877020422,23.114612866893
113.26855101767,23.114489802635
113.26840162947,23.114377789963
113.26799325978,23.114051972151
113.26795346485,23.114021476029
113.26765468844,23.113787145914
113.26704707459,23.113308180521
113.26649919806,23.112939980931
113.26639966581,23.112888544257
113.26597126391,23.11270199266
113.26577201975,23.112648977058
113.26571237226,23.112618148226
113.26513449233,23.11245901816
113.26499507531,23.112416888132
113.26472612264,23.112322656422
113.26441728521,23.112247703109
113.26403873927,23.112131616797
113.26367016452,23.112015613481
113.26364034077,23.112005226359
113.26332162198,23.111920051933
113.26322208973,23.111888475059
113.26315247105,23.111877423151
113.2630529388,23.111845846267
113.26298332012,23.111834794356
113.26265463014,23.111759342185
113.26138936683,23.111457865461
113.26113038535,23.111403436707
113.26057262746,23.111263833084
113.2604830664,23.111242393943
113.25998504582,23.111133785529
113.25957667614,23.111036727591
113.25907865557,23.110918064193
113.25894920974,23.110885822299
113.25878994017,23.110843110087
113.25841148406,23.110736495692
113.25840825016,23.110733171782
113.25840825016,23.110733171782
113.25838848744,23.110582847829
113.25843870272,23.110203921025
113.25848873834,23.109974902459
113.25858880957,23.109556834528
113.25869903166,23.108948967557
113.25869903166,23.108948635161
113.25869903166,23.108948635161
113.25872921472,23.10868920018
113.25868950962,23.108608594077
113.25865977571,23.108548181017
113.25864001299,23.108517932927
113.25860030788,23.108467325531
113.25850077563,23.108455608545
113.25842118576,23.108424280144
113.2583316247,23.108422784358
113.2583316247,23.108422784358
113.25833090606,23.108422202663
113.25832273148,23.108423366052
