113.26046968165,23.111240399605
113.26047040029,23.11122943074
113.26047040029,23.11122943074
113.25998235091,23.111130960214
113.25957398122,23.111033902273
113.25907596065,23.110915238872
113.25894651483,23.110882996978
113.25878724526,23.110840284765
113.25840878915,23.110733670368
113.25840825016,23.110733171782
113.25840825016,23.110733171782
113.25838848744,23.110582847829
113.25843870272,23.110203921025
113.25848873834,23.109974902459
113.25858880957,23.109556834528
113.25869903166,23.108948967557
113.25869903166,23.108948635161
113.25869903166,23.108948635161
113.25886872157,23.108661694392
113.25899834705,23.108544109159
113.25899834705,23.10854402606
113.25899834705,23.10854402606
113.25934706925,23.10861017296
113.25942674895,23.108631612526
113.25991488816,23.108720196122
113.26009418994,23.108753352631
113.26086134285,23.108916725185
113.26137939564,23.109065638344
113.26145907534,23.109096966593
113.26151881265,23.109117990587
113.2618077077,23.10921297246
113.26201692306,23.109266571125
113.26232585032,23.109311859903
113.2628838777,23.109341276826
113.26306326931,23.109354323312
113.26329251688,23.109358145849
113.26371103742,23.109385152901
113.26388045784,23.109437920511
113.26409964438,23.109531489481
113.26434865467,23.109665527331
113.26461760734,23.109809869241
113.26476708538,23.109882247883
113.26501618549,23.110006230493
113.26538476024,23.110202092867
113.26552426709,23.110264333332
113.26565380274,23.110356405955
113.26569368751,23.110387069116
113.26607214362,23.110682980719
113.26677937955,23.111233834906
113.26684908805,23.111284856734
113.26693873894,23.111336210933
113.26703836103,23.111387731307
113.26775583764,23.111718458391
113.26784548853,23.11175975767
113.26897169414,23.112215960119
113.26916105695,23.112288586739
113.26929068243,23.112340356034
113.26951993,23.112433507474
113.2697092928,23.112516105574
113.26979903352,23.112547349912
113.2700083387,23.112630197232
113.27034726937,23.112764730531
113.270536722,23.112847245329
113.27117478841,23.113105508835
113.27159357843,23.113270787244
113.27159357843,23.113270704148
113.27159357843,23.113270704148
113.27165331575,23.113371416682
113.27165331575,23.113411385909
113.27166310728,23.11356145737
113.27168287,23.113781661587
113.27165259711,23.114201211932
113.27165250728,23.114201295027
113.27165250728,23.114201295027
113.27162232421,23.114440859424
113.27162232421,23.114480828329
113.27159232081,23.114680423388
113.27148200889,23.115408917878
113.27141194106,23.115817993161
113.27139199868,23.115877738155
113.27132202068,23.116126772287
113.27122212911,23.116345476551
113.27122167995,23.116345476551
113.27122167995,23.116345476551
113.27105172055,23.116743248162
113.27104183919,23.116773078907
113.27102198664,23.116812797828
113.27100213409,23.11683257419
113.27097222051,23.11689215254
113.27057283388,23.117526822341
113.27013347266,23.118250814179
113.27007364551,23.11835002726
113.27003376075,23.118419492991
113.270003937,23.118459045233
113.26999405564,23.118488875593
113.26991419628,23.118677745653
113.26986434033,23.118827063324
113.26985445897,23.118856893601
113.26981448437,23.119056315893
113.2695940402,23.120483090556
113.26958406901,23.120542916542
113.26955406561,23.120752473462
113.26930370786,23.122418779878
113.26930370786,23.122438804676
113.26929364684,23.122748648567
113.26927370446,23.122888323199
113.26917372305,23.12345682485
113.26916375186,23.12360663568
113.26916375186,23.123686651046
113.26916375186,23.123826657048
113.26916375186,23.123906672281
113.26917345356,23.124316801525
113.2691712078,23.124316801525
113.2691712078,23.124316801525
113.26920094171,23.124567232332
113.2692206146,23.124957501296
113.26917039932,23.125716682066
113.26917039932,23.125866656521
113.26917039932,23.125996606549
113.26916042813,23.126096478542
113.26915036711,23.126396343335
113.26913042473,23.126636051889
113.26913042473,23.12667601712
113.26912054337,23.126755864459
113.26908047894,23.127375282089
113.2690203823,23.128224348987
113.2689903789,23.128693871757
113.26896037549,23.129073410449
113.26893037209,23.129522989573
113.26892938395,23.129522989573
113.26892938395,23.129522989573
113.26888949919,23.129652354417
113.26884952459,23.130271758519
113.26879957881,23.130911017077
113.26877963643,23.131250751752
113.26874972285,23.131550272553
113.26874972285,23.131590236303
113.26874972285,23.131650223449
113.26872978047,23.131939939378
113.26867983468,23.132909199481
113.26863994992,23.133678637075
113.26863923127,23.133678637075
113.26863923127,23.133678637075
113.26862917025,23.133908445558
113.26860922787,23.13439813736
113.26858937532,23.134797848823
113.26857949396,23.135037708355
113.26855964141,23.1352674314
113.26855964141,23.135297424145
113.26855964141,23.135357409613
113.26854976005,23.135517259953
113.26852990749,23.135806967432
113.26852936851,23.135807050514
113.26852936851,23.135807050514
113.26849945494,23.135876590185
113.26849945494,23.135916552631
113.26842974643,23.136895587268
113.26840989388,23.137065322426
113.26836021758,23.137874614675
113.26835033622,23.13795445527
113.26835033622,23.138024492299
113.26835033622,23.138074506856
113.26835033622,23.138154513493
113.26834045486,23.138404336604
113.2683208718,23.139844112773
113.2683111701,23.140534003439
113.2683111701,23.140614008591
113.2683111701,23.140644000126
113.2683111701,23.140683961135
113.2683111701,23.140834001741
113.2683014684,23.141453852076
113.2682917667,23.142153786813
113.26828197517,23.142443645944
113.26828197517,23.142493658834
113.26828197517,23.142523649944
113.268282065,23.142863687171
113.2682920362,23.142943857072
113.2682920362,23.143043882456
113.2682823345,23.143613793085
113.26828242433,23.143733839545
113.26832239892,23.143884458236
113.26831269722,23.144224325819
113.2682532294,23.144763493088
113.26813393443,23.145371777472
113.26810420051,23.145471385643
113.26790522584,23.146118546164
113.26788537329,23.146178277509
113.26788537329,23.146258279254
113.26785563938,23.146427836271
113.26785581904,23.146717852204
113.26786588006,23.146837978927
113.26797628181,23.148049707542
113.26798634283,23.148229895775
113.26799640385,23.148330083317
113.26812692764,23.149822170904
113.26812531069,23.14982208783
113.26812531069,23.14982208783
113.26816555478,23.150402768786
113.26828619721,23.15182472026
113.2682961684,23.151874895753
113.26829625823,23.15201495506
113.26835626504,23.152255863365
113.26859647193,23.153459484542
113.26878664321,23.154392368579
113.26901696874,23.155545796259
113.26906727385,23.15607661052
113.26907733487,23.15620678014
113.26908730606,23.156256953973
113.26911748913,23.156547446804
113.26911775862,23.156547280666
113.26911775862,23.156547280666
113.26918800611,23.157048352304
113.26927792649,23.157219639953
113.26930810956,23.157500079388
113.26935832484,23.157840825794
113.2694185113,23.158241712568
113.26951858254,23.158633128406
113.26969860296,23.159195745112
113.26969851313,23.159195828179
113.26969851313,23.159195828179
113.26974854875,23.159366531579
113.26990853696,23.159788761963
113.27007858619,23.160361175627
113.27015889471,23.160862315902
113.27014919301,23.161052205456
113.27014928284,23.161152217167
113.2701494625,23.161302234593
113.27010984722,23.161521778061
113.27010966756,23.161521861127
113.27010966756,23.161521861127
113.27010975739,23.161601853605
113.2700900845,23.161761589219
113.27004076753,23.162210974391
113.27000124209,23.16252047612
113.2698930861,23.163919288651
113.26989272678,23.163919371715
113.26989272678,23.163919371715
113.27012260316,23.164492598163
113.27014263538,23.164542851921
113.2701526964,23.164602990277
113.27025276763,23.164984419659
113.27025276763,23.164984419659
113.27025276763,23.164984419659
113.27023300491,23.165164252599
113.27022312355,23.165204123149
113.27022321338,23.165284113402
113.27022330321,23.165354135983
113.27022339304,23.165434126146
113.27021360151,23.165494014908
113.27020380998,23.165593940201
113.27019401845,23.165673847155
113.27018422692,23.165723685149
113.27017434556,23.16576355553
113.27016455403,23.165813393489
113.27012493876,23.165952856612
113.2701150574,23.165992726924
113.27008532348,23.16610237022
113.27005558957,23.166221980985
113.27001588447,23.166351476128
113.269966298,23.166490855622
113.26993656409,23.166570429784
113.26993530646,23.166570512847
113.26993530646,23.166570512847
113.26988554034,23.166699841524
113.26984583524,23.166819285624
113.26980613013,23.166908744034
113.26976642503,23.166978184319
113.26974666231,23.167027938758
113.26966707244,23.167136833635
113.26956754019,23.16726549726
113.26946800794,23.167394160761
113.26937844688,23.167522907198
113.26929885701,23.167621834214
113.26924918072,23.167711125958
113.26917965187,23.167890207637
113.26907032809,23.168138728748
113.26895103312,23.168397133727
113.2689312704,23.168456855025
113.26882194662,23.168705375073
113.26882068899,23.168705375073
113.26882068899,23.168705375073
113.26880092627,23.168945173219
113.26873139742,23.169134220568
113.26873139742,23.169134220568
113.26873139742,23.169134220568
113.26986847253,23.169480169874
113.27033729818,23.169596538212
113.27081609502,23.169712906448
113.27119517994,23.169807844912
113.27143457836,23.169830852736
113.27151434789,23.169831849465
113.27189334298,23.169756596424
113.27214271259,23.169709750138
113.27245190935,23.169633500297
113.27329973009,23.169513394249
113.27329964026,23.169513062005
113.27329964026,23.169513062005
113.27330970128,23.169533162748
113.27342962507,23.169744552611
113.27347966068,23.169905109007
113.27347966068,23.169905192068
113.27347966068,23.169905192068
113.27415797117,23.169762576799
113.27422776951,23.169753440114
113.27463676801,23.169667804425
113.27490616983,23.169620625864
113.27495602579,23.169611239986
113.27548485824,23.169506500192
113.27578417364,23.169439470002
113.27597380593,23.169411312329
113.27629315354,23.169384317504
113.27629324337,23.169383569955
113.27629324337,23.169383569955
113.27625308911,23.169153158513
113.27625308911,23.169083221003
113.27624311792,23.169043185499
113.2762030535,23.1688528921
113.27615301788,23.168662515365
113.27614295686,23.168502455831
113.27611286362,23.168282259445
113.27602249409,23.167691357186
113.27602204494,23.167690775752
113.27604629919,23.167684795283
