113.22566034315,23.084314095029
113.22566681095,23.084324318088
113.22566681095,23.084324318088
113.2265067266,23.084743878385
113.22650663677,23.084743878385
113.22650663677,23.084743878385
113.22670659957,23.084813860381
113.22687655898,23.084833890851
113.22721656761,23.084814109723
113.22736658463,23.084804302272
113.22741662025,23.084794411707
113.22752657284,23.084794494821
113.22752657284,23.084794328593
113.22752657284,23.084794328593
113.22793673914,23.084114786786
113.22797680356,23.084024940061
113.22805684259,23.083975154477
113.22818682739,23.083955456336
113.22825680539,23.083955539451
113.22876659377,23.083956453711
113.22951622972,23.083958199116
113.23147480522,23.083955373222
113.23166461717,23.083956204367
113.23173450534,23.084026519236
113.23173450534,23.084026186778
113.23173450534,23.084026186778
113.23177430028,23.084326395945
113.23183403759,23.084806629464
113.23186395117,23.084906781788
113.23199357665,23.085387345665
113.23209328856,23.085777812924
113.23240248532,23.086669367221
113.23244237008,23.086779574786
113.23245234128,23.086819635129
113.23247228366,23.086849721936
113.23262194136,23.087180510131
113.23266182612,23.087320720858
113.23279145161,23.087721405234
113.2328014228,23.087741435266
113.23289116352,23.088001908512
113.2332501264,23.089013876306
113.23329998235,23.089174198026
113.23329989252,23.089174198026
113.23329989252,23.089174198026
113.2333598095,23.089164557119
113.23390912332,23.089108207668
113.23461815586,23.089043214613
113.23477796441,23.089024514559
113.23494774415,23.089005897615
113.23621579221,23.088866270445
113.23676483654,23.088811250651
113.23813223718,23.088674449071
113.23975879897,23.088512048956
113.23978871254,23.088512381403
113.24048705525,23.088460602819
113.24073642486,23.08844364803
113.24085616898,23.088435170634
113.24122528271,23.088399765035
113.24200330512,23.088339675229
113.24352925668,23.088200213584
113.24440681134,23.088122670186
113.24494525566,23.088070559002
113.24541390164,23.088027590116
113.24582272048,23.087983790096
113.24729818728,23.087826708312
113.24745763651,23.087819311335
113.24758726199,23.08780144223
113.24808564189,23.087809420993
113.24888297786,23.087872419962
113.24929152721,23.087969162382
113.24972001894,23.08808626716
113.24977984608,23.088097237936
113.24991935293,23.088139541904
113.25007880216,23.088182178306
113.25016845305,23.088203704282
113.25046740912,23.088298784226
113.25076636519,23.088373834168
113.25114500097,23.088480300292
113.25139410108,23.088554602127
113.25251994738,23.088904086151
113.25272916273,23.088967749492
113.2529184357,23.089031080356
113.25353602074,23.089281910177
113.25363564282,23.089313658649
113.25374523609,23.089345573336
113.25383488698,23.089367182234
113.25383470732,23.089365353789
113.25383470732,23.089365353789
113.25387459209,23.089286065736
113.25393441923,23.089187246493
113.25401427859,23.089028753239
113.25413402272,23.088811001317
113.25454302122,23.088048451221
113.25460284836,23.087949631057
113.25460284836,23.087949132385
113.25460284836,23.087949132385
113.25476238742,23.087652006554
113.25486209933,23.08745386689
113.25491195529,23.087364853546
113.2555303488,23.086226042657
113.25560014714,23.086087409925
113.25570983024,23.085899490865
113.25582957437,23.085631699512
113.25590943373,23.085383189983
113.2559693507,23.085134347535
113.2560093253,23.084945180418
113.25611918806,23.084397292418
113.25613922028,23.084257743521
113.25614919147,23.084208041139
113.25614919147,23.084138141937
113.25614919147,23.08413706145
113.25614919147,23.08413706145
113.25617910504,23.084077634632
113.25619904742,23.084048045885
113.25620901861,23.084028347755
113.25623893219,23.083988951486
113.25625887457,23.083959362719
113.25629875934,23.083930189518
113.25634861529,23.083891125678
113.25640844244,23.083842254305
113.25642838482,23.083832696126
113.25651803571,23.083784406533
113.25655792047,23.083765207052
113.25677719685,23.083629231424
113.25704632918,23.083464165469
113.25720577841,23.083367087309
113.25725563436,23.083318049513
113.25729551913,23.083278819263
113.2573254327,23.083229448975
113.25735534628,23.083170104866
113.25737528866,23.083110511386
113.25736549713,23.082960405514
113.25731582083,23.082849612977
113.25727611573,23.08278902197
113.25722643944,23.082748212373
113.25716679195,23.082707236534
113.25708720208,23.08267590206
113.25693781387,23.082643320848
113.2567485409,23.082669917756
113.25665897984,23.082718290869
113.25654929674,23.083096298711
113.25653923572,23.083626073064
113.25655908827,23.083766453771
113.25655908827,23.0838564669
113.25655908827,23.083916475618
113.25655908827,23.084016462384
113.25657894082,23.084096834069
113.25663867814,23.08417787062
113.25682795111,23.084281264876
113.25703716646,23.084364960971
113.25708693259,23.084385822651
113.25711684616,23.084396378162
113.25739577002,23.084511325119
113.25990626443,23.085545760149
113.26302464218,23.086829359319
113.2633434508,23.086964666771
113.26407080877,23.087226720677
113.2661038538,23.087809337881
113.26663205744,23.087987530137
113.26743936461,23.0883197284
113.26767858336,23.088433259064
113.26818693445,23.088680682439
113.26830649891,23.088742434321
113.26881485,23.088989690897
113.26905406876,23.089103054767
113.26977181486,23.089452952904
113.26999118107,23.089555927501
113.27005100821,23.089576705255
113.27004984042,23.089574793702
113.27004984042,23.089574793702
113.27008972518,23.089575375479
113.27011963875,23.089575791034
113.27016949471,23.089576455922
113.2702991202,23.089578201253
113.27036891853,23.089579115474
113.27049854402,23.089560914162
113.27061819831,23.089542546626
113.27069796784,23.089503650657
113.27075779499,23.089484535113
113.27081762214,23.089455363125
113.27087744928,23.089426191131
113.27091733405,23.089406826243
113.27097716119,23.089387710685
113.27104704936,23.08933867511
113.27117676468,23.089220407879
113.27179569717,23.088378405315
113.27182570058,23.088298867337
113.27182597007,23.088297953107
113.27182597007,23.088297953107
113.27187582603,23.088248584683
113.27203554475,23.088030665259
113.27224520925,23.087753320304
113.27256464669,23.087337260229
113.27265447724,23.087218409429
113.27279425358,23.087060163164
113.27301388928,23.086742838941
113.27301397911,23.086742340264
113.27301397911,23.086742340264
113.27304389268,23.086742755828
113.27304389268,23.086742755828
113.27304389268,23.086742755828
113.27351307765,23.086148082541
113.27409212538,23.085384602915
113.27434176448,23.085077414578
113.27438173908,23.085017905067
113.27469129515,23.084631258823
113.27483107149,23.084452812725
113.27501082242,23.084264725125
113.27542018024,23.08391888594
113.27579953466,23.083592660938
113.2761889501,23.083296356516
113.27641855699,23.083118490431
113.2773771388,23.0823367911
113.27753694735,23.082208211301
113.27785647462,23.081940828089
113.2779064204,23.081891291072
113.27821597648,23.081633714908
113.27836581384,23.081504885081
113.27858553937,23.081326601018
113.2791548854,23.080880598906
113.27921480238,23.080841118587
113.27935466855,23.080732152847
113.27949453471,23.080613129907
113.27953450931,23.080583457272
113.27959442629,23.080533919749
113.27974426365,23.080414896632
113.28024372151,23.080027987648
113.2812028423,23.079253168891
113.28144260004,23.079054351765
113.28165244421,23.07889534772
113.28172242221,23.07884572645
113.281772368,23.078805996174
113.28183228497,23.078766349004
113.28194223757,23.078686888392
113.28201221557,23.078647241186
113.28221208854,23.078538107411
113.2825318853,23.07840944082
113.28343135861,23.078022442881
113.28343117895,23.078019616861
113.28343117895,23.078019616861
113.28339120435,23.077949465051
113.28301158045,23.077138394393
113.2828817753,23.076878066095
113.28280191594,23.076707921495
113.28273202777,23.076567782691
113.28232240046,23.075726364928
113.2822025665,23.075465950746
113.28205272915,23.075155414686
113.28202281557,23.075075370075
113.28189301043,23.074814871497
113.28189301043,23.074804980188
113.28189229178,23.074804148986
113.28189229178,23.074804148986
113.28179240021,23.07483373979
113.28172251204,23.07483349043
113.28152281872,23.074842633655
113.28121317282,23.074911207821
113.28063385559,23.075038298515
113.28058399964,23.075018100329
113.28058355048,23.075017850969
113.28058355048,23.075017850969
113.28061355389,23.074978036429
113.28119296094,23.074851111917
113.28155264247,23.07461288916
113.28155264247,23.074482971963
113.28150278651,23.074392786247
113.28141295596,23.074222472225
113.28141268647,23.074222056622
113.28132833558,23.07427350827
