113.2722823991,23.189420355301
113.27224718552,23.189343618529
113.27224718552,23.189343618529
113.27195802098,23.189490115965
113.27195793115,23.189490115965
113.27195793115,23.189490115965
113.27246682122,23.189926285375
113.27253661956,23.189967145041
113.27262645011,23.189988239253
113.27273622304,23.189999533791
113.27283602479,23.189990813744
113.27289585193,23.189971629637
113.27332479281,23.189746652184
113.27332470298,23.189746319991
113.27332470298,23.189746319991
113.27397318973,23.189433476953
113.27449196116,23.189189065219
113.27457182052,23.189149949334
113.27510065298,23.188895405127
113.27523036829,23.188836772689
113.27545988535,23.18871909249
113.27562948543,23.188640777382
113.2756293956,23.188640362137
113.2756293956,23.188640362137
113.27601854154,23.188463966111
113.27722613364,23.1879046297
113.27853379697,23.187294796676
113.27901304296,23.18706823672
113.27929259564,23.186920158651
113.27946237538,23.186861359237
113.27946228555,23.186860860937
113.27946228555,23.186860860937
113.27975180941,23.186702650519
113.27979178401,23.186682967635
113.27982169758,23.186663201698
113.27987164337,23.186643601858
113.28186902567,23.185673821411
113.28194897486,23.185634206181
113.28201886303,23.18559459094
113.28323768394,23.185038896645
113.28348750271,23.184919718145
113.28367731466,23.184820305752
113.28377720623,23.184740659513
113.28386712661,23.184660930174
113.28396701819,23.184551219203
113.28400699278,23.184481372882
113.28404687755,23.184361529466
113.28408676231,23.184191688819
113.28408676231,23.184190443044
113.28408676231,23.184190443044
113.28404669788,23.184090365689
113.28398669108,23.183900260032
113.2839567775,23.183840296549
113.28375663504,23.183249795972
113.28361658921,23.182899480882
113.28347654338,23.18261917831
113.283386623,23.18246901894
113.28326660938,23.182268695444
113.28298660755,23.181817883416
113.28295669398,23.181777851766
113.28294681262,23.181757918989
113.28292687024,23.181727936765
113.28288689564,23.181657839794
113.28286695326,23.181637823946
113.28253691581,23.18108668098
113.28228691739,23.180695746806
113.28226697501,23.180655714815
113.28218693599,23.180455471628
113.28175655782,23.179373605015
113.28170661203,23.179253424752
113.28170490525,23.179251929766
113.28170490525,23.179251929766
113.28167481202,23.179141799034
113.28156476959,23.178881338658
113.28119448806,23.177969557194
113.28069404206,23.176706856565
113.28046371653,23.175955526116
113.28046371653,23.1758855922
113.28050351146,23.175685840135
113.28051348265,23.175636005893
113.28052345385,23.175606105339
113.28053333521,23.175536254296
113.28060295388,23.175206683121
113.2807423709,23.174737408232
113.28076231328,23.174687573633
113.28082214043,23.174547953598
113.280852054,23.174468135058
113.28088196757,23.174418383415
113.28093182353,23.174348697861
113.28100162187,23.174249111409
113.2812610525,23.173960401638
113.28166025947,23.173552253322
113.28178009342,23.173452832387
113.28228925299,23.173054898726
113.28235914115,23.173005229611
113.28243900051,23.172945593425
113.28281844476,23.172656963869
113.28286839055,23.172617178623
113.28290836514,23.172577393366
113.28306817369,23.172457954462
113.2832378636,23.17228851383
113.28337763994,23.172108939746
113.28353735866,23.171909431159
113.28368710619,23.171709839211
113.28390656223,23.171300354997
113.28395641818,23.171220534498
113.28400627414,23.171130746762
113.28401624533,23.171110812382
113.28434565396,23.170691525212
113.28448552013,23.170581885717
113.28460535408,23.170452145531
113.28501489156,23.170082775688
113.28531447645,23.169753107871
113.28536442224,23.169713238692
113.28540439683,23.169683336799
113.28563418338,23.169473608058
113.28578402074,23.1693037483
113.28585390891,23.169183808075
113.28603357001,23.168833871051
113.28613328192,23.168523885712
113.28625266673,23.167943865643
113.28625212774,23.167940210919
113.28625212774,23.167940210919
113.28632201591,23.167790117953
113.28635183965,23.16764019094
113.28643142952,23.167240163245
113.28652090075,23.166760145026
113.28653087194,23.166740209987
113.28655072449,23.166630234969
113.28657057704,23.166500324784
113.28658054824,23.166480389706
113.28663040419,23.166350396311
113.28665034657,23.166270489764
113.28666031777,23.166240587094
113.28668026015,23.166200633794
113.28672023474,23.166130694723
113.2868000941,23.165990733409
113.28682003648,23.165950780033
113.28688992465,23.165840804359
113.28689989584,23.165820869181
113.2870197298,23.165670856875
113.28703967218,23.165650921672
113.28718950954,23.165510876787
113.28728949094,23.16545090497
113.28738947235,23.165400900747
113.28749942494,23.165340845817
113.28754946056,23.165330878191
113.28768941656,23.165280790859
113.28790941158,23.165260606406
113.2881194354,23.165250389584
113.28826945242,23.165230205126
113.28838946604,23.16520005303
113.28844947285,23.16519000233
113.28855942544,23.165139831882
113.28862940344,23.165109762829
113.28881939506,23.164989403485
113.28906921382,23.164728832192
113.2895887039,23.163927345901
113.28997838883,23.163356110561
113.29013819738,23.163015544477
113.29024806014,23.162835210228
113.29029800593,23.162735116722
113.2904678755,23.162504527579
113.29058779928,23.162354096188
113.29075775869,23.162183479705
113.29124778434,23.161781441942
113.29153784719,23.161540135633
113.29190803889,23.161328400406
113.29215812715,23.161187188022
113.29242833744,23.161055777304
113.29276861557,23.160923951124
113.29307889029,23.160812143813
113.29341925825,23.160710055183
113.293739594,23.16062806857
113.29406001957,23.160585953846
113.29411005519,23.160575653596
113.29479097076,23.160500810626
113.29517158281,23.160507871286
113.29578261022,23.160562944416
113.29694492772,23.160762719303
113.29765647551,23.160885906745
113.298237769,23.160940065988
113.29853843186,23.160936992535
113.29873884382,23.160924947919
113.29913966774,23.160900692553
113.29967074595,23.160794866003
113.29991131217,23.160752169868
113.29991149183,23.160747684281
113.29991149183,23.160747684281
113.30006186817,23.160715952901
113.30049278533,23.160620924851
113.30079344818,23.160547410971
113.30111414325,23.160463596792
113.30121439414,23.160442414806
113.30129461282,23.160421482016
113.30136477048,23.160410683353
113.30143492814,23.160389916692
113.30174565202,23.160326038421
113.30221681326,23.160230013289
113.30252762697,23.160196038983
113.3031593154,23.160167630143
113.30336987821,23.160154837857
113.30472389411,23.160275699995
113.30487436028,23.160283508267
113.30490445351,23.160283176
113.30510504513,23.160310255748
113.30520538586,23.160318811618
113.30547622497,23.16033484349
113.30552635042,23.160344063892
113.30655967125,23.160438427608
113.30664995095,23.160437098542
113.30722181224,23.160488184505
113.30806460247,23.160564854946
113.30806478213,23.160563608948
113.30806478213,23.160563608948
113.30826546358,23.160560369353
113.30894781644,23.160639282548
113.30919862334,23.160635212289
113.30919862334,23.160635129223
113.30919862334,23.160635129223
113.30935915054,23.160632554161
113.3095798642,23.160608963273
113.30969017612,23.160577231861
113.30973033037,23.160556631358
113.30976042361,23.160536196986
113.30979051684,23.160505794621
113.30980048803,23.160475724516
113.30982052025,23.160445488271
113.30984055246,23.160395232957
113.30984055246,23.16036532896
113.30984055246,23.160315405884
113.30983049144,23.160185655636
113.30983049144,23.160115713388
113.30982052025,23.160065956351
113.30982016092,23.160064710348
113.30982016092,23.160064710348
113.30979006769,23.160035221611
113.30979006769,23.160035221611
113.30979006769,23.160035221611
113.30975988462,23.159995764839
113.30951886926,23.159679777976
113.30945868279,23.159600864209
113.30922772844,23.159334716801
113.30870563328,23.158843289658
113.30839446025,23.158558367406
113.3082840585,23.158430193726
113.30806316518,23.158133807193
113.30782197015,23.1576476089
113.30734964111,23.156664989475
113.30723914953,23.156456735357
113.30718893426,23.156267586836
113.30716881221,23.156117979054
113.30716881221,23.156078022699
113.30716881221,23.155978090225
113.30718875459,23.155877825397
113.307218758,23.155787445769
113.30726888345,23.155706702153
113.30732898008,23.155605855632
113.30740919877,23.155524696556
113.30764985481,23.155410974082
113.30788053967,23.155367362443
113.30829187376,23.155320843345
113.30854268066,23.155266847943
113.30859280611,23.15525613193
113.3087533333,23.155223568536
113.3090041402,23.155169573095
113.30938529123,23.155023369943
113.30956585063,23.15493041456
113.30988672536,23.154695076823
113.31070903423,23.154101206457
113.31078925291,23.154029931866
113.31102990895,23.153765850033
113.31114022087,23.153634016597
113.31122034972,23.15348274442
113.31160096177,23.152616145073
113.31166105841,23.15246520402
113.31169115164,23.152404727865
113.31173121607,23.152314096652
113.3117613093,23.152243651817
113.3118915636,23.151941436403
113.31359502034,23.1480313481
113.3137954323,23.147477822197
113.31412600872,23.146361957456
113.314246202,23.145839827226
113.31430611898,23.14524882483
113.31431618,23.145208699045
113.31431618,23.145188760762
113.31435606476,23.144678090468
113.31435471731,23.144674102796
113.31435471731,23.144674102796
113.31438463088,23.144343540959
113.31436441901,23.143773965776
113.31424314776,23.141135993253
113.31423308674,23.140776261882
113.31422311555,23.140686536585
113.31422311555,23.140616584042
113.31421314436,23.140526858636
113.31420317317,23.140397089007
113.31420317317,23.140367180496
113.31419311215,23.139967402746
113.31417307993,23.139677787438
113.31412277482,23.138578722329
113.31409268159,23.138019341297
113.3140827104,23.137879599521
113.31401246291,23.136910874242
113.31401246291,23.136860942327
113.31391221201,23.135152777634
113.31391113405,23.135151448314
113.31391113405,23.135151448314
113.31391113405,23.134961438554
113.31390116285,23.134781730778
113.31390116285,23.13471177512
113.31391122388,23.134591720489
113.3139212849,23.134511628619
113.31395137813,23.134421151335
113.31396143915,23.134371052316
113.31401165443,23.134220256648
113.31408190192,23.134119144526
113.31412205618,23.134058493832
113.31418224265,23.134027503809
113.31424242912,23.133986543795
113.31432273763,23.133955221422
113.31434276984,23.133954972173
113.31441301733,23.13394383902
113.31452341908,23.133942011189
113.31467397508,23.133959375584
113.31511558207,23.134081590949
113.31565752979,23.134311980315
113.31578796375,23.13435966995
113.31590842652,23.134417495686
113.31602888929,23.1344553815
113.31616938427,23.134512874863
113.31695216769,23.134818951826
113.31761457817,23.135017186964
113.31825686661,23.135165821582
113.3188490296,23.135245414561
113.32011357427,23.135353255495
113.32020385397,23.135351760013
113.32020376414,23.135350430696
113.32020376414,23.135350430696
113.32040453542,23.135316865421
113.32098654756,23.135286872681
113.32107682727,23.135265437423
113.32119729003,23.135223480801
113.32126753753,23.135182354992
113.32133778502,23.135141229169
113.32145824779,23.135049256829
113.32152849528,23.134938175425
113.32156864953,23.134817539421
113.32160880379,23.134596954707
113.32164895805,23.134376369626
113.32165901907,23.13434629359
113.32166908009,23.134246178561
113.32167914111,23.134126123508
113.32167914111,23.13385618618
113.32167914111,23.133506238909
113.32168929196,23.132986135133
113.32174947843,23.13291518152
113.32174947843,23.132785238272
113.32175953945,23.13239515851
113.32175953945,23.132345224895
113.32175953945,23.132285321148
113.32175953945,23.132225417374
113.32175962928,23.132223672603
113.32175962928,23.132223672603
113.32175962928,23.132073622253
113.3217096835,23.131354607862
113.32171974452,23.13109455201
113.32170986316,23.130754816934
113.32170016146,23.130045100989
113.32170025129,23.129705197053
113.32168048857,23.129195630317
113.32168021908,23.129195214886
113.32168021908,23.129195214886
113.32167024789,23.128815344197
113.32167033772,23.128695450401
113.32167033772,23.128585526887
113.32167060721,23.127935621985
113.32162120041,23.126456665182
113.32162129024,23.126256755486
113.32161149871,23.125927061697
113.32161158854,23.125777170399
113.32160170718,23.125697405559
113.32160170718,23.125647469421
113.32159200548,23.125187740336
113.32159209531,23.125057872605
113.32156272072,23.123928607913
113.32156299021,23.123558775999
113.321553558,23.122779142684
113.32154367664,23.122639384848
113.32154376647,23.122559451941
113.32154376647,23.122519568559
113.32153388511,23.12237981045
113.32153397494,23.122199919443
113.32153397494,23.1221799777
113.32153406477,23.122020111284
113.32153343596,23.12201853256
113.32153343596,23.12201853256
113.32165407839,23.121686501692
113.3217043835,23.121535774692
113.32173456656,23.121445371646
113.32174462758,23.121385296794
113.3217546886,23.121335192851
113.3217546886,23.121295309101
113.32176501912,23.120945245595
113.32176510895,23.120815373711
113.32176510895,23.120755464756
113.32177534963,23.120535438295
113.32177552929,23.120315577652
113.32177570895,23.120115658701
113.32177588861,23.119935764625
113.32178603947,23.119745733066
113.32178621913,23.119505845877
113.32178630896,23.119405968922
113.32178648862,23.119216102788
113.32178657845,23.119156193112
113.32178666828,23.119076258106
113.32177687675,23.118876503473
113.32177705641,23.118676582354
113.3217773259,23.118366728952
113.32178765642,23.118036683182
113.32178774625,23.117876811773
113.32178792591,23.11770688587
113.32179825642,23.117366867224
113.32180858693,23.117026847707
113.32182879881,23.11681662015
113.32184910051,23.116556369607
113.32184919034,23.116456490432
113.3218593412,23.116346390588
113.32186958188,23.116156353888
113.32187973273,23.116006285361
113.3218999446,23.115816081985
113.32192015648,23.115655875522
113.32193030733,23.115545775014
113.32196058023,23.115365376173
113.32196058023,23.115335462016
113.32197064125,23.115285355789
113.3219807921,23.115175254973
113.32199085312,23.115135203182
113.32203118704,23.114894642897
113.32207152096,23.114664053613
113.322091643,23.114563840632
113.32213197692,23.114373302807
113.32219252271,23.11405238763
113.32224291765,23.113841656786
113.32230346344,23.113520740324
113.3223639194,23.113249847005
113.32242437536,23.112978953132
113.3224747703,23.112728251163
113.32251510422,23.112547682299
113.3225856212,23.112236651231
113.32262595512,23.11203613843
113.32264616699,23.111925868725
113.32268650091,23.111765325178
113.32270671278,23.111645083584
113.32270680261,23.11158517049
113.32271686364,23.111545117615
113.32272692466,23.111475066605
113.32275728738,23.111254692366
113.32276743824,23.111154643005
113.32277758909,23.111014623632
113.32278773994,23.110874604112
113.3227879196,23.110664699201
113.32278809926,23.110514790661
113.32278818909,23.110384908568
113.32278836875,23.110234999712
113.3227588145,23.109765660912
113.32274893314,23.109675914635
113.32273914161,23.109566224659
113.32272926025,23.109536475392
113.32270949753,23.109346927533
113.32266961277,23.109177738597
113.3226597314,23.10912796244
113.32263978902,23.109088407417
113.32261984664,23.109068796099
113.32254977881,23.1089901015
113.32241952451,23.108862378488
113.32238952111,23.108822989584
113.3223595177,23.108783600668
113.32234963634,23.10872385248
113.32234792956,23.108717287656
113.32234792956,23.108717287656
113.32225773969,23.108608843374
113.32215757862,23.108510620201
113.32209748199,23.108471729788
113.32203738535,23.108442811268
113.32192716326,23.108404751827
113.32152580036,23.10844156478
113.32152535121,23.108441315482
113.32152535121,23.108441315482
113.32166476822,23.109508720484
113.32171453435,23.109897787264
113.32188386494,23.1111946129
113.32189383613,23.111224444893
113.32190380732,23.111334216596
113.32180364625,23.111265993618
113.32179385472,23.111136278455
113.32179358523,23.11113611226
113.32179358523,23.11113611226
113.32173393775,23.110647248659
113.32167429026,23.110188464777
113.32163449533,23.109909254829
113.32163431567,23.10990917173
113.32163431567,23.10990917173
113.32153388511,23.109920888588
113.32122289174,23.109876347903
113.32122289174,23.109876181706
113.32122208327,23.109877594378
