113.27460002731,23.126579302901
113.27459643409,23.12658320803
113.27459643409,23.12658320803
113.27467629345,23.126604063077
113.27481597996,23.126655494435
113.27501549361,23.126787520883
113.27524492084,23.126989756232
113.27550435147,23.127012272967
113.27556426845,23.12699291356
113.27558421083,23.126983192312
113.27564412781,23.126893873118
113.27564412781,23.126893623855
113.27564412781,23.126893623855
113.27554414641,23.127212596961
113.27553417521,23.127312468039
113.27553417521,23.127312468039
113.27553417521,23.127312468039
113.27509517331,23.126978207056
113.27481597996,23.126765502636
113.27473630026,23.126694794959
113.27427744581,23.12657008015
113.2737587642,23.126464558535
113.27330997077,23.126339677333
113.27307066218,23.126277028969
113.27224287366,23.126057344018
113.27118574773,23.125804340286
113.27112601042,23.125793621891
113.2710662731,23.125792957184
113.27099656459,23.125832091786
113.27088688149,23.125880698442
113.27088562386,23.125879867559
113.27088562386,23.125879867559
113.27085553063,23.126239390083
113.27073569667,23.126637796733
113.27073560684,23.126637796733
113.27073560684,23.126637796733
113.27016715912,23.126560275783
113.27005756584,23.126538922201
113.26971863517,23.126484416546
113.26964892667,23.12647353203
113.2694196791,23.126440463036
113.26938985536,23.126430160132
113.2691506366,23.126396924951
113.26899118737,23.126374740464
113.26899055856,23.12637407576
113.26899055856,23.12637407576
113.2690106806,23.126074377093
113.26901077043,23.125944510229
113.26903089248,23.125604928138
113.26906116537,23.124935482746
113.26904149248,23.124585345756
113.26904149248,23.124565404371
113.26902181959,23.124315222829
113.26902163993,23.124314724293
113.26902163993,23.124314724293
113.26901193823,23.123854658231
113.26901193823,23.123784779898
113.26901202806,23.123574895408
113.26902208908,23.123475104605
113.2690721247,23.123135931642
113.26912216032,23.122866719755
113.26915216372,23.12271724045
113.26915225355,23.122716741909
113.26915225355,23.122716741909
113.26922223155,23.122417782792
113.26923220274,23.122407978118
113.26947267913,23.120731617495
113.26951274355,23.120522309816
113.26973327755,23.119045680045
113.26977334198,23.118836369707
113.26978331317,23.118816593643
113.26983334879,23.118657387917
113.26992326917,23.118458712862
113.26993324036,23.118438936742
113.26995318274,23.118399301401
113.27000312853,23.118320113776
113.27049252537,23.117496908671
113.27088203064,23.116842213088
113.27092200524,23.116792855275
113.27093197643,23.116773078907
113.27095191881,23.11674341435
113.27096189,23.116703612314
113.27104183919,23.116514739444
113.27113175957,23.116315978087
113.27113193923,23.116314316201
113.27113193923,23.116314316201
113.27114191042,23.116244516991
113.27114191042,23.116194577295
113.27114191042,23.116174634649
113.27114191042,23.116124694927
113.2711221477,23.116044508812
113.27111235617,23.115974460176
113.27109250362,23.115924271095
113.27106276971,23.115863944459
113.27102297478,23.115813506053
113.27096323746,23.115762818343
113.27087358657,23.115701743782
113.27073416955,23.115610007246
113.27068440343,23.115579428387
113.27060472373,23.115528491304
113.2700665489,23.115211484384
113.26988715729,23.115149163144
113.26969788432,23.11505667837
113.26969689618,23.115055515039
113.26969689618,23.115055515039
113.2695972741,23.115014133691
113.26900924331,23.114736097227
113.26882994153,23.114643612166
113.26877020422,23.114612866893
113.26855101767,23.114489802635
113.26840162947,23.114377789963
113.26799325978,23.114051972151
113.26795346485,23.114021476029
113.26765468844,23.113787145914
113.26704707459,23.113308180521
113.26649919806,23.112939980931
113.26639966581,23.112888544257
113.2663987675,23.112887630196
113.2663987675,23.112887630196
113.26654860486,23.112550009005
113.26669862188,23.112082506523
113.26693864911,23.111336377128
113.26700862711,23.111137524918
113.26707860511,23.11095869894
113.26734845609,23.11027297553
113.26741843409,23.110084176606
113.26746837987,23.109965013767
113.26769807659,23.109538635954
113.26769816642,23.109488693735
113.26770813761,23.10945894445
113.26772808,23.109439333187
113.26774802238,23.109429693751
113.26774802238,23.109428696568
113.26774802238,23.109428696568
113.26802784454,23.108792990853
113.2681176751,23.108674408548
113.26837737522,23.108198333183
113.26848723798,23.108010029906
113.26921639256,23.106760706515
113.26941617571,23.106413679387
113.26963590124,23.106056845469
113.26969581822,23.105937762116
113.26986559796,23.105660205246
113.27007544212,23.105283175718
113.27008550315,23.1052333981
113.27008550315,23.105193509512
113.27007562178,23.105153454709
113.27007562178,23.105113566096
113.27005585906,23.105063372909
113.27001615396,23.104982930807
113.27001606413,23.104981767388
113.27001606413,23.104981767388
113.26976687418,23.104898416687
113.26971710806,23.104877807532
113.26966734193,23.104867170548
113.26956771985,23.104835924402
113.2695478673,23.104795703288
113.26952810458,23.104725565614
113.26952774525,23.104725150107
113.26952774525,23.104725150107
113.26915890101,23.104599999141
113.26888985851,23.104516315794
113.26803269539,23.10424407447
113.26771388677,23.104139449221
113.26758444095,23.10409764896
113.26751473244,23.104076707274
113.2674749375,23.104056181093
113.26690693893,23.103867705737
113.26649847941,23.103691529236
113.2662793827,23.103588233188
113.26593075033,23.103422859621
113.26566188749,23.103278760074
113.26546273316,23.103165740712
113.26507430586,23.102939618597
113.2648253854,23.102795684731
113.26473582434,23.102744327229
113.26441719538,23.102539229431
113.26432763432,23.102477899477
113.26396921042,23.102212136016
113.26380994085,23.102079586499
113.26353110682,23.101915042086
113.26336186607,23.101782326065
113.2626548098,23.101360575777
113.26257521993,23.101309300823
113.26233627067,23.101145337182
113.26227662318,23.10112439503
113.26214717736,23.101072288947
113.26209750106,23.101051512991
113.26209507564,23.101049435395
113.26209507564,23.101049435395
113.26234453508,23.100703723005
113.26244433682,23.10059552149
113.2625042538,23.100496627555
113.26275371324,23.100160969357
113.26305302863,23.099776195484
113.26348214917,23.099223548554
113.26374157981,23.098917971212
113.26395097482,23.098771539829
113.26400083078,23.098702479343
113.26425029022,23.098376706165
113.26431020719,23.098297755913
113.26434012077,23.098258363875
113.26442995132,23.098139938373
113.26463952599,23.097873501384
113.26501879058,23.097369796059
113.2654678535,23.096807166338
113.26557762644,23.0966490146
113.2656175112,23.09660970518
113.26573725533,23.096441746615
113.26588700285,23.096234228985
113.26591691643,23.096194753228
113.26609657753,23.095957732225
113.26623626404,23.095780049302
113.26704464916,23.09470272722
113.26709450512,23.094643554451
113.26709459495,23.094641642971
113.26709459495,23.094641642971
113.26649686246,23.094172581487
113.26649686246,23.094172581487
113.2664613794,23.094212639602
