113.28951189878,23.136225451136
113.28951189878,23.136221380128
113.28951189878,23.136221380128
113.28956193439,23.136531274901
113.28960199882,23.136781184154
113.28963200222,23.137171084849
113.28965203443,23.137391000631
113.28965203443,23.137391000631
113.28965203443,23.137391000631
113.2898921515,23.137380200091
113.28996221933,23.137370064199
113.29063271456,23.137337745653
113.2907228146,23.137327443595
113.29087292145,23.137316892294
113.29145340647,23.13713444603
113.29159354213,23.137143751128
113.29164357775,23.137133615218
113.29172361677,23.137123313144
113.29180365579,23.13710304132
113.29193382026,23.137082437168
113.2919939169,23.137072218171
113.29230428145,23.137040647284
113.29249445273,23.137049620063
113.29278478507,23.137048041519
113.2927848749,23.137047127625
113.2927848749,23.137047127625
113.29299507839,23.137125888663
113.29315524626,23.137184876329
113.29322531409,23.137214453234
113.29329538192,23.137233977311
113.2937760652,23.137420909814
113.29471748937,23.137784222766
113.29509810142,23.137891313908
113.29563897117,23.137986939828
113.29624002738,23.138061878597
113.29646047155,23.138089959855
113.29674101236,23.138117459542
113.29675107339,23.138127346135
113.29682123105,23.138136734244
113.29706170743,23.138184505584
113.2971518973,23.138203697195
113.29727209058,23.138242578893
113.29749253475,23.138310455676
113.29776310437,23.138407825983
113.29795354514,23.138525883229
113.29795336548,23.138525800149
113.29795336548,23.138525800149
113.29821396391,23.138793152483
113.29834421821,23.138951835559
113.29843440808,23.139060919678
113.29843449791,23.139060919678
113.29843449791,23.139060919678
113.29863490987,23.139268785741
113.29959726456,23.14049827942
113.29971754767,23.140646907892
113.29986792401,23.140815225905
113.29991804946,23.140864657857
113.30000823933,23.14086366091
113.30005836478,23.140863162437
113.30010849023,23.140872550352
113.30015861568,23.140891990811
113.3001986801,23.140911514346
113.30023874453,23.14094100734
113.30026883776,23.140970666485
113.300298931,23.141020347616
113.30029911066,23.141020264537
113.30029911066,23.141020264537
113.30034923611,23.141009630451
113.30041939377,23.140988860748
113.3005797413,23.140967011017
113.30221384885,23.140676650182
113.30239431843,23.140654385005
113.3028655695,23.14059822357
113.3030561001,23.140575709142
113.30321653746,23.140563579597
113.30321662729,23.140563081122
113.30321662729,23.140563081122
113.303306907,23.140551782366
113.30381831232,23.140544803722
113.30381831232,23.140544720643
113.30381831232,23.140544720643
113.30513217396,23.140585844789
113.30527257911,23.140593737301
113.30565373014,23.140588171003
113.30615525411,23.140600632863
113.30627562704,23.140598888203
113.30656649837,23.140584515524
113.30809137197,23.140530597196
113.30840236534,23.140515642956
113.30871335871,23.140510658209
113.30893407237,23.140517055301
113.30920500131,23.140512652108
113.31028871708,23.140514646007
113.3115631431,23.140513067504
113.31174379234,23.14051996307
113.31235598755,23.140519464595
113.31274737926,23.140522704681
113.31381115264,23.140524117026
113.3141623901,23.140527938665
113.31421260538,23.140527107874
113.31424269861,23.140526692478
113.31428285287,23.140526027845
113.31432300712,23.140525363212
113.31443340887,23.140513482899
113.31522625331,23.14046953404
113.31570801456,23.140431068391
113.31570810439,23.140429822203
113.31570810439,23.140429822203
113.31604937065,23.140393765839
113.31611961814,23.140382633227
113.31634042164,23.140358789495
113.31661144041,23.14032406238
113.31675193539,23.140311683573
113.31719354238,23.140263913
113.31734409838,23.140241315436
113.31771545788,23.140204843624
113.31793626137,23.140171030341
113.31804666312,23.14024904181
113.31804657329,23.140248377175
113.31804657329,23.140248377175
113.31844802602,23.140191301696
113.31844802602,23.140191301696
113.31844802602,23.140191301696
113.31884938892,23.140104234543
113.31914043991,23.140069175043
113.31925084166,23.14004732516
113.31948170617,23.140023398289
113.31991325214,23.139965907316
113.32000353184,23.13995444235
113.32027446078,23.139919798208
113.32051529649,23.139895705154
113.3212177714,23.139833644751
113.3216191343,23.13978687096
113.3217796615,23.139774242865
113.32182978694,23.139733450785
113.32188000222,23.139712680882
113.32191009546,23.13970221285
113.32197028193,23.139691246339
113.3220304684,23.139700218939
113.32206056163,23.139699803541
113.32208059384,23.139709440777
113.32213080912,23.139738601721
113.32217096338,23.139757959266
113.32219099559,23.139787618676
113.3222110278,23.139797255906
113.32223114985,23.139846937477
113.32224121087,23.139886732567
113.32225127189,23.139936580263
113.3222413007,23.139946715959
113.3222413007,23.139976707645
113.32223132951,23.140016918094
113.32221138712,23.140047242081
113.32219144474,23.140067596534
113.32216144134,23.140098086669
113.32212137691,23.140128742955
113.3220713413,23.140149595872
113.32207080231,23.140148349682
113.32207080231,23.140148349682
113.32206083112,23.140278534951
113.32202085653,23.140599220519
113.32189087172,23.141891509031
113.32188099036,23.141991701365
113.32181092253,23.142142903583
113.32175100555,23.142683990108
113.32168111738,23.143415238494
113.32167123602,23.143535451288
113.32164132245,23.143825972013
113.32164132245,23.143915944417
113.32162138007,23.144056261367
113.32160152751,23.144286633397
113.32160152751,23.144326676384
113.32160062921,23.144326676384
113.32160062921,23.144326676384
113.32166081568,23.144405682327
113.32165084449,23.144445891432
113.32162102074,23.144836434192
113.32152130883,23.146008304794
113.32151142747,23.146148453378
113.32150154611,23.146288601813
113.32150118679,23.146288601813
113.32150118679,23.146288601813
113.3215514919,23.146487733627
113.32156155292,23.14653757884
113.32162182922,23.146576541168
113.32169207671,23.146605368299
113.32171210892,23.146615005034
113.32178235641,23.146643832156
113.32178235641,23.146643832156
113.32178235641,23.146643832156
113.32281594673,23.146666345554
113.32384953705,23.146749171561
113.3244515814,23.146789379955
113.32496325622,23.146811145651
113.32499334946,23.146810730275
113.32672896553,23.146833575944
113.32760166934,23.146870461307
113.32760175917,23.146990504817
113.32760175917,23.146990338667
113.32760175917,23.146990338667
113.32727073359,23.146975302081
113.32688967239,23.146961179319
113.32676938928,23.146963006971
113.32668926043,23.146954284088
113.32565602943,23.146930441538
113.32554571752,23.146922300179
113.32496388504,23.146911666566
113.32494394265,23.146911998866
113.32439220341,23.146890980863
113.3233186385,23.146868716729
113.32283705691,23.146856836985
113.322726745,23.146848778696
113.32235556516,23.146855009332
113.32234559397,23.14684528954
113.32234442617,23.146844292638
113.32235394821,23.146842880361
