113.28823630495,23.144799215957
113.2882432219,23.144804699001
113.2882432219,23.144804699001
113.28816327271,23.144804865154
113.28812329812,23.144785009887
113.28809338454,23.144735164015
113.28807344216,23.144705256482
113.2880635608,23.14469537038
113.28806311165,23.144694954997
113.28806311165,23.144694954997
113.28797310144,23.144725111762
113.28794318786,23.144735164015
113.28781329289,23.144795311365
113.28763336229,23.144865510931
113.28643349562,23.145366211375
113.28628356843,23.145416223162
113.28600374627,23.145526132721
113.2859038547,23.145556123144
113.28581393431,23.14558611356
113.28577404955,23.145606051783
113.28553420198,23.145665866435
113.285334329,23.145705659778
113.28497455765,23.145745203882
113.28487466607,23.145755089906
113.28454489812,23.14579455092
113.28434511498,23.145814156808
113.28379544183,23.145872974457
113.28352568069,23.145902300195
113.28326589074,23.145921573765
113.28239660049,23.146008720173
113.28220687837,23.146027993727
113.28199712403,23.146047184203
113.28192723587,23.146056904053
113.28176751715,23.146076260676
113.28167768659,23.146085897449
113.28155785264,23.146095368069
113.28142804749,23.146114807762
113.28137819154,23.146114641611
113.28133830677,23.146124444532
113.28113861346,23.146153520988
113.28097889474,23.146182763589
113.2808391184,23.146202037118
113.28080920483,23.146211923109
113.28038978599,23.146329724177
113.28031001646,23.146359299041
113.28009047059,23.146488065928
113.28008750618,23.146487899777
113.28008750618,23.146487899777
113.27915892778,23.146932186115
113.27873968859,23.147169365291
113.27848025796,23.14730751885
113.27766190164,23.147741418117
113.27743247442,23.147909644044
113.27740265067,23.147929415769
113.27724302179,23.14801813927
113.27720322685,23.148047796831
113.27713342851,23.148087257162
113.27689403009,23.148225243615
113.27661474691,23.148392887409
113.27606606191,23.148707987385
113.27567709562,23.149014363865
113.27560738711,23.149063709685
113.27535810733,23.149251290092
113.27469991889,23.149784787922
113.27447058149,23.149972450382
113.27404182027,23.150297930725
113.27404011349,23.150297847652
113.27404011349,23.150297847652
113.27396034396,23.150376933107
113.27367126925,23.150603805091
113.27348190645,23.150731737126
113.27310300118,23.150917487575
113.27290366719,23.151005212204
113.27234528049,23.151198688005
113.2722556296,23.151227597203
113.27134816137,23.151456378392
113.27098928832,23.151551828379
113.27057058812,23.151656416232
113.27048093723,23.151675273604
113.26887575512,23.152013293621
113.2685070007,23.152088058316
113.2684672956,23.152187495294
113.26838770573,23.152256361796
113.26835788199,23.152256029509
113.2682682311,23.152274720652
113.26823840736,23.152284273902
113.26813878528,23.152262924464
113.26808901915,23.152232270985
113.26803925302,23.152191648884
113.26803925302,23.152191648884
113.26803727675,23.152191067381
113.26803727675,23.152191067381
113.26796747841,23.152200122207
113.26791771229,23.152209426247
113.26780811902,23.152217816497
113.26780802919,23.152217733425
113.26780802919,23.152217733425
113.26740927137,23.152321822322
113.26701069322,23.152395839197
113.26689121858,23.152424000489
113.26678162531,23.152442359322
113.26662226591,23.152479907697
113.26582501977,23.152677534918
113.2656357468,23.152734521948
113.26549632979,23.152772319454
113.26534694158,23.152799982237
113.26526735171,23.152828724943
113.26519773304,23.152857633785
113.2651579381,23.15286702085
113.26504843466,23.152895265114
113.26469980229,23.153009654317
113.26449067677,23.153106266182
113.26398259517,23.153277974285
113.26388306292,23.153306301531
113.26374364591,23.153344015803
113.26346472205,23.153439381359
113.26297667266,23.15365121227
113.26297487605,23.153651129199
113.26297487605,23.153651129199
113.26295493367,23.153630859903
113.26288513533,23.153519711003
113.26276548104,23.153347754001
113.262616003,23.15318526689
113.26238675544,23.153011398814
113.26228713335,23.15294975991
113.2621575977,23.152857633785
113.26162930423,23.152508650472
113.26143994143,23.152375486637
113.26085182081,23.151985298386
113.26072237499,23.151933129208
113.2595759575,23.151082968077
113.25947633541,23.151011276499
113.25937671333,23.150929616173
113.2590378725,23.150653648755
113.25873891642,23.150408417745
113.25867917911,23.150367462792
113.25792163807,23.149764019595
113.25780207361,23.149671974328
113.25733360728,23.149293657641
113.25686514096,23.148925308735
113.25648641536,23.148618599754
113.25644662042,23.148587945432
113.25637691191,23.148536771804
113.25641670685,23.148467571073
113.25641473058,23.148465577293
113.25641473058,23.148465577293
113.25641464075,23.148455608397
113.25641464075,23.148455608397
113.25640934074,23.148454528434
