113.28735596555,23.108797312
113.28735830115,23.10879897398
113.28735830115,23.10879897398
113.28731841638,23.108809028956
113.28701838234,23.108879247572
113.28696843656,23.108879247572
113.28658845332,23.108959354917
113.28592846827,23.10907918345
113.28567855967,23.109148986429
113.28555863589,23.109198845677
113.28555782741,23.109198928775
113.28555782741,23.109198928775
113.28516778316,23.109318507796
113.28492784576,23.109398199383
113.28409799113,23.109656635797
113.28338815012,23.109914822414
113.28338788062,23.109914822414
113.28338788062,23.109914822414
113.28327810769,23.109764497535
113.28327810769,23.109764497535
113.28327810769,23.109764497535
113.28283892613,23.109233248547
113.28283892613,23.109233248547
113.28283892613,23.109233248547
113.28261893111,23.109372438813
113.28232913775,23.109511379637
113.28232904792,23.109511379637
113.28232904792,23.109511379637
113.28210959188,23.109170592105
113.28192013925,23.108919966042
113.28177030189,23.108979298647
113.28150045092,23.109128045539
113.2815000916,23.10912796244
113.2815000916,23.10912796244
113.28113106769,23.108586323516
113.28113106769,23.108586323516
113.28113106769,23.108586323516
113.28063116068,23.108923705493
113.28015146553,23.109261003513
113.28010160958,23.109260837316
113.280071696,23.109270642961
113.28002184005,23.109290337348
113.28002148073,23.10929025425
113.28002148073,23.10929025425
113.2796123924,23.108917888569
113.27941296857,23.108726760946
113.27926340071,23.108615906798
113.2791936922,23.10852557805
113.27866494958,23.108132102979
113.27840560878,23.10798036339
113.27832583925,23.107929838888
113.27828604431,23.107909645701
113.27823618836,23.107889369413
113.27823537988,23.107888621517
113.27823537988,23.107888621517
113.27766657283,23.107604337647
113.27737722863,23.107472125912
113.27641945529,23.107004106946
113.27593068727,23.106789791602
113.2753721209,23.10654456257
113.27508295636,23.106421823233
113.27501324785,23.106391242257
113.27485370879,23.106329747881
113.27470414092,23.106268336577
113.27464440361,23.106247810736
113.27456472391,23.106217063518
113.2744950154,23.106196454568
113.27434544753,23.106154987357
113.27372705402,23.105978398387
113.27345783186,23.105905519012
113.27298918587,23.105770313954
113.27241076696,23.105623640824
113.27206177527,23.105529487393
113.27201200914,23.105508961437
113.27158333775,23.105373755975
113.2707757611,23.105123538251
113.27034717954,23.10498799999
113.27027747103,23.104967141546
113.26971926399,23.104789719981
113.26952999102,23.104727227645
113.26916123661,23.104602159783
113.26889219411,23.104518476437
113.26803503099,23.104246235117
113.26771622236,23.104141609871
113.26758677654,23.10409980961
113.26751706803,23.104078867924
113.2674772731,23.104058341744
113.26690927452,23.103869866391
113.26650081501,23.103693689892
113.26628171829,23.103590393846
113.26593308593,23.103425020282
113.26566422309,23.103280920738
113.26546506876,23.103167901378
113.26507664145,23.102941779266
113.264827721,23.102797845402
113.26473815994,23.102746487901
113.26441953097,23.102541390106
113.26432996991,23.102480060153
113.26397154602,23.102214296697
113.26381227645,23.102081747181
113.26353344242,23.101917202772
113.26336420166,23.101784486753
113.26265714539,23.101362736471
113.26257755553,23.101311461518
113.26233860626,23.10114749788
113.26233411473,23.101143508899
113.26233411473,23.101143508899
113.26249356396,23.101136195767
113.26266298438,23.101159049304
113.26283231497,23.101231931284
113.26283231497,23.101231931284
113.26283231497,23.101231931284
113.26286222854,23.101262430345
113.26290211331,23.101283123164
113.26290202348,23.101283123164
113.26290202348,23.101283123164
113.26322074227,23.101488389109
113.26423654614,23.102255100314
113.26423654614,23.102255100314
113.26423358173,23.102265571301
