113.46813096632,22.889568106177
113.46810985614,22.889507011229
113.46810985614,22.889507011229
113.46807994257,22.889516999506
113.46799999338,22.889576845915
113.46799011202,22.889616798997
113.46802011542,22.889686800097
113.46815998159,22.889896969649
113.46816995278,22.889956982359
113.46816995278,22.890007006804
113.4681500104,22.890026983282
113.46811012563,22.890056947994
113.46806017985,22.890096900933
113.46805964086,22.890096900933
113.46805964086,22.890096900933
113.46824954265,22.890347189177
113.46838940882,22.890537381295
113.46839938001,22.890627358303
113.46853924617,22.890827621438
113.46856924958,22.890867657382
113.46856924958,22.890867657382
113.46856924958,22.890867657382
113.46812934937,22.891086980898
113.4679594798,22.891176707834
113.46728961338,22.891516054897
113.46628961969,22.892005805191
113.46546955659,22.892416315107
113.46402903387,22.893108735617
113.46372891,22.893279447228
113.46351888617,22.893389981008
113.46296858422,22.893691701141
113.46288863503,22.893731985929
113.46268858239,22.893832697847
113.46264860779,22.893902863213
113.4625386552,22.893963290296
113.46162795307,22.894437051
113.46094739682,22.89478038497
113.46042691861,22.895043149307
113.46005654725,22.895235249105
113.45996653703,22.895275783126
113.45973630133,22.895397218652
113.45953615886,22.895498511943
113.45878526529,22.89586356667
113.45846492954,22.895995905006
113.45835488712,22.896046676282
113.45822481248,22.896097614003
113.45810470904,22.896148551704
113.45633181328,22.896793344754
113.45515970425,22.897224481271
113.45368675271,22.89776997518
113.45352649501,22.89782174455
113.45333614407,22.89789390536
113.45278494381,22.898100233459
113.45211346044,22.898348259555
113.45085044289,22.898814181163
113.44868471814,22.899603780592
113.44820340605,22.899740692848
113.4477722194,22.899847059842
113.4476419651,22.899879019861
113.44706031229,22.899967742166
113.44701027667,22.899978478726
113.44676962062,22.900012103296
113.44666936973,22.900023672144
113.44621806104,22.900060625867
113.4450644571,22.900148848677
113.44409141258,22.900224587082
113.44387078874,22.900248224113
113.4437204124,22.900260708459
113.44367037678,22.900271528225
113.44108163997,22.90045529765
113.43986749024,22.900546433208
113.43893433048,22.900622837218
113.43861327609,22.900648471669
113.43845274889,22.900651301446
113.43680696337,22.900760497491
113.43613467152,22.900802444729
113.43533185589,22.900776727079
113.43477993698,22.900686590421
113.43455922332,22.900630577491
113.43421804689,22.900546682895
113.43348547875,22.9003396095
113.4332145498,22.90024439558
113.43196015599,22.899786302493
113.43093662669,22.899383888396
113.43018411617,22.899126708952
113.42949188194,22.898938360068
113.42947193956,22.898928788642
113.42936162764,22.898920715351
113.4292112513,22.898913307899
113.42895047321,22.898897660694
113.4287399104,22.898901073117
113.4279574863,22.898993707867
113.4277669557,22.899026750077
113.4274861454,22.899121215793
113.4272956148,22.899204195755
113.4268242739,22.899431578899
113.42666383654,22.899534034356
113.42655361445,22.899625753146
113.4265466975,22.899624671164
113.4265466975,22.899624671164
113.4257242988,22.900287258498
113.42534332744,22.900592958095
113.42426042014,22.901448796739
113.42391960303,22.901723616081
113.42349856724,22.902049536774
113.4232179366,22.902243374319
113.42295733817,22.902426891358
113.42277695843,22.902509286682
113.42257654647,22.90262197677
113.42132350011,22.903078145944
113.41893822949,22.903886030143
113.41861771408,22.903999468114
113.41861681578,22.903999634567
113.41861681578,22.903999634567
113.41851656488,22.904000716514
113.41792539003,22.904006792059
113.41762490684,22.903989897049
113.41732433381,22.903912912371
113.41702385062,22.90381587
113.41685362173,22.903727566376
113.41682361832,22.903717912065
113.41654316734,22.903550542817
113.41598208572,22.903095540432
113.41467972239,22.902035970633
113.41440933243,22.90182798403
113.41426919677,22.901709051169
113.41375851009,22.901312635282
113.41364846767,22.901233401901
113.41358846086,22.901183881014
113.41293763852,22.900637984849
113.41262727396,22.900389879758
113.41253726375,22.900300491901
113.41154616328,22.899465619754
113.41123588856,22.8992270839
113.41087566805,22.898988714082
113.41023517622,22.898611266593
113.4097849455,22.898402858527
113.40930471137,22.898254292676
113.40922476218,22.898224579485
113.40893469934,22.898135356645
113.40876473993,22.89810580989
113.40822458883,22.897996944604
113.40785457679,22.897947588982
113.40711455271,22.897888412151
113.40693462212,22.897878590959
113.40686473395,22.897868686535
113.40653478634,22.897878757419
113.40616486413,22.897878757419
113.40483519231,22.897937601333
113.40448539215,22.897956994018
113.40433555479,22.897996694913
113.40422569202,22.898056454308
113.40412580045,22.898126284544
113.40404594109,22.898196114743
113.40398602411,22.898286003384
113.40395611054,22.89835591673
113.40391622577,22.898585798212
113.40391245289,22.898583384542
113.40391245289,22.898583384542
113.40392242408,22.898753423346
113.4039324851,22.898973483035
113.40395251732,22.899203529918
113.40399258174,22.899633659935
113.40407271059,22.900623919192
113.40408277162,22.900793955408
113.40411286485,22.901114052371
113.40415301911,22.901674178603
113.40415292928,22.901674012147
113.40415292928,22.901674012147
113.40418302251,22.901994107009
113.40426333102,22.903144311568
113.40439385481,22.904604690939
113.40439385481,22.904644722771
113.40453461929,22.906435157098
113.40503856868,22.912696703699
113.40506875174,22.91296675638
113.40511941617,22.913796967316
113.40517987214,22.914417125538
113.40525056878,22.915227354767
113.40525056878,22.915267383426
113.40520170096,22.916417557309
113.40520179079,22.916497530684
113.40518202807,22.91667753302
113.40513235177,22.916907549521
113.40508258565,22.917097537528
113.4050627331,22.917157538064
113.40502293816,22.917287525265
113.40491343472,22.917657430533
113.40480393128,22.918017348627
113.40469433801,22.918357210282
113.40461465831,22.918587140683
113.40427572764,22.91944669242
113.40395691901,22.920396195673
113.40387732915,22.920646094491
113.40381759183,22.920766009142
113.40368805618,22.921035712696
113.403209439,22.922034551457
113.40310981692,22.922234268386
113.40273091165,22.923003175784
113.40144471783,22.925658535246
113.40103607865,22.926486753643
113.40090654299,22.92675619604
113.40078697853,22.927005666929
113.40056779199,22.927464582312
113.40004955954,22.928531856141
113.39999979341,22.928631543376
113.39976066449,22.92913022807
113.39864460972,22.931443308597
113.39861478598,22.931493067931
113.39825618242,22.932250605733
113.39806690945,22.932629289818
113.39771827708,22.933376752975
113.39755891768,22.933695523982
113.3972999362,22.934243532087
113.39675205967,22.935409102755
113.39635366118,22.936245747916
113.39517813859,22.93871504795
113.39479959265,22.939501333677
113.39479617909,22.939501250472
113.39479617909,22.939501250472
113.39476626551,22.939570975905
113.39466673326,22.939770001043
113.39389967019,22.941402045936
113.39374031079,22.941730366201
113.39367069211,22.9418696483
113.39362101582,22.941999112295
113.39361113446,22.94201899782
113.39345186489,22.942387253921
113.39326268175,22.942865169952
113.39314329695,22.943233839736
113.39278523237,22.944869919248
113.39275549846,22.945059617978
113.3927456171,22.945109538652
113.392705912,22.94530905476
113.39267617808,22.945438681829
113.39262659162,22.945768156999
113.39258688652,22.945987723461
113.3925571526,22.946157369298
113.39242797627,22.94701591205
113.39227885756,22.947924202516
113.39221921007,22.948253505167
113.39208994391,22.948972011119
113.39206021,22.949171687863
113.39204044728,22.949321445226
113.3919708286,22.949730614766
113.39193112349,22.949960158496
113.39192869807,22.9499599921
113.39192869807,22.9499599921
113.39183913701,22.950458930123
113.39156039281,22.952085520047
113.39154054026,22.952225290546
113.39151071652,22.952374961294
113.39150083516,22.952444846411
113.39150083516,22.95246481358
113.39147110124,22.952854422378
113.39139160121,22.954103442462
113.39138171985,22.954383311878
113.39138171985,22.954443295705
113.39137183848,22.954633147251
113.39139178087,22.955083398831
113.39158132333,22.95685577133
113.39159129452,22.956975903126
113.39173080137,22.958327627972
113.39197981165,22.960600604688
113.3920096354,22.960880959654
113.39199975404,22.96092080828
113.39199966421,22.961570780114
113.3919696608,22.962020426001
113.39189977263,22.962369576444
113.39174014374,22.962827538654
113.39161042843,22.963135923948
113.39138091137,22.963553037427
113.39110153836,22.963939452722
113.39067259748,22.964413797807
113.39036340072,22.964669687231
113.3901639769,22.9648070321
113.39016244978,22.9648070321
113.39016244978,22.9648070321
113.38990301915,22.964983558733
113.38933457142,22.965275717284
113.38868644399,22.965516547957
113.38552584589,22.966218573129
113.38549602215,22.966218157189
113.38339272963,22.966853711817
113.38281467003,22.967023996686
113.38279481748,22.967033646433
113.38276499374,22.967043129804
113.38224676129,22.967284290041
113.3818480933,22.967517463875
113.38149928127,22.967731421099
113.38101087257,22.968042956179
113.38065208935,22.968296675802
113.3800938823,22.968736815815
113.37959550241,22.969157987938
113.3794061396,22.969364622166
113.37922674799,22.969551457832
113.37880795797,22.970063965189
113.37830939841,22.970715057158
113.37805014744,22.971110352535
113.37770097609,22.971774000269
113.37764114894,22.971892954077
113.3772720352,22.972616240861
113.37712246734,22.972903558066
113.37711258598,22.972933337869
113.37710270462,22.972963117665
113.37709282326,22.973012944738
113.3770429673,22.973192039225
113.37698305032,22.973420960394
113.37676332479,22.974166947875
113.37662354846,22.97455441386
113.3765736925,22.974673531558
113.37652383655,22.974772602133
113.37622443132,22.975417182943
113.37605492107,22.975704078216
113.37593526678,22.975901885035
113.3757956701,22.97612938747
113.37554630049,22.976484906039
113.37479828149,22.977371452434
113.37477842894,22.977391083156
113.37455906273,22.977647114094
113.37431975415,22.977922775185
113.37398064382,22.978326700005
113.37328248078,22.979134213262
113.37294337045,22.979528152857
113.37258431773,22.979951786348
113.37229506336,22.9802866663
113.37192603946,22.980710131028
113.37163678508,22.981045092257
113.37153707317,22.981153307762
113.37097841697,22.981823559871
113.37085876268,22.981951487975
113.37051965235,22.982315641557
113.37033019972,22.982522421792
113.36904319741,22.98389060684
113.36886371597,22.984067607323
113.3687241193,22.984195283747
113.3672777576,22.98530177992
113.36700853543,22.985507474244
113.36673922344,22.985713251427
113.36628036899,22.986066082868
113.36534253804,22.986781807149
113.3646840801,22.987292002685
113.36448456644,22.987439055748
113.36353658464,22.988155521239
113.36342690154,22.988233954598
113.36315749971,22.988430245727
113.36272837917,22.9887744199
113.36217942468,22.989277039023
113.36178021771,22.989641838016
113.36167044477,22.989750379248
113.36158061422,22.989859253084
113.36152078708,22.989938517174
113.36135109716,22.990156347624
113.36127132764,22.990255323542
113.36126485984,22.990255157196
113.36126485984,22.990255157196
113.36094515291,22.990811084432
113.36088532576,22.99090032867
113.36082549861,22.991009617431
113.36073566806,22.991178457579
113.3606858121,22.991267867916
113.36062598496,22.991347131169
113.36042620181,22.991704688533
113.36036628483,22.991813976636
113.36036556619,22.991813893464
113.36036556619,22.991813893464
113.36037544755,22.991904051923
113.36025552377,22.992172613983
113.36003561858,22.992659999928
113.36003561858,22.992749991472
113.35988578122,22.99306820508
113.35969587943,22.993545939924
113.3596957896,22.993695897079
113.35926595042,22.994710910465
113.35920603344,22.994830259696
113.35870621625,22.99598465651
113.35838650932,22.996571166109
113.35839648051,22.996601273311
113.3584064517,22.99664136079
113.3583764483,22.996781001519
113.35831662115,22.996860344667
113.3582967686,22.996880138862
113.35829551097,22.996880138862
113.35829551097,22.996880138862
113.35807542612,22.997477789107
113.35805548374,22.997547567468
113.35770559375,22.99834398632
113.35716571213,22.999598569241
113.35716553247,22.999598569241
113.35716553247,22.999598569241
113.35702557647,22.999927162395
113.3569256849,23.000166184089
113.35688580014,23.000255837906
113.35673587295,23.000604389417
113.35663598138,23.000813469987
113.35628618121,23.00155023936
113.35616625742,23.00181919784
113.35562646564,23.002964552371
113.35560661309,23.002994408635
113.35551678254,23.003153669651
113.35542695199,23.003312930477
113.35527711463,23.003571739309
113.35457760413,23.004676328432
113.35454769056,23.004736123351
113.35441788541,23.00493513462
113.35395831231,23.005581898402
113.35386848176,23.005681278698
113.35361875283,23.005969605881
113.35306925935,23.006626094698
113.35215990468,23.007720928564
113.35193011813,23.007999770877
113.35184028758,23.008109295121
113.35134065006,23.00869691569
113.3512208161,23.008846356851
113.35099102955,23.009105404433
113.35006146301,23.010191901892
113.34982161544,23.010501092586
113.34962174246,23.010780511209
113.34879197766,23.011938429049
113.34840211307,23.012527695931
113.34839932833,23.012527612772
113.34839932833,23.012527612772
113.3480793519,23.013027148718
113.34787947893,23.013346893985
113.34772955174,23.013596702236
113.34712966332,23.014566160055
113.34678974451,23.015115998671
113.34660981392,23.015415947486
113.34622992052,23.016035967074
113.34617997473,23.016136004836
113.34566003551,23.016996343119
113.34560011853,23.01709638016
113.34545019134,23.017336535277
113.34522022513,23.017696767142
113.34512033355,23.017836884767
113.34479038594,23.018367417825
113.34467046216,23.018577634728
113.34456050956,23.01876781089
113.34437060778,23.01905818866
113.34400068557,23.019679022858
113.34380072276,23.019989522027
113.34370083119,23.020159822282
113.34352090059,23.020430323168
113.34336100221,23.020690761867
113.34323110724,23.020901141415
113.34300114103,23.021281902606
113.3427511426,23.021672807428
113.3425112052,23.022153682815
113.34245128822,23.022323897152
113.34244904246,23.022324063458
113.34244904246,23.022324063458
113.34257929676,23.022803606053
113.34271952225,23.023103121811
113.34295981897,23.023532354492
113.34313004787,23.023841846861
113.34319014451,23.023981708572
113.34322023774,23.024111591908
113.34323029876,23.024251536488
113.34320038519,23.024381669016
113.34316050042,23.024521779616
113.34308064106,23.024682012744
113.34294068507,23.02486245148
113.34270065783,23.025053283886
113.34201039988,23.025385971885
113.34182040827,23.025476772865
113.34163041665,23.025577635052
113.34145039623,23.025668435901
113.34123031138,23.025769464245
113.34034970248,23.026204176279
113.33997951078,23.026416376436
113.33935905117,23.026860316031
113.33909899172,23.027262097136
113.33895903573,23.027473048361
113.33864903049,23.02799531127
113.33825898624,23.028658260428
113.33816906586,23.028798948574
113.33805911327,23.028979797481
113.3380492319,23.029009897367
113.33790927591,23.029230989968
113.33757914863,23.029743683923
113.33727911459,23.030336198029
113.3371291874,23.030687497949
113.33695931783,23.031098995778
113.33671956009,23.031831191036
113.33669970754,23.031931383238
113.33661975835,23.032042135028
113.33652004644,23.032573110426
113.33651735152,23.032573276719
113.33651735152,23.032573276719
113.33644755318,23.033024013804
113.33642770063,23.033164198463
113.3364179091,23.033324338054
113.33634900907,23.034655168764
113.33634918873,23.03483517827
113.33634927856,23.03491516394
113.33627175479,23.037746392917
113.33626232259,23.03828657446
113.33625298021,23.038856768331
113.33623366664,23.039477094586
113.33615443609,23.040278002096
113.33611455133,23.040378354229
113.33601456993,23.040539316564
113.33601358179,23.040539399706
113.33601358179,23.040539399706
113.33598357839,23.040589700395
113.33586356477,23.040720814666
113.33581361898,23.040751327607
113.33574364098,23.040802043924
113.33566360196,23.040842783247
113.33562362737,23.040863152904
113.3354634595,23.040924677562
113.33532332384,23.040966081979
113.33514312375,23.040997841984
113.33489267617,23.041020373292
113.33445187766,23.04104498313
113.33403111136,23.04107948678
113.3339209791,23.041080650758
113.33384094008,23.04109154227
113.33355042808,23.041104761737
113.33342026361,23.041116235236
113.33339026021,23.041116567801
113.3328891854,23.041162295503
113.33200713922,23.041202868433
113.33200543244,23.041202951575
113.33200543244,23.041202951575
113.3314340203,23.041270046536
113.33117342187,23.041283349127
113.3310532286,23.041294905752
113.32931869049,23.041428180996
113.32910821751,23.041441151007
113.3286068732,23.041478231927
113.32796512374,23.04152753457
113.32784484064,23.041539340597
113.32728322003,23.041577668605
113.32701247075,23.041601779494
113.32656116206,23.041638694087
113.32604966691,23.041676606362
113.32590935159,23.04168882808
113.32557841584,23.041714019781
113.32416394398,23.041826758818
113.32300018919,23.041916052059
113.32214742777,23.041980403017
113.32148528678,23.042031700851
113.32018085735,23.042154250216
113.319729369,23.042182102329
113.31936816036,23.042208457905
113.31917762976,23.042231820414
113.31901719239,23.042284614681
113.3188166906,23.042398184641
113.31858609558,23.04256230387
113.3184659023,23.042674460207
113.31837571243,23.042736067169
113.31837346667,23.042736067169
113.31837346667,23.042736067169
113.31835343445,23.042806486968
113.31831345986,23.042867179326
113.31820341743,23.043089163471
113.31804315973,23.043302084995
113.31790293424,23.043464623453
113.31771249347,23.043638053016
113.31766245785,23.04367895775
113.31676999133,23.044314891734
113.31657955056,23.044428293683
113.3165093929,23.044469530732
113.31581742817,23.044951903485
113.31545648901,23.045188350298
113.31537636016,23.04524978982
113.31467442424,23.045722266276
113.31423317657,23.046010091161
113.31389226963,23.046236143833
113.31353133048,23.046462528674
113.3125987097,23.047078912036
113.31251858084,23.047120314539
113.31213760948,23.0473669834
113.31173651607,23.047603924748
113.31159620075,23.047696373328
113.31146594645,23.047778595977
113.31126544466,23.047912031007
113.31093459874,23.048167760323
113.31075421899,23.048300862416
113.31041331205,23.048506708988
113.31037324763,23.048527410019
113.30954096757,23.049031466661
113.30908983854,23.049348964001
113.30901977072,23.049410152194
113.30834819752,23.049971236639
113.30826806866,23.050042567105
113.30818802964,23.050133850092
113.30812793301,23.050184812243
113.30794764309,23.050397722419
113.30787757526,23.050478862639
113.307767443,23.050610632255
113.30769737517,23.050691772345
113.30763736837,23.050772746115
113.30738701062,23.051166806675
113.30732700381,23.051277791875
113.30699669688,23.051943119191
113.3069667833,23.052023593393
113.30694684092,23.052093925146
113.30680688492,23.052546175715
113.30676708999,23.052776872794
113.30672729505,23.053007569474
113.30669747131,23.053218064257
113.30668776961,23.053438285339
113.3066880391,23.053698326978
113.30668812893,23.053748373296
113.30669827979,23.053898262739
113.30672882217,23.054397892995
113.30674903405,23.054557591389
113.30677921711,23.054677136443
113.30749417847,23.057756506873
113.30756451579,23.057895418534
113.30758463783,23.057985116652
113.30760475988,23.058044804522
113.30810799062,23.059997115161
113.308359606,23.061053271273
113.30863107392,23.061839002754
113.30867131801,23.06195837501
113.30869144005,23.062018061098
113.30934441833,23.063227571461
113.30986669315,23.063998992258
113.30991690843,23.064058178669
113.31029850861,23.064631836604
113.3106098613,23.065076646322
113.31117229038,23.065897183762
113.31116779885,23.065897100636
113.31116779885,23.065897100636
113.31128835145,23.066055039589
113.31135859894,23.066133842744
113.31140881422,23.066182970003
113.31153933801,23.06632070911
113.31162970754,23.066409154665
113.3116698618,23.066448473018
113.31169995503,23.066477982556
113.31175017031,23.066507159586
113.31179032457,23.066536502861
113.31184053985,23.066565679878
113.31189075512,23.066594856889
113.3119409704,23.066613975724
113.31197106364,23.066633427059
113.31204131113,23.066662188428
113.3121014976,23.066681141003
113.31223193156,23.066718879895
113.31226202479,23.066738331214
113.31232221126,23.066757283778
113.31238239773,23.066766261308
113.31245264522,23.066775072586
113.31285409795,23.066758198156
113.31285418778,23.066758115031
113.31285418778,23.066758115031
113.31294446749,23.066756535651
113.31303474719,23.066755039396
113.31309493366,23.066754041892
113.31315512013,23.066763019422
113.31322536762,23.066771830701
113.3132755829,23.066790949511
113.31332579818,23.066800093289
113.31337601345,23.066809237066
113.31340610669,23.066828688371
113.31343619992,23.066838164648
113.31347635418,23.066857449699
113.31350644741,23.066876900997
113.31354660167,23.066896186043
113.31358675593,23.066935504251
113.3136369712,23.066974656198
113.31368718648,23.067023783148
113.31371727972,23.067063267569
113.31374737295,23.067102751979
113.31377746619,23.067142236376
113.31379758823,23.067181887013
113.31380764925,23.067211728888
113.31382777129,23.067241404507
113.31382777129,23.067271412619
113.31383783232,23.067311229467
113.31384789334,23.067351046303
113.31384789334,23.067391029376
113.31384789334,23.067431012438
113.31384789334,23.067470995487
113.31384789334,23.067510978525
113.31383792215,23.067541152826
113.31383792215,23.067581135842
113.31381797976,23.067611476376
113.31380800857,23.067651625621
113.31378806619,23.067691941103
113.31376812381,23.067752289616
113.31374818143,23.067802663147
113.31371817802,23.067863177859
113.31369823564,23.067923526294
113.31367829326,23.067973899761
113.31365835088,23.068024273208
113.31364846951,23.068074480387
113.31362852713,23.068134828727
113.31360858475,23.068215210012
113.31359861356,23.068255359075
113.31359861356,23.068295341876
113.31358864237,23.068335490914
113.31358864237,23.068385531728
113.31357876101,23.068435738771
113.31357876101,23.068475721518
113.31358882203,23.068525512906
113.31359888305,23.068585362296
113.31360894407,23.06865518655
113.31361900509,23.068725010768
113.31362906612,23.068794834949
113.31364918816,23.06885451797
113.31365924918,23.068904309216
113.31365924918,23.068934316953
113.3136693102,23.068984108169
113.31367937122,23.069013949641
113.31367937122,23.069053932214
113.31368943225,23.069103723386
113.31368943225,23.069133731078
113.31367946106,23.069183937838
113.31367946106,23.069233978332
113.31366957969,23.069304134741
113.31366957969,23.069344117227
113.31365969833,23.069414273578
113.31364972714,23.069454422278
113.31363984578,23.069514603744
113.31362987459,23.069544777591
113.3136199034,23.06957495143
113.3135899,23.069645523276
113.31355989659,23.06970603715
113.3135499254,23.069716178208
113.31352998302,23.069746518256
113.31346988638,23.069827563554
113.31342982195,23.06985823607
113.31338975753,23.069888908578
113.31333972191,23.069919747326
113.31326956425,23.069960976476
113.31317937438,23.07001259602
113.31312924893,23.070033459952
113.31297878276,23.070056069468
113.31273803688,23.070080258322
113.31211596032,23.070161054047
113.31124298702,23.070276013313
113.31053063075,23.070368113651
113.30994870844,23.070437853846
113.30971802359,23.070461710138
113.30932681154,23.070508175865
113.30897575375,23.070553976593
113.30895581136,23.070554309085
113.30868497225,23.070578747216
113.30844431621,23.070602686606
113.30834406531,23.070614323808
113.30821372118,23.070626459745
113.30814356352,23.070637598208
113.30797306514,23.070640341262
113.30778253454,23.070663366289
113.30770240569,23.070664613132
113.30730122244,23.070710995666
113.30724112581,23.070721967875
113.30654907124,23.070812737941
113.30571661153,23.07089536192
113.30560638944,23.070906999097
113.30540588765,23.070930024078
113.30529566556,23.07095163597
113.30490463318,23.071027360687
113.30485459756,23.071038083503
113.30435325325,23.071185293548
113.30431318883,23.071195850106
113.30417287351,23.071217877568
113.30412283789,23.071228600368
113.30377195976,23.071273569624
113.30356148678,23.071306486111
113.30314036115,23.071322279373
113.30307029332,23.071323193719
113.30290994579,23.07130540552
113.30262922532,23.071299254459
113.30225831497,23.071314133375
113.30192755889,23.071338405122
113.30098523641,23.071440230039
113.30083494989,23.071452033412
113.3006947244,23.071473728342
113.30054443789,23.071485531712
113.30039415138,23.071507309759
113.29996323423,23.071562336715
113.29983297993,23.071573807588
113.29950231367,23.071627587684
113.29900132869,23.071693087987
113.29858056239,23.071757590792
113.29849046234,23.071778537572
113.29848309624,23.071778620694
113.29848309624,23.071778620694
113.29832274871,23.071840297307
113.29823264866,23.071881193373
113.29806241977,23.07194295306
113.29796234854,23.071973957576
113.29656988516,23.072567198082
113.29611920529,23.072761203861
113.29602910525,23.072791958821
113.29567858644,23.072944902302
113.29467715546,23.073342720771
113.29449695537,23.073414038708
113.29430678409,23.073495414256
113.29408660941,23.073586930517
113.29353594814,23.073810608961
113.29344593792,23.073851171939
113.2929354309,23.074074351214
113.29270528503,23.074175675313
113.29219486784,23.074398521562
113.29186465074,23.074530184369
113.29180464393,23.074560440198
113.29152446244,23.074671821487
113.29130437759,23.074762838217
113.29111429614,23.074843631097
113.29100425372,23.074894085063
113.29077419768,23.074994992936
113.29065418406,23.075045446844
113.29052419925,23.075095983853
113.29032414662,23.075186750932
113.29018410079,23.075247262284
113.28954378862,23.075529288044
113.28946383943,23.075559543645
113.28889368492,23.075810980726
113.28840356944,23.076031995606
113.28829361684,23.076072225428
113.28750346732,23.076403289802
113.28703347387,23.076603607037
113.2869035789,23.076653644739
113.28645361767,23.07682370629
113.28635372609,23.076863686516
113.28519392385,23.077342949573
113.2840043877,23.077850886733
113.28384457915,23.077920539886
113.28377469098,23.077950379352
113.28348489762,23.07806965403
113.28348112474,23.078069737148
113.28348112474,23.078069737148
113.28312135338,23.078238633235
113.28312135338,23.078238633235
113.28312135338,23.078238633235
113.28427055562,23.079711560924
113.28469033378,23.080242346169
113.28469024395,23.080242346169
113.28469024395,23.080242346169
113.28475025076,23.080252403307
113.28486020335,23.080262543561
113.28496018476,23.080312663003
113.28525006795,23.080583041689
113.28531007475,23.080653108993
113.28530998492,23.080653108993
113.28530998492,23.080653108993
113.28545991211,23.080813274566
113.28548991552,23.080923320753
113.28548991552,23.080923320753
113.28548991552,23.080923320753
113.2855098579,23.080993304762
113.28479983722,23.081962355076
113.28377999098,23.083100205119
113.28374001638,23.083220056982
113.28373983672,23.083220140097
113.28373983672,23.083220140097
113.28360985192,23.083379803887
113.28354993494,23.083469651048
113.28278008712,23.084397209304
113.28271019895,23.084476998959
113.28181054598,23.085443447353
113.28141080003,23.08586159119
113.28097107948,23.086389442922
113.28085124553,23.086538796904
113.28057142336,23.086957269746
113.28055148098,23.086987190296
113.27999174681,23.087853885967
113.27987191286,23.088033158619
113.27971201448,23.088282161863
113.27967212971,23.088341919247
113.27956226695,23.08855119455
113.27898241074,23.089647266483
113.27883248355,23.089936159885
113.27864258177,23.09028480917
113.27856263258,23.090454188397
113.2785027156,23.090563727939
113.27840282403,23.0907629434
113.27840102742,23.09076302651
113.27840102742,23.09076302651
113.27828110363,23.090972048669
113.27804125606,23.091420177771
113.27765139147,23.092147054588
113.2774815219,23.092445666333
113.27739169135,23.092564928003
113.27726179637,23.092793810378
113.27718193701,23.092943157162
113.27701206744,23.093251657055
113.27696221148,23.093341248215
113.27665238591,23.093928492671
113.27654252315,23.094107507802
113.27646266379,23.094236740952
113.27631282643,23.094515318992
113.27620296367,23.094704306269
113.2761630789,23.094763894549
113.27611313312,23.094863457614
113.2756735024,23.095559233477
113.2751839259,23.096324316775
113.27495413935,23.09674192773
113.27486421896,23.096921022175
113.27445450182,23.097666650839
113.27419462204,23.09818381815
113.27411476268,23.098342965326
113.27396492532,23.098631258081
113.27387509477,23.098790238511
113.27379523541,23.098949301856
113.27363542686,23.099237510189
113.27359554209,23.099307069027
113.27332587078,23.099683949314
113.27303616725,23.10020052704
113.27255665177,23.100954780097
113.27249682462,23.101054089209
113.27190726672,23.102166761713
113.2715076106,23.102881612936
113.27120793588,23.103407734993
113.2711879935,23.103447457914
113.27111810533,23.103576515771
113.2708983798,23.10399360531
113.27066868308,23.104420499543
113.27055891015,23.104609057217
113.27040907279,23.104897003962
113.27038922024,23.104916698998
113.27034933547,23.10498617176
113.27033936428,23.105046004732
113.27032948292,23.105085893365
113.27017973539,23.105343839567
113.27004993025,23.105582007232
113.26998013191,23.105701007804
113.26995030817,23.105740563836
113.26984053523,23.105939008627
113.26974073349,23.106097647906
113.26935131805,23.106712175956
113.26860213126,23.108061302272
113.26850232951,23.108229827836
113.26821280565,23.10872551446
113.26794313434,23.109291417631
113.26785330378,23.109490023311
113.26784333259,23.109539882431
113.26781350885,23.1095694655
113.26780775969,23.109569548599
113.26780775969,23.109569548599
113.26761794774,23.109916650576
113.26755812059,23.11003573036
113.26752820702,23.110115255321
113.26745831885,23.110304137298
113.26723859332,23.110830728528
113.26721865094,23.110900447489
113.26718873737,23.110999998455
113.26703890001,23.11138764821
113.26664903542,23.112601445811
113.26649928789,23.112939066871
113.26628971321,23.113305770732
113.26627983185,23.113325630713
113.26567105021,23.114215919852
113.26566979258,23.114215919852
113.26566979258,23.114215919852
113.26712459835,23.114898382179
113.26756306127,23.115104956594
113.26797170045,23.115291006243
113.26846001933,23.11552807583
113.26920749934,23.115878652195
113.26930721125,23.115930004617
113.26940692316,23.11597138568
113.27011460824,23.11631099243
113.270353827,23.116414195483
113.27035391683,23.116414112389
113.27035104225,23.116417269969
