113.32776174738,23.124410692361
113.32776228636,23.124407950417
113.32776228636,23.124407950417
113.32777234738,23.124417838032
113.32777234738,23.124567813955
113.32777234738,23.124667770114
113.32778213891,23.125087535303
113.32778213891,23.125247481112
113.32765179478,23.125259445881
113.32765152529,23.12525952897
113.32765152529,23.12525952897
113.3271399403,23.125307138771
113.3267688503,23.125332730071
113.32656834851,23.125345774985
113.32624738395,23.125370701569
113.3250134715,23.12549009984
113.32493334265,23.125491346168
113.32456216281,23.125537294116
113.32362909288,23.12562254289
113.32318766555,23.125659849597
113.32229466005,23.125744849027
113.32215425489,23.125757229193
113.32206397519,23.125818797655
113.32199381753,23.12589000433
113.32192365987,23.125961210966
113.32191368868,23.125981401405
113.32182340898,23.126082935173
113.32182197169,23.126083018261
113.32182197169,23.126083018261
113.32183194288,23.126362858883
113.32183194288,23.126392853641
113.32188134968,23.128061831074
113.32189132087,23.128211636703
113.32189132087,23.12825160146
113.32190129206,23.12842143077
113.32186104798,23.128902086419
113.32182098355,23.129012757447
113.32176079708,23.129103736939
113.32178064963,23.129733363166
113.32178064963,23.12990335675
113.32180050218,23.130742935745
113.32182035474,23.131622556251
113.32181999541,23.131622639336
113.32181999541,23.131622639336
113.32194036835,23.131890587182
113.32193039716,23.132130784311
113.32193039716,23.132250758086
113.3219302175,23.132250758086
113.3219302175,23.132250758086
113.32197001243,23.13458997575
113.32197001243,23.135009958781
113.32198007346,23.135159756561
113.32202022771,23.135169061798
113.32207044299,23.13519822374
113.32211059725,23.135237521732
113.32214069048,23.135267015988
113.32216072269,23.135286706516
113.32217078372,23.135306563207
113.32218084474,23.135336389777
113.32219090576,23.13535624646
113.32219090576,23.135396209063
113.32220096678,23.135426035614
113.32220096678,23.135465998196
113.32219099559,23.13549615706
113.3221810244,23.135536285786
113.32216108202,23.135566610798
113.32214113963,23.135596935804
113.32212119725,23.135627260802
113.32209119385,23.135657751958
113.32206119044,23.13567827325
113.32203118704,23.135698794539
113.32199112261,23.135709512133
113.32196111921,23.135720063563
113.32194117683,23.135730365745
113.32189105138,23.135731196567
113.32185098695,23.135731861223
113.32180086151,23.135732692045
113.32176079708,23.13572346993
113.32173079368,23.135704028713
113.32169072925,23.135694806596
113.32165066483,23.135665561681
113.32164886821,23.135665478599
113.32164886821,23.135665478599
113.32149840204,23.1357380093
113.32109703914,23.135934913751
113.32078604577,23.136080307146
113.32042483713,23.136266576622
113.31971239103,23.136608956186
113.31950173839,23.136692619293
113.31874913803,23.137065820913
113.31872919565,23.137076206072
113.31860882271,23.137098305688
113.3185788193,23.137108857008
113.31829791917,23.137243780888
113.31825785475,23.137264468097
113.3180472021,23.137358183604
113.31800713768,23.137378870794
113.31745521877,23.137628612287
113.31723450511,23.137722493698
113.31683314221,23.13784960736
113.31644184033,23.137926540146
113.31608063168,23.137962929503
113.31539827882,23.138015021101
113.31500697694,23.138012030197
113.31468592255,23.138017679683
113.31458567165,23.138019424377
113.31447535974,23.138021335233
113.31431483254,23.138014273375
113.3141944596,23.138016433473
113.31417451722,23.138016765795
113.31412439177,23.138017679683
113.31409438837,23.138018178167
113.31292030307,23.138028729413
113.31258918766,23.138024575379
113.31173624658,23.138029310978
113.31167614994,23.138030307946
113.311555777,23.138032384963
113.3111544141,23.137979296403
113.31021128314,23.137985278214
113.31009100004,23.137987272151
113.30996065591,23.137989432249
113.30995733218,23.137989515329
113.30995733218,23.137989515329
113.3095660303,23.13798602594
113.30935537765,23.137979628726
113.30874345194,23.137949719669
113.30836230091,23.137906019202
113.30686752054,23.137689842914
113.30686707139,23.137689427509
113.30686707139,23.137689427509
113.30614483376,23.137580591504
113.30506156715,23.137376876848
113.30499140949,23.137358017441
113.30481093991,23.137340736573
113.30453021944,23.137294875795
113.30433977867,23.137267708262
113.30431983629,23.137267957505
113.30371815126,23.137246522567
113.30359786815,23.13722824471
113.30191336566,23.137220850485
113.30184329783,23.137221764378
113.30039972087,23.137259566309
113.2986758726,23.137259067822
113.29831520294,23.137262889555
113.29813491302,23.13726471734
113.29783434,23.137257821605
113.29753385681,23.137250842787
113.29731350247,23.137253002897
113.29615145446,23.137243697807
113.29614983751,23.137242700833
113.29614983751,23.137242700833
113.29520823367,23.137240540723
113.29432699597,23.137217277994
113.29341584469,23.137143501884
113.29322567341,23.137134778355
113.29299543771,23.137126304069
113.29280526643,23.137117497457
113.29266522061,23.13711832827
113.29231488146,23.137120239138
113.29194459993,23.137152142332
113.29178452188,23.137182965462
113.29164447606,23.13720365268
113.29161456248,23.137213788584
113.29157458789,23.13722400757
113.29127437419,23.137325366568
113.2909542181,23.137426725488
113.29076413666,23.137467518277
113.29065409423,23.137487956208
113.29043400938,23.13750880954
113.29026396015,23.137509391107
113.28989376845,23.137520607042
113.28977375483,23.137521022447
113.28921348168,23.137532653785
113.28888344424,23.137533484595
113.28793321667,23.137565221527
113.28745316221,23.137555916458
113.28508334244,23.137545697499
113.28434367769,23.137524594929
113.28434143192,23.1375238472
113.28434143192,23.1375238472
113.28415153014,23.137523514876
113.28410167418,23.137523514876
113.28402181482,23.137523431795
113.2835921553,23.137512465104
113.28359179597,23.13751213278
113.28359179597,23.13751213278
113.283251967,23.137501166088
113.28230272757,23.137448077316
113.28225287161,23.137457880878
113.28197322911,23.137446831101
113.28179347818,23.137446166452
113.28100431678,23.137422571435
113.28094448964,23.137422322192
113.2808746913,23.137412020141
113.28035538088,23.137399308738
113.27990595864,23.137386763497
113.27985610268,23.137386514253
113.27902723619,23.137361340685
113.27877768692,23.137359679063
113.27869791739,23.137359180577
113.27862811905,23.137368651821
113.2783586274,23.137376710686
113.27815902391,23.137395237766
113.2780293086,23.137394323874
113.27800945605,23.137394240793
113.27791971533,23.137403545873
113.27789986277,23.137403462792
113.27772020167,23.137422072949
113.27750065581,23.137430297973
113.27725119637,23.137448243478
113.27673215544,23.137483885238
113.27616325856,23.137538801778
113.27544470399,23.137592056675
113.27532504969,23.137590976623
113.27504567668,23.137608174378
113.27475633247,23.137625205969
113.27454684763,23.137633015576
113.27376864557,23.137684691899
113.27353921834,23.137692169179
113.27270127896,23.137732546482
113.27227242791,23.137757470737
113.27219274821,23.137756556848
113.27105576293,23.137802334385
113.2700386116,23.137848942714
113.2698392776,23.137856253823
113.26980945386,23.1378559215
113.26976965893,23.137855423015
113.26976588604,23.137854426046
113.26976588604,23.137854426046
113.26940692316,23.137889486132
113.26915773321,23.137906019202
113.26892848565,23.137932771201
113.26892830599,23.137932771201
113.26892830599,23.137932771201
113.26886847884,23.137941910081
113.26877882795,23.137960603243
113.26840001252,23.138015187263
113.26835024639,23.138024492299
113.26830048027,23.138033797334
113.26825071414,23.138043102369
113.26794169705,23.138088547484
113.26734360524,23.13816963416
113.26723401197,23.138187994968
113.26687522875,23.138222556482
113.26536014667,23.138458920441
113.26528046697,23.13847761353
113.26511113639,23.138504863896
113.26489194984,23.138511344165
113.26481227014,23.138520067604
113.26369612555,23.138581796301
113.26352679496,23.138619016282
113.2628591743,23.138667867491
113.26273969967,23.138675843197
113.26195251455,23.138742473555
113.26176324158,23.138749203053
113.26162382457,23.138766816059
113.2615442347,23.138775456401
113.26142476007,23.1387834321
113.26127537186,23.138790826238
113.26105627515,23.138807026875
113.26081723605,23.13883286481
113.26076746992,23.138832117088
113.26070773261,23.138841089746
113.26065796648,23.138840342025
113.26023953578,23.138893014839
113.25980116269,23.138935302619
113.25974142537,23.13894427527
113.259392793,23.138978171946
113.25900427587,23.1390212905
113.25648363061,23.139336412759
113.2563342424,23.139353776448
113.25627459492,23.13936274907
113.25618503386,23.139381109713
113.25588625745,23.139475737601
113.25578672519,23.139503984718
113.25547797759,23.139608499001
113.25540835891,23.139627275008
113.25533874024,23.139656020571
113.2547211552,23.139845026647
113.25459170938,23.139892714292
113.25378476154,23.140148432761
113.25372511405,23.140167374851
113.25357572584,23.140214730062
113.25307761544,23.140375986891
113.252968112,23.14041403716
113.25236040832,23.140613427038
113.25228081845,23.140632036745
113.25189230132,23.14076529546
113.25180274026,23.140793708461
113.25100567378,23.141050006744
113.25069683635,23.141144716519
113.2497901766,23.141459418337
113.24966073077,23.14149721906
113.24899319995,23.14174612201
113.2486943337,23.141851216072
113.24865453877,23.141860603917
113.24845529461,23.141937368218
113.2483059064,23.141984972031
113.24828605385,23.141994609101
113.24805689611,23.142060905479
113.24800712999,23.142080096529
113.24798727744,23.14208981667
113.24706049564,23.142395128438
113.24674159719,23.142490169563
113.24568510008,23.142843997769
113.24534625924,23.142948924805
113.24529649311,23.142968198805
113.24529029481,23.142967866494
113.24529029481,23.142967866494
113.24493142175,23.143072544201
113.24489162682,23.143111922935
113.24486180308,23.143121476846
113.24486162342,23.143121559923
113.24486162342,23.143121559923
113.24449277917,23.143256228452
113.24443304186,23.143265366965
113.2441938231,23.143341964297
113.24413408578,23.143361155162
113.24368556184,23.143504878867
113.2430973514,23.143696787154
113.24266868001,23.143831039713
113.2425989715,23.14385014743
113.24259843252,23.143849981276
113.24259843252,23.143849981276
113.24257849013,23.143859701287
113.24250878163,23.143878809
113.24241913074,23.143917605956
113.24236936461,23.143926910578
113.24227971372,23.14396570752
113.24215017807,23.144014058297
113.24183118978,23.14410992903
113.24174153889,23.144128787476
113.24168180157,23.144148061304
113.24164200664,23.144167584359
113.24157229813,23.144186692028
113.2415325032,23.144196162784
113.2414528235,23.144235125801
113.24130334546,23.144293279537
113.24115386743,23.144351433246
113.24107418773,23.144380427015
113.2410244216,23.144399783883
113.24096468429,23.144419057671
113.2408650622,23.144467823666
113.24024675852,23.144720459479
113.23999747874,23.144827545017
113.23982796849,23.144905636821
113.23969843284,23.144974174802
113.23958883957,23.145022940593
113.2390702478,23.145337217822
113.2387312273,23.145553630865
113.2385018899,23.145711225861
113.2380132117,23.146056239448
113.23787361503,23.146174871411
113.23766422001,23.146352819156
113.23738502666,23.146600134556
113.23675666196,23.147144359731
113.23650729235,23.14735213004
113.23602849551,23.147778054003
113.23597872938,23.147827649508
113.23565956144,23.148105035075
113.2356197665,23.148134692617
113.23435261675,23.149365184001
113.23419307769,23.149524103639
113.23382396396,23.149881651359
113.23370430966,23.150000861409
113.23366451473,23.150040570377
113.23277636007,23.150995326572
113.23272659395,23.151055055718
113.23207801737,23.15183169831
113.23202825124,23.151901478789
113.23186862236,23.152100685238
113.2317090833,23.152319911672
113.23163928496,23.152399577422
113.23114027625,23.152997442838
113.23087087443,23.153326404735
113.23075122013,23.153475932599
113.23065150822,23.153595554769
113.23062168448,23.153635428802
113.23061629464,23.153635594944
113.23061629464,23.153635594944
113.23054649631,23.153715342973
113.23054649631,23.153715342973
113.23054649631,23.153715342973
113.23050643188,23.153675219752
113.23051640307,23.153625294153
113.23060623362,23.153515723597
113.23064620822,23.153475932599
113.2308857863,23.153186928313
113.23107541859,23.152957734756
113.23157451713,23.152349900558
113.23201369869,23.15181201024
113.2320037275,23.151732011848
113.23198378512,23.151682002445
113.23198351563,23.151681254796
113.23198351563,23.151681254796
113.23263227187,23.15089464261
113.23275201599,23.150755412846
113.23287176012,23.150626151669
113.23296159067,23.150526713519
113.23321113994,23.150268273667
113.23331094168,23.150158949553
113.23336088747,23.150109354922
113.23352051636,23.149930415343
113.23356040112,23.149900758203
113.23361025708,23.149851163475
113.23366011303,23.149801568728
113.23366020286,23.149800654922
113.23366020286,23.149800654922
113.23366020286,23.149800654922
113.23366020286,23.149800654922
113.23365526218,23.149792015299
