113.28495748984,23.087688492811
113.28495722035,23.087692149747
113.28495722035,23.087692149747
113.2848071135,23.088051858812
113.28480702367,23.088051858812
113.28480702367,23.088051858812
113.28495695086,23.08811203186
113.28503690005,23.088142118373
113.28497689324,23.088342002359
113.28497680341,23.088342085471
113.28497680341,23.088342085471
113.28494671018,23.088462015718
113.28493673898,23.088552025666
113.28493673898,23.088702042111
113.28492658813,23.089022021219
113.28491661694,23.08910197432
113.28491661694,23.089271936833
113.28491652711,23.089501905325
113.28491652711,23.089671867327
113.28491652711,23.089711843688
113.2849264983,23.089781823068
113.28494635085,23.089941811419
113.28496629324,23.089991844099
113.28501623902,23.090101882687
113.28505621362,23.090181918249
113.28513616281,23.090281983411
113.28525599676,23.090462083891
113.28536585953,23.090642184126
113.28543574769,23.090822201008
113.28546566127,23.090942212126
113.28549548501,23.091132201806
113.28549539518,23.09143214559
113.28548533416,23.091692112943
113.28548533416,23.091772064437
113.28548533416,23.091951996678
113.28548425619,23.091952162897
113.28548425619,23.091952162897
113.28546422398,23.092002111712
113.28540421717,23.092132011785
113.2852440493,23.092501765041
113.28512394585,23.092761564083
113.28491374236,23.09323121231
113.28481367113,23.09347106387
113.28429292343,23.094709957599
113.28391240121,23.09560901472
113.28376229436,23.095958563295
113.28365225194,23.09620821654
113.28358218411,23.096378003749
113.28357194342,23.096707937156
113.28357194342,23.096787885632
113.28358182478,23.096867917166
113.28363168074,23.097008034564
113.28374145367,23.09716826353
113.28374046554,23.09716826353
113.28374046554,23.09716826353
113.28408011485,23.097419077987
113.28421998102,23.097509331185
113.28460957612,23.097830037033
113.28489936947,23.098000487015
113.28513921705,23.098120740966
113.28522913743,23.09816079789
113.28525914083,23.098170853672
113.2853590324,23.098220966359
113.28545901381,23.098261023253
113.285748897,23.098361248541
113.28583881738,23.098401305392
113.28616867516,23.09852139277
113.28745837238,23.098970826087
113.28763830297,23.09904063438
113.28774825557,23.099080524816
113.28774816574,23.099080524816
113.28774816574,23.099080524816
113.28868815262,23.099438873368
113.2893281953,23.099687273502
113.28951827674,23.099746776442
113.28974833279,23.099836113908
113.29004845666,23.099945147087
113.29008843125,23.099955036524
113.29036861274,23.100014040718
113.29038864495,23.100014040718
113.29044865176,23.100023847046
113.29047865516,23.100033736478
113.29050865857,23.100033736478
113.29045853312,23.100173933641
113.29045844329,23.100173601223
113.29045844329,23.100173601223
113.29044838227,23.100203685006
113.29041837887,23.100253796926
113.29033816018,23.100513996327
113.29029809576,23.100664082368
113.29023799912,23.1008342794
113.29011762618,23.101244646152
113.29004746852,23.101474843229
113.28996724984,23.101745012646
113.28994712779,23.101955014763
113.28990688371,23.102305045254
113.28988676166,23.10248504633
113.28985648877,23.1028650755
113.2898953854,23.104014713214
113.28990526676,23.104114684853
113.28991514812,23.104214656418
113.28990517693,23.104244656183
113.28989511591,23.104364655174
113.28992511931,23.104404544011
113.2899350905,23.104434543733
113.28994506169,23.104464543448
113.28995503288,23.104494543157
113.28995503288,23.104524542858
113.28996500407,23.104584459139
113.28997488543,23.104674375061
113.2899847668,23.104784318384
113.28999473799,23.104854289824
113.28999473799,23.104884289444
113.2899847668,23.104914289057
113.2899847668,23.104934316497
113.2899847668,23.104964316099
113.2899747956,23.104994315694
113.2899747956,23.105024315283
113.28996482441,23.105054314865
113.2899747956,23.105094286596
113.2899747956,23.105134258316
113.29000443969,23.105474058996
113.29002429224,23.105614001112
113.2901438567,23.106133464291
113.29015382789,23.106163463622
113.29023359742,23.106433124896
113.29042313988,23.107032277878
113.29083240787,23.10807044321
113.29087229264,23.108180217522
113.29087067569,23.108180300621
113.29087067569,23.108180300621
113.29115094701,23.1081291945
113.29138118271,23.108098281519
113.29220214412,23.107944381304
113.29280293084,23.107831116615
113.29287299867,23.107820812265
113.29331361752,23.107738211243
113.29344378199,23.10771743633
113.29402462633,23.107613727916
113.29402480599,23.107613146218
113.29402480599,23.107613146218
113.29371507026,23.106895328864
113.29356550239,23.106346534186
113.29350576507,23.10608709412
113.29350567524,23.106086927919
113.29350567524,23.106086927919
113.29336544975,23.106087758925
113.29330544294,23.106088174429
113.29308526826,23.10608950404
113.29299525805,23.106090085744
113.29291521903,23.106090584348
113.29243471541,23.106093326671
113.29183419818,23.106086512415
113.29163405571,23.106087509623
113.29149400988,23.106088174429
113.29075344682,23.106121331595
113.29015301942,23.106163546723
113.29013307704,23.106163629823
113.29005312784,23.106163879125
113.29003318546,23.106163962226
113.2900321075,23.106163879125
113.2900321075,23.106163879125
113.28990257184,23.105624388733
113.28989269048,23.105564556022
113.28987283793,23.105524750634
113.28985298538,23.105484945235
113.28973315142,23.105345418488
113.2897327921,23.105345002983
113.28973647515,23.105348659433
