113.26616493858,23.146037048974
113.26616916061,23.146042116588
113.26616916061,23.146042116588
113.26619934368,23.146632616994
113.26619934368,23.146632616994
113.26619934368,23.146632616994
113.26594018254,23.146638598414
113.26576088076,23.14663585693
113.26529250427,23.14659847305
113.26454502425,23.146476518451
113.26407664776,23.146388956974
113.26404682402,23.146388541597
113.26380769509,23.146344677761
113.2636383645,23.146321915083
113.26356874583,23.146340773214
113.26328973213,23.146296161683
113.26321005244,23.146284946491
113.26303075066,23.14625204859
113.26272191322,23.146196886434
113.26133672613,23.145963277773
113.26126701762,23.145952145629
113.26115751418,23.145940348878
113.26063937156,23.145851457834
113.26014117132,23.145742794683
113.25993195597,23.145689210756
113.25939387097,23.145469807198
113.25905511996,23.145243923337
113.25893564533,23.145161844075
113.25860686551,23.144956064163
113.25818834497,23.144678672003
113.25807884153,23.144616779993
113.2579593669,23.144534700342
113.2578796872,23.144483358996
113.25736154458,23.144224159665
113.25688328673,23.144095722886
113.25648479841,23.144038649064
113.25643503228,23.144037818295
113.25631555765,23.144025772143
113.25603663379,23.144010901374
113.25590718796,23.143998689066
113.2552098334,23.143966372136
113.25368540895,23.143879390539
113.25350610717,23.143866347448
113.25311759003,23.143839596647
113.25270913052,23.143812513532
113.25263951184,23.143811350454
113.25215137263,23.143772885774
113.25209163531,23.14377188885
113.25172306056,23.143745553415
113.25124480271,23.143727359531
113.25114527046,23.143715728736
113.25109550433,23.143654916279
113.25109137213,23.143651343961
113.25109137213,23.143651343961
113.24936689504,23.142402190063
113.2493370713,23.142351761748
113.24872909813,23.141921749511
113.248679332,23.141891010561
113.24864950826,23.141860603917
113.24860971333,23.141840000504
113.24856991839,23.141809427692
113.24853012346,23.141728841713
113.24851027091,23.141688631784
113.24850038954,23.141668526814
113.24845062342,23.141567752687
113.24834103015,23.141336046673
113.24802195203,23.140650895686
113.24802087406,23.140650064895
113.24802087406,23.140650064895
113.24884803378,23.140273467116
113.24895762705,23.140225364212
113.24931641027,23.14006136558
113.24944594592,23.140003625385
113.24987443765,23.139800828328
113.25005382926,23.13972389663
113.2501236276,23.139695151082
113.25048232099,23.139531317953
113.25087092795,23.139348043938
113.25123959254,23.13918445962
113.25123959254,23.1391837119
113.25123959254,23.1391837119
113.25113988062,23.138851973248
113.25111005688,23.138671523023
113.25096057884,23.137579012966
113.25083104319,23.136616848934
113.25076133468,23.136095760378
113.25076097536,23.13609542805
113.25076097536,23.13609542805
113.24993381565,23.136201440493
113.24993381565,23.136201440493
113.24993255802,23.136208834774
