113.28873935604,23.12834906224
113.28873324756,23.128353715097
113.28873324756,23.128353715097
113.2888933256,23.128343412342
113.28959373441,23.128161701512
113.28967377343,23.128121570555
113.28980384807,23.12809124384
113.290204133,23.127990043957
113.29052437892,23.127968939866
113.29058438572,23.127978744129
113.29113477751,23.128086507886
113.29123484874,23.128106033307
113.291344981,23.128125558725
113.29179539138,23.128213381527
113.29194549823,23.128222604164
113.2925461053,23.128249358116
113.29254628496,23.128248859595
113.29254628496,23.128248859595
113.292496429,23.127749174631
113.29247657645,23.127609422031
113.29238683573,23.127020083198
113.29234704079,23.126780375339
113.29230715603,23.126630651181
113.29230679671,23.12663031883
113.29230679671,23.12663031883
113.29211662543,23.126511337025
113.2913461488,23.126065237394
113.29097604693,23.125876959469
113.29083609093,23.125817634419
113.29069613493,23.125758309342
113.29043607548,23.125649380455
113.29008600583,23.125510705793
113.28969596157,23.125292099726
113.28964601579,23.125262353985
113.28960613102,23.125232525148
113.289316158,23.125033444495
113.28865635261,23.124365159468
113.28853651865,23.124225486392
113.2884466881,23.124085730079
113.28831688296,23.123876095334
113.28832694398,23.123756197073
113.28832550669,23.123755033818
113.28832550669,23.123755033818
113.28858574579,23.123474522977
113.28861583903,23.123404561353
113.28861583903,23.123344653568
113.28861592886,23.123274774966
113.28858610512,23.123174900848
113.28853615933,23.123135100742
113.28853597967,23.123134685292
113.28853597967,23.123134685292
113.28845594065,23.123074860475
113.28714639088,23.122066808251
113.28696655011,23.121946991445
113.28684671616,23.121857170315
113.2867968602,23.121817286723
113.28642711766,23.121567432361
113.2862772803,23.121447532014
113.28613741413,23.121367598388
113.28609752936,23.121307689683
113.28600769881,23.121177735062
113.28599781745,23.121167847205
113.28596799371,23.121007979569
113.28594814116,23.120888078716
113.28595847167,23.120428250045
113.28578923091,23.119598410642
113.28558998675,23.118788508305
113.28535094765,23.117778512365
113.2853310951,23.117678634109
113.28529130017,23.117548675934
113.28527144762,23.117488765505
113.28523165268,23.117388803937
113.28522177132,23.117358890237
113.28522015437,23.117356979083
113.28522015437,23.117356979083
113.28514038484,23.117096978881
113.28490098642,23.11657681076
113.28488113387,23.116536842486
113.28451202014,23.115786500308
113.28425258951,23.115376178506
113.28414281657,23.115236080492
113.28372366722,23.114665300043
113.28359395191,23.114505092191
113.28359332309,23.114504427428
113.28359332309,23.114504427428
113.2835833519,23.114484401432
113.28342372301,23.114294112779
113.28322411953,23.114053634065
113.28223580381,23.113080496851
113.28216600547,23.11298036577
113.28192660705,23.11266950191
113.2819067545,23.112649475637
113.28183704599,23.112529317941
113.28169744932,23.11231883397
113.28155794247,23.112078351677
113.28128881014,23.111557332912
113.28119915925,23.111397038211
113.28104968121,23.111116418147
113.28102982866,23.111076448228
113.28066107425,23.110344772233
113.2805315386,23.110114175045
113.2798932027,23.109330806396
113.27955409237,23.108988855017
113.27935466855,23.108787672518
113.27922504306,23.108666929633
113.2787761598,23.108284091692
113.27877418353,23.108282429706
113.27877418353,23.108282429706
113.27857466987,23.108121050758
113.27838512741,23.108009780607
113.27830535788,23.107959256116
113.27828550533,23.107909230204
113.27826565278,23.107859204272
113.27826565278,23.107819316473
113.27826565278,23.107779428661
113.27827562397,23.107749595894
113.27830562737,23.107669903317
113.27833563078,23.107620209694
113.27914626167,23.105916322115
113.27939652958,23.105348160826
113.27956657882,23.105099355775
113.27956639916,23.10509835856
113.27956639916,23.10509835856
113.27962640596,23.104968720472
113.27964643818,23.104918942737
113.27970644498,23.104809415033
113.27973644839,23.104739692874
113.27984658064,23.104520470877
113.27987658405,23.104470776075
113.27999677733,23.104181664979
113.28028710967,23.103543524174
113.28049740299,23.103054881921
113.28062756745,23.102765684639
113.28065757086,23.102695961407
113.28067760307,23.102656155159
113.28076770311,23.102456791329
113.28091789979,23.102127703235
113.28116816771,23.101649111291
113.2813083932,23.101299910108
113.2815386289,23.100811176495
113.28197915792,23.099853316557
113.28205928678,23.099693755667
113.28258991584,23.098606077159
113.28262000907,23.098526295989
113.28275017354,23.098206921512
113.2828603058,23.097947465542
113.28300053129,23.097598088414
113.2830205635,23.097538252086
113.28316078899,23.097188873881
113.28325097886,23.096969306994
113.2833110755,23.096829605087
113.28331098567,23.096827195
113.28331098567,23.096827195
113.28343117895,23.096547624527
113.28352136882,23.096327973473
113.28360149767,23.096128267716
113.28369159772,23.095938617609
113.28396198768,23.095289467014
113.28421234542,23.094710206922
113.28466311513,23.093621324086
113.28483343385,23.09320170871
113.28503366615,23.092782175118
113.28536415275,23.092032779111
113.28540421717,23.09194293774
113.28540421717,23.091942106645
113.28540421717,23.091942106645
113.28541445785,23.091692112943
113.28541481718,23.09114225812
113.28539505445,23.090962324783
113.28536523071,23.090842396792
113.28529543237,23.090672436288
113.28519563063,23.090492419204
113.28498596613,23.090222310009
113.28493611017,23.090122327913
113.28488625421,23.090022345741
113.28487637285,23.089952449598
113.28484654911,23.089792544372
113.28483666775,23.089712591686
113.28483666775,23.089672698436
113.28484699826,23.089092832076
113.28484708809,23.089012962081
113.28485723895,23.088803105725
113.2848673898,23.088553272341
113.28487745082,23.0884533721
113.28490754405,23.088323551542
113.2849576695,23.088113694098
113.28513795942,23.087474063186
113.28514802044,23.087374162134
113.28515808146,23.087324294692
113.2851482001,23.087244340522
113.28499863223,23.086694301067
113.2849588373,23.086564312565
113.28493898475,23.086484357937
113.28471952871,23.085784212655
113.28460984561,23.085424164998
113.28459996425,23.085394244096
113.28459008289,23.085364323187
113.28427073528,23.08434393306
113.28422087932,23.084213942259
113.28412116741,23.083933846558
113.28398139107,23.083663640918
113.28391159274,23.083523592561
113.28374190283,23.083223298466
113.28368207568,23.083123227989
113.28378205708,23.083103529722
113.28377981132,23.083100288234
113.28377981132,23.083100288234
113.28479974739,23.081962438191
113.2855098579,23.080993470994
113.28549000535,23.080923570103
113.28548991552,23.080923320753
113.28548991552,23.080923320753
113.28545991211,23.080813274566
113.28531007475,23.08065319211
113.28530998492,23.080653108993
113.28530998492,23.080653108993
113.28546997313,23.080583291039
113.28552000875,23.080563426162
113.28558001556,23.080553535281
113.28574000377,23.080673638789
113.28580001058,23.080683695895
113.28589002079,23.080663831033
113.286050009,23.080524028866
113.28613004802,23.080364112294
113.28618008364,23.080174190337
113.28617999381,23.080173691636
113.28601749034,23.080133379938
