113.26200578407,23.154444038367
113.26200892814,23.154444869071
113.26200892814,23.154444869071
113.26199904678,23.154414797589
113.26195925184,23.154354156183
113.26189951453,23.154263194022
113.26185971959,23.154202552547
113.26179998228,23.154131610292
113.26179935346,23.15413127801
113.26179935346,23.15413127801
113.261679789,23.154149221254
113.26162005168,23.154148307477
113.26153049062,23.154156780675
113.2614010448,23.154164589308
113.26120180064,23.154151214947
113.26120153115,23.154150965736
113.26120153115,23.154150965736
113.26110181923,23.154139252785
113.26101225818,23.154127789046
113.26054397151,23.154029682654
113.2602948714,23.153975437514
113.2602946019,23.153975188302
113.2602946019,23.153975188302
113.25986611018,23.153877580222
113.25959715751,23.153822919666
113.25953742019,23.153811954323
113.25949762526,23.153801321263
113.25870046895,23.153637256362
113.25838166032,23.153571630344
113.25796313978,23.153434230956
113.25790340247,23.153413213988
113.25756465146,23.153307215313
113.25744517683,23.153275149867
113.25729578862,23.153222565841
113.25648866112,23.152958233184
113.25643889499,23.152937382283
113.2563492441,23.152905898246
113.25604040667,23.152780460454
113.25574154043,23.152665157266
113.25560212341,23.152602770556
113.25540287925,23.152489294789
113.25525349104,23.152406721585
113.25510410284,23.152334116935
113.25502442314,23.152282778611
113.25490485868,23.152210755395
113.25486506374,23.152190153592
113.25491482987,23.15216107846
113.25494474344,23.152141722726
113.25494267734,23.152139812074
113.25494267734,23.152139812074
113.2550622418,23.152221970085
113.25512206895,23.152253038926
113.25544105723,23.152428735573
113.25562044884,23.152531910517
113.25575995569,23.152604431987
113.25587952015,23.152646549249
113.25637781022,23.152845505364
113.25641769498,23.152856221572
113.25648749332,23.152887456406
113.25661702898,23.152929739721
113.25701569696,23.153056838797
113.25747410226,23.153205037827
113.25789271263,23.153332551995
113.25840097389,23.153501601532
113.25870990115,23.153567061443
113.25898891485,23.153632022895
113.25908853693,23.153623881948
113.25915824543,23.153625128011
113.25951702865,23.153711438644
113.25956688461,23.153722320923
113.25962671176,23.153733369344
113.25991569664,23.153798496857
113.25998549498,23.153809711412
113.26002537974,23.153820427542
113.26002546957,23.153820427542
113.26002546957,23.153820427542
113.26101207851,23.154037657436
113.26119147012,23.154050782596
113.26123135489,23.154051447161
113.26140077531,23.154054354633
113.26154028215,23.154066732155
113.261679789,23.154059255799
113.26173952632,23.154050367242
113.26177941108,23.154041146402
113.26187903316,23.154012902384
113.26210810107,23.153906904189
113.262147896,23.153857643244
113.26225739944,23.153749568154
113.26231713676,23.153650630774
113.26241666901,23.153452340436
113.26243661139,23.153412715561
113.26246643513,23.153373339888
113.26249625888,23.153323912602
113.26261573351,23.15318601453
113.26272532678,23.15309795906
113.26285477261,23.153010235816
113.26299418962,23.152932647217
113.26312372528,23.152884881194
113.26327320331,23.152847499077
113.26332305927,23.152858298356
113.26346256611,23.152880644555
113.26361204415,23.152883136695
113.26361204415,23.152881724482
113.26361204415,23.152881724482
113.26392097142,23.152856803071
113.26418013256,23.152851154218
113.26456873952,23.152737595592
113.26530615851,23.152519532851
113.26536598566,23.152500592527
113.26651204383,23.152198626915
113.267120017,23.152057986299
113.2674190629,23.152002577345
113.26797726994,23.151880960009
113.26806701066,23.151872320522
113.26816672258,23.151833858183
113.26816663275,23.15183294439
113.26816663275,23.15183294439
113.26804599032,23.150500960937
113.26798580385,23.149840114731
113.2678453987,23.148337975367
113.26772511559,23.147066103096
113.26770517321,23.146845871066
113.26770517321,23.146765952751
113.26769529184,23.146715858399
113.26770508338,23.146336037913
113.26772502576,23.146256368517
113.26773499695,23.146176615998
113.26774496814,23.146096863431
113.26788429532,23.145658971136
113.26795400383,23.145440065984
113.26798382757,23.145340540865
113.26810321238,23.144742308591
113.26812306493,23.144512685043
113.26814291748,23.144373033189
113.26814228867,23.144371787039
113.26814228867,23.144371787039
113.26816214122,23.144212030454
113.26818181411,23.143632319293
113.26821154802,23.143042802448
113.26822151921,23.142933056985
113.26824146159,23.142863437938
113.26824146159,23.142493492678
113.26824146159,23.142413571739
113.26824146159,23.142153620657
113.26825116329,23.14138381686
113.26826095482,23.140834001741
113.26826095482,23.140694096774
113.26826095482,23.140644166284
113.26826095482,23.140614257829
113.26826095482,23.140544305248
113.26827074635,23.139814536455
113.26830048027,23.138405001248
113.26830048027,23.138125102959
113.26830048027,23.138085224259
113.26830048027,23.138035292786
113.26830048027,23.137955369158
113.26831045146,23.137885581336
113.26838015997,23.137066651726
113.26839013116,23.136886863722
113.26845992949,23.135877919497
113.26843010575,23.135797579158
113.26846001933,23.13534810439
113.26846001933,23.135298171886
113.26847996171,23.134978553568
113.26849990409,23.134698897293
113.26854984988,23.133679717159
113.26854949055,23.13367730774
113.26854949055,23.13367730774
113.26863950077,23.131948663249
113.26865953298,23.131629036856
113.26866950417,23.131579269121
113.26866950417,23.131559328788
113.26868953638,23.131239701458
113.2687095686,23.130900049839
113.26875960421,23.130270844579
113.26879966864,23.129651523558
113.26877990592,23.129521327853
113.26878987711,23.129421541525
113.26878987711,23.12933164237
113.26884000256,23.128682488903
113.26891025005,23.127643653954
113.2689504043,23.127074339371
113.2689504043,23.127024403752
113.26897043652,23.126754784319
113.26897052635,23.126654912821
113.26899064839,23.126375322079
113.26901077043,23.126075706503
113.26901086026,23.125945839641
113.26903098231,23.125606257553
113.2690612552,23.124936812168
113.26904158231,23.124586675181
113.26904158231,23.124566733797
113.26902190942,23.124316552257
113.26902163993,23.124314724293
113.26902163993,23.124314724293
113.26901193823,23.123854658231
113.26901193823,23.123784779898
113.26901202806,23.123574895408
113.26902208908,23.123475104605
113.2690721247,23.123135931642
113.26912216032,23.122866719755
113.26915216372,23.12271724045
113.26915225355,23.122716741909
113.26915225355,23.122716741909
113.26922223155,23.122417782792
113.26923220274,23.122407978118
113.26947267913,23.120731617495
113.26951274355,23.120522309816
113.26973327755,23.119045680045
113.26977334198,23.118836369707
113.26978331317,23.118816593643
113.26983334879,23.118657387917
113.26992326917,23.118458712862
113.26993324036,23.118438936742
113.26995318274,23.118399301401
113.27000312853,23.118320113776
113.27049252537,23.117496908671
113.27088203064,23.116842213088
113.27092200524,23.116792855275
113.27093197643,23.116773078907
113.27095191881,23.11674341435
113.27096189,23.116703612314
113.27104183919,23.116514739444
113.27113175957,23.116315978087
113.27113193923,23.116314316201
113.27113193923,23.116314316201
113.27123183081,23.116095611886
113.27130189864,23.115836606347
113.27131195966,23.115776861334
113.27138211732,23.115397866264
113.27149251906,23.114659483371
113.2715226123,23.114469942828
113.27156285639,23.114060614103
113.27158306826,23.113760970716
113.27155360384,23.113400749609
113.27159366827,23.113271368917
113.27159357843,23.113270704148
113.27159357843,23.113270704148
113.27190277519,23.113224585759
113.27268097725,23.113114067752
113.27281069257,23.113095703473
113.27297032146,23.113067616924
113.27327969788,23.113011277614
113.27335955724,23.11299224855
113.2735791031,23.112954772088
113.27421779832,23.112851815633
113.2742777153,23.112822565682
113.27446734759,23.112764647435
113.27466695108,23.112726838522
113.27522596659,23.112602609163
113.27569515156,23.112537212123
113.27585487028,23.112538707862
113.27602465002,23.112480374008
113.27614448398,23.112441567854
113.27614430432,23.1124404045
113.27614430432,23.1124404045
113.27631444338,23.11199201394
113.27686456567,23.11086712532
113.27698457929,23.110628302354
113.27710468274,23.11033945396
113.27717457091,23.110370034027
113.27717457091,23.110369784733
113.27717457091,23.110369784733
113.27769388132,23.110184060577
113.27798349502,23.110086420257
113.27830311212,23.109958947595
113.27899238193,23.109703918804
113.27983166877,23.109349420492
113.27989158575,23.109329892311
113.28002148073,23.109290752842
113.28005148413,23.109221033036
113.28008148753,23.109191283692
113.28012146213,23.10916161744
113.2804612911,23.108943649228
113.28059127591,23.108854484088
113.28110115412,23.108497241235
113.2812910559,23.108388298178
113.28158093909,23.108199745872
113.28162091369,23.108169996299
113.28162100352,23.108168749809
113.28162100352,23.108168749809
113.28167103913,23.108098946314
113.28172107475,23.108049252852
113.28216097496,23.107771201799
113.28222098177,23.107731563272
113.28258093278,23.107523066087
113.28306080759,23.107324789863
113.28311075337,23.107305012085
113.28322070597,23.107255401425
113.28364057396,23.107176705751
113.28367057737,23.107176788851
113.28374055537,23.107167066151
113.28377055877,23.107167149251
113.28381053337,23.107177204351
113.28384053677,23.107167398551
113.28476040161,23.106969371097
113.28515035603,23.106880038431
113.28603042594,23.106680847144
113.2864504736,23.106591015681
113.28650050922,23.106591015681
113.28705072134,23.106440936339
113.28740088083,23.106320773024
113.28778122338,23.106110528509
113.28790132683,23.106030502545
113.28819165917,23.105810202369
113.28899267819,23.105128856733
113.28899258836,23.105127028504
113.28899258836,23.105127028504
113.28907271721,23.105046918846
113.28916281725,23.10496680914
113.28924294611,23.104906726829
113.28935307836,23.104806506481
113.289413175,23.104746424097
113.28947327164,23.104686341686
113.28957352253,23.104516149591
113.289633709,23.104366067904
113.28966380224,23.104266096454
113.28967395309,23.10416620803
113.28966416156,23.104056347297
113.28967440224,23.103806459499
113.28967512089,23.103136654832
113.28968563106,23.102626819858
113.28969596157,23.102266984053
113.28976647856,23.101796952258
113.2899371566,23.10118663975
113.2900374075,23.101026415632
113.29003731767,23.101024919762
113.29003731767,23.101024919762
113.29012759737,23.100774693843
113.29013765839,23.100734720811
113.29017781265,23.100634663523
113.29021796691,23.100504605556
113.29021796691,23.100504439348
113.29021796691,23.100504439348
113.29023799912,23.100474355634
113.29030815678,23.100384187555
113.29035828223,23.10032410317
113.29038837546,23.10029410252
113.29039843648,23.100274157485
113.2904184687,23.100254212447
113.29042852972,23.100234267407
113.29046859414,23.100194211108
113.29049859755,23.100174182954
113.29056866538,23.10011401537
113.2906087298,23.100083931567
113.29064879423,23.100063903397
113.29068885865,23.100033819583
113.29072892308,23.100023763942
113.29079899091,23.100003569553
113.29084902653,23.099983458266
113.29093912657,23.099973153308
113.29097919099,23.099963097662
113.2912094267,23.099922210236
113.29131955895,23.099911822169
113.291409659,23.099901517205
113.29148978785,23.09989121224
113.2921606424,23.099748023012
113.29242097134,23.099696747435
113.29321201917,23.099562283998
113.29351250236,23.09950045404
113.29425360441,23.099375547466
113.29451402318,23.099323773116
113.29490469624,23.099260945788
113.29504492173,23.099229947637
113.29544565582,23.09916687095
113.29671810557,23.098936088137
113.29697861417,23.098883814985
113.2975297246,23.098788659511
113.29763994669,23.098767633882
113.29773013656,23.098746857566
113.29782032643,23.098726081246
113.29852199287,23.098529038467
113.29922374913,23.098331579869
113.30000572408,23.098112845927
113.3000457885,23.098102457718
113.30017613263,23.098071043769
113.30241237437,23.097423482611
113.30251271509,23.097392234713
113.30300417804,23.097255774394
113.30323486289,23.097192696769
113.3034154223,23.097140339824
113.30377654112,23.097055405181
113.30391694627,23.097023492346
113.30400722597,23.097002300224
113.30414763112,23.096980443249
113.30428803627,23.096968559036
113.30452869232,23.096985097206
113.30464906526,23.097003380607
113.30471922292,23.097022328857
113.30480950262,23.097051000545
113.3050802519,23.097127042819
113.30524068927,23.097184635463
113.30536097237,23.097222864332
113.30548125548,23.097271065935
113.30573188272,23.097367302875
113.3059023811,23.097424729202
113.30670456793,23.097702386392
113.30683491205,23.097750338503
113.30706550708,23.097876742511
113.30727606989,23.097993423027
113.30741638521,23.098091155346
113.30772710909,23.098366151766
113.30831855343,23.098826555498
113.3086995248,23.099150333052
113.30964193711,23.099894702632
113.30987253214,23.100090829235
113.30976213039,23.100192632125
113.30976213039,23.100188393802
113.30976213039,23.100188393802
113.30953153536,23.100002239882
113.30776717351,23.098561366468
113.30732619534,23.098218473191
113.30718596985,23.098110768286
113.3070055901,23.098003728139
113.30698564772,23.097994087873
113.30676511372,23.097877656675
113.30663485942,23.097829787716
113.30659479499,23.097820479861
113.30594307434,23.097570580328
113.30585288447,23.097541991858
113.30567250473,23.097484814899
113.30543193851,23.097398467672
113.30517134008,23.097312452814
113.30476036531,23.097178568706
113.30449976688,23.097122388867
113.3042892939,23.097115491044
113.30416901079,23.097127209031
113.30401863445,23.097139342548
113.30382810385,23.097192031919
113.30347713589,23.097266910625
113.30347524945,23.097265580926
113.3034715664,23.097270982828
