113.27620799418,23.139623453343
113.27621095859,23.139568454587
113.27621095859,23.139568454587
113.27660028419,23.13956197437
113.27687983687,23.139574353247
113.27714932852,23.139566709914
113.27746876596,23.139559398899
113.27783814919,23.139562306689
113.27806775607,23.139554164877
113.2780678459,23.139553915638
113.2780678459,23.139553915638
113.27807772726,23.13886393679
113.27809766965,23.13886410295
113.27817752901,23.138864684511
113.27819747139,23.138864850671
113.27819747139,23.138864850671
113.27819747139,23.138864850671
113.27820753241,23.13928498632
113.27821759343,23.139585070528
113.27822756462,23.139705120637
113.27823762565,23.140005203894
113.27822774428,23.14011511794
113.27823789514,23.140835247925
113.27823798497,23.141055240707
113.27824804599,23.14139536478
113.2782680782,23.141705496694
113.27827813922,23.141895579865
113.27827813922,23.14192557111
113.27835817824,23.14235616488
113.27835817824,23.142386156021
113.27825846633,23.142455443006
113.27825828667,23.142455443006
113.27825828667,23.142455443006
113.27821831208,23.142475215545
113.27821831208,23.142475215545
113.27821831208,23.142475215545
113.27825828667,23.142455443006
113.27825828667,23.142455443006
113.27825828667,23.142455443006
113.27821822225,23.142285216283
113.27815830527,23.14190480155
113.27812830186,23.141394617073
113.27811824084,23.140894566256
113.27811824084,23.140594651171
113.27811824084,23.140204677466
113.27810835948,23.140124672067
113.2781078205,23.14012425667
113.2781078205,23.14012425667
113.2781078205,23.139844195852
113.27809775948,23.13886418603
113.27809775948,23.138774293278
113.27808787812,23.138634303057
113.27808787812,23.138584371791
113.27807799676,23.138534357426
113.27805805437,23.138274315655
113.27792824923,23.13747341703
113.27791836787,23.137403462792
113.27789851532,23.137263388042
113.27787866276,23.137133282893
113.277838778,23.136913034357
113.27782889664,23.136763072395
113.27784883902,23.136153336111
113.27784785088,23.136152172965
113.27784785088,23.136152172965
113.2778678831,23.136002376306
113.27787785429,23.135912564695
113.27792780008,23.135713001583
113.27795780348,23.135553317643
113.27797774586,23.13546358881
113.27800765944,23.135383912879
113.27802760182,23.135354169401
113.27808751879,23.13515468853
113.27814743577,23.134985200174
113.27818741037,23.134865561204
113.27837713249,23.134367064334
113.27843704947,23.134217597991
113.27846705287,23.134157861256
113.27848699525,23.134088071434
113.278656775,23.133759394114
113.27874669538,23.133580100126
113.27880661236,23.133450572947
113.27880670219,23.133449243611
113.2788040971,23.133450489864
