113.34297904271,23.142730596721
113.34297994102,23.142732175198
113.34297994102,23.142732175198
113.34294005625,23.142922339974
113.34288022911,23.14313252615
113.34270047817,23.143773218083
113.34268062562,23.143853304357
113.34256079167,23.144293777997
113.34253087809,23.144393885438
113.34232121359,23.145184773105
113.34230136104,23.145314870351
113.34234151529,23.145634712974
113.34238166955,23.145894574152
113.3424218238,23.146184425101
113.34247203908,23.146524286785
113.34255243742,23.147104068369
113.34255171878,23.147104151444
113.34255171878,23.147104151444
113.34341229546,23.147061284745
113.34404263643,23.147029716237
113.34451280954,23.147008781328
113.34564305753,23.146947305781
113.34576307115,23.146947305781
113.34667314446,23.146947139631
113.34676315467,23.146937253696
113.34680312927,23.146937253696
113.34699312088,23.146947305781
113.34903254388,23.146900119126
113.34918247107,23.146900451426
113.34918247107,23.1468998699
113.34918247107,23.1468998699
113.34947226443,23.146870627457
113.35032143263,23.146313275233
113.35041135301,23.146273648223
113.35080094811,23.146035138234
113.35154007388,23.145538344888
113.35147018571,23.145518074351
113.35147009588,23.145517742047
113.35147009588,23.145517742047
113.35118012286,23.145146391901
113.3509003007,23.144805280536
113.35030050211,23.144053021368
113.35017060713,23.143892682859
113.35015066475,23.14386269206
113.35007080539,23.14376250114
113.3500208596,23.143692384067
113.34962084416,23.142891185868
113.34940093897,23.142450624488
113.34915103038,23.142120057105
113.3490911134,23.141949996107
113.34891118281,23.141689628724
113.3489102845,23.141688797941
113.3489102845,23.141688797941
113.34888019127,23.141518736389
113.34891019467,23.14143889794
113.34892016586,23.141349006934
113.34894010824,23.141269168383
113.34894010824,23.141268836068
113.34894010824,23.141268836068
113.34911006765,23.141309212283
113.34917007445,23.141319347873
113.34928002705,23.141349588484
113.34927993722,23.141349588484
113.34927993722,23.141349588484
113.34928990841,23.141249644901
113.34930976096,23.140889747681
113.34930976096,23.140859839281
113.34932970334,23.140529932563
113.3493395847,23.140190055507
113.34939950168,23.139870282824
113.34942941525,23.139590470708
113.34944935764,23.1391405934
113.34944935764,23.139050700835
113.34947927121,23.138850893205
113.34952912717,23.13818109928
113.34952912717,23.138031138752
113.34958904414,23.137291386388
113.34962901874,23.136661546804
113.34963898993,23.136071666629
113.34961904755,23.135801733262
113.34965902214,23.135611890599
113.34969899674,23.135182105744
113.34977894593,23.134572445272
113.34981901035,23.133882689746
113.34984901376,23.133542878731
113.34988898835,23.1333430628
113.34989895954,23.133223173097
113.34992896295,23.132933376888
113.34998905959,23.132283659462
113.34996920704,23.132043711864
113.34996920704,23.131963784624
113.34996920704,23.131823870296
113.34995932567,23.131763883229
113.35011922406,23.131744524516
113.35011895456,23.131741948893
113.35011895456,23.131741948893
113.35045878354,23.131723171769
113.35115820421,23.131686032937
113.35232707934,23.131611672156
113.3525069201,23.131592728845
113.35256683708,23.131583174103
113.35384530548,23.131491033125
113.35445444644,23.131395319435
113.35445444644,23.131394820926
113.35445444644,23.131394820926
113.35493369243,23.131408363753
113.35524324851,23.131340815776
113.35551283,23.13129304197
113.35647123214,23.131131275583
113.35799835151,23.130885842279
113.35821789738,23.130848121616
113.35824781095,23.130838483736
113.35831769912,23.13082926128
113.35840752967,23.130810234772
113.35857721958,23.130782068887
113.35909608084,23.130697737368
113.35909599101,23.1306969896
113.35909599101,23.1306969896
113.35921573514,23.130678295414
113.3592955945,23.130669239118
113.35939539624,23.130650461842
113.35948522679,23.130631518393
113.35970477266,23.130594046914
113.35986440155,23.13057593431
113.36044308996,23.130482795608
113.36245798921,23.130188174446
113.36290678265,23.130114228253
113.36303640813,23.130096032499
113.36316603362,23.130057896183
113.36325577434,23.130039201906
113.36344522697,23.129981872775
113.36349508292,23.12997265026
113.36366459317,23.129935095508
113.36385404581,23.129887819711
113.36471156825,23.129730205903
113.36485116492,23.129702289047
113.36501070398,23.129674704528
113.36539958044,23.129610562192
113.36582834166,23.129517090467
113.36582825183,23.129515678005
113.36582825183,23.129515678005
113.36635672496,23.129413731434
113.36703458629,23.129294336696
113.36817094276,23.129042585433
113.36866932266,23.12891081049
113.36866941249,23.128910561231
113.36866941249,23.128910561231
113.36870929726,23.128711236839
113.36872923964,23.128631639937
113.368809099,23.128243043519
113.36886901598,23.127964120822
113.36889901938,23.127794706362
113.36893899397,23.127615487397
113.36895893636,23.127495924865
113.36897887874,23.127406356754
113.36898884993,23.127356587435
113.36899882112,23.127286877121
113.3690187635,23.127207279364
113.36910868389,23.126768909233
113.36915862967,23.126509841443
113.36916860086,23.126480095975
113.36922851784,23.126271212806
113.3693483518,23.125853362393
113.36936829418,23.125783817466
113.36950816035,23.125216322852
113.36954813494,23.125077066116
113.3695979909,23.124967970492
113.36960805192,23.124868263827
113.36964793668,23.124779026298
113.36969779264,23.124719950024
113.36972779604,23.124560585203
113.36974773843,23.124510980994
113.36976777064,23.124401386369
113.36981771642,23.124222328998
113.36988760459,23.124023579186
113.36996746395,23.123765004572
113.36999737753,23.123685570881
113.3700572945,23.123466712536
113.37008729791,23.123367337102
113.37020713186,23.122989526974
113.37024710646,23.122880263453
113.37029705224,23.12268117927
113.37038679296,23.122572829489
113.37049665573,23.122194850917
113.37058666594,23.121766518216
113.37056699305,23.121526302317
113.37056699305,23.121466393683
113.37050761506,23.120975490853
113.37041859298,23.12019418052
113.37032939124,23.119722799637
113.37028977597,23.119502272909
113.37021045559,23.119121044981
113.37019069287,23.119050831784
113.37012134369,23.118619829962
113.37006187586,23.118318950474
113.37002226059,23.11812841804
113.37002136228,23.118124263383
113.37001803855,23.118128999692
