113.2213484767,23.117489180972
113.22135539365,23.117480539244
113.22135539365,23.117480539244
113.22128550548,23.117390964371
113.22140569876,23.117280449834
113.22154601408,23.117089915909
113.22154592425,23.117089749721
113.22154592425,23.117089749721
113.22133590042,23.116940762471
113.22107584098,23.116772164873
113.22107575115,23.116772081779
113.22107575115,23.116772081779
113.22085530698,23.117053105355
113.22027410331,23.117816153652
113.22017394225,23.117936722027
113.21994352688,23.118178024636
113.21986348786,23.118248487574
113.2196030691,23.118480067744
113.21931264692,23.118681900293
113.21867152628,23.119086229211
113.21856148386,23.118997153978
113.21856076521,23.118997070885
113.21856076521,23.118997070885
113.21862086185,23.118956687877
113.21863083304,23.118956687877
113.21924204011,23.118552607843
113.21957270637,23.118310558079
113.21983321497,23.118079060706
113.21996346927,23.117938383892
113.22001359471,23.117898166749
113.22015391003,23.117727409939
113.22024409991,23.11760700756
113.22059488821,23.117145173268
113.22073520353,23.11696452732
113.22098574094,23.116633397838
113.22102580536,23.116563266419
113.22119612409,23.116352539563
113.22138656485,23.116091789543
113.22165713447,23.115730660721
113.22222827712,23.114968431383
113.22253891116,23.114547387747
113.22262910104,23.114437120129
113.22267922648,23.114377042104
113.22307996057,23.113895835253
113.22311005381,23.113855866171
113.22316008942,23.113805759385
113.22339041495,23.113575168209
113.22395122708,23.11306387759
113.22422152721,23.112853394466
113.22447179513,23.112672991965
113.22464193419,23.112562805886
113.22474200542,23.112492755412
113.22506225134,23.112322407131
113.22543253287,23.112152058632
113.22578278219,23.111991847746
113.22588285342,23.111951878091
113.22616303491,23.11182183121
113.2265131944,23.11167184088
113.22666330125,23.111601956131
113.22666330125,23.111599130825
113.22666330125,23.111599130825
113.22679337589,23.111539134612
113.22683335048,23.111529246037
113.22712341333,23.111399448034
113.22754355082,23.111189876343
113.22778357805,23.111080187618
113.22788355945,23.111040383884
113.22856366655,23.110731592924
113.22960372467,23.110214225189
113.22966373148,23.110184476068
113.22979371629,23.110134949583
113.23021358428,23.109956371549
113.23034356909,23.109896873183
113.232342748,23.108975974693
113.23243266838,23.108926530855
113.2330122551,23.108639922434
113.23427123027,23.108058227593
113.23462085078,23.10790083715
113.23479072035,23.107822224958
113.23485063733,23.1077927246
113.23578954624,23.107360273518
113.23716772656,23.106722646592
113.23737739106,23.106634726465
113.23852560517,23.106096401396
113.23916448004,23.105823332303
113.23923436821,23.105784191799
113.23947394629,23.105676908535
113.24023256529,23.105335695654
113.24079149098,23.105082486211
113.24113078097,23.104926754269
113.24152998794,23.104751825696
113.24171962024,23.104664319772
113.24213876959,23.104469861957
113.24221862895,23.10443097036
113.24228851711,23.104401967858
113.24237834767,23.104363242444
113.24274755123,23.104198285352
113.24291715131,23.104120668191
113.24309672258,23.104033161851
113.24395469417,23.103625213681
113.24401452132,23.103596127901
113.24417415021,23.103518510388
113.24493223023,23.10318959113
113.24557056612,23.102909203024
113.24599941718,23.102705767537
113.24605924432,23.102686736996
113.24630861393,23.102570642323
113.24630870376,23.102567318208
113.24630870376,23.102567318208
113.24638856312,23.102488536653
113.24643850891,23.102429367353
113.24646842248,23.102419893614
113.24673773447,23.102284186388
113.24683744639,23.102225848027
113.24709678719,23.102040029376
113.24718661774,23.101951524425
113.2474061636,23.101695150598
113.24749599415,23.101546727793
113.24778560785,23.100981539547
113.24783555364,23.100872424115
113.24789547061,23.10075350232
113.24806525036,23.100386348266
113.24808528257,23.100326762507
113.24815517074,23.100178005755
113.24818517414,23.100118586113
113.2483047386,23.100150498204
113.24846418783,23.100183075122
113.24853389634,23.100204183632
113.24853389634,23.100203020171
113.24853389634,23.100203020171
113.24895241688,23.1002898642
113.24899230164,23.100300501551
113.24899230164,23.100300501551
113.24899230164,23.100300501551
113.24940076116,23.100417263042
113.24976942574,23.100513414598
113.25010817675,23.100639068039
113.25025765478,23.100691589813
113.25056649222,23.100806771984
113.25111436875,23.101026083216
113.25120401964,23.10105757957
113.25124381457,23.101088244879
113.25134334682,23.101179908347
113.25194098948,23.101410188639
113.25210034887,23.101452986989
113.2534447529,23.102306374903
113.25369367336,23.102460697168
113.25591410492,23.103979893481
113.2562127915,23.104195210583
113.25639200345,23.104338395016
113.25650150689,23.104410361132
113.25718862077,23.104762545791
113.25733800898,23.104835176489
113.25767667016,23.104961158246
113.25767684982,23.104961241348
113.25767684982,23.104961241348
113.25770667356,23.104991739552
113.25797562623,23.105096530331
113.2580852195,23.105138496481
113.25827449247,23.105201819635
113.25844382306,23.105234810821
113.25860318246,23.105257663652
113.25873271811,23.105259990486
113.25873271811,23.105259907384
113.25873271811,23.105259907384
113.25879254526,23.105221016019
113.25892217075,23.105143399456
113.25898199789,23.105124535466
113.25913156576,23.105047251252
113.25915150814,23.105027722438
113.25915141831,23.105027390032
113.25915141831,23.105027390032
113.25917145052,23.104967723255
113.25935111163,23.10470105066
113.25948082694,23.104543490035
113.25958062868,23.10438534751
113.25979011353,23.104129144586
113.2597900237,23.104128812178
113.2597900237,23.104128812178
113.26004945433,23.103783440213
113.26008933909,23.103744216006
113.26012922386,23.103685047266
113.26026891037,23.103517596262
113.26029882394,23.103468233495
113.26045845283,23.103251170062
113.26057819695,23.103093358409
113.26070791227,23.102935712773
113.26075785805,23.102856682128
113.2608176852,23.102777817641
113.26094740052,23.102610199288
113.26156606352,23.101751162297
113.26170575003,23.101563680911
113.2618853213,23.1013269188
113.26188550096,23.101325755348
113.26188550096,23.101325755348
113.26204512985,23.101118577765
113.26209498581,23.101049518499
113.26234444525,23.100703889213
113.26244424699,23.100595687698
113.26250416397,23.100496793764
113.26275362341,23.100161135566
113.2630529388,23.099776361693
113.26348205934,23.099223714764
113.26374148997,23.098918137422
113.26395088499,23.09877170604
113.26400074094,23.098702645553
113.26425020038,23.098376872376
113.26431011736,23.098297922124
113.26434003094,23.098258530086
113.26442986149,23.098140104584
113.26463943616,23.097873667595
113.26501870075,23.097369962271
113.26546776367,23.096807332551
113.26557753661,23.096649180813
113.26561742137,23.096609871393
113.26573716549,23.096441912828
113.26588691302,23.096234395199
113.2659168266,23.096194919442
113.2660964877,23.095957898439
113.26623617421,23.095780215516
113.26704455933,23.094702893436
113.26709441529,23.094643720667
113.26760339519,23.093991571847
113.2681024039,23.093359116575
113.26852155325,23.092825391793
113.26852173291,23.092823064742
113.26852173291,23.092823064742
113.26963967412,23.091368982089
113.26968961991,23.091299751534
113.26985930982,23.091072196346
113.26998911496,23.090884035005
113.27004903194,23.090804914079
113.27009897773,23.09073568323
113.27018880828,23.09061700169
113.27031852359,23.090468815837
113.2705281881,23.090181752027
113.2705681627,23.090122411024
113.27056807286,23.090121663028
113.27056807286,23.090121663028
113.27058801525,23.09013196875
113.27060795763,23.09010229824
113.27066787461,23.090033150136
113.27068781699,23.090003479604
113.27070775937,23.089983865467
113.27071773056,23.089974058398
113.27077755771,23.089974806395
113.27082741367,23.089975471281
113.27091715439,23.089976634831
113.27095703915,23.089987189897
113.27100689511,23.089997828073
113.27107669344,23.090028745267
113.27143565633,23.090233280609
113.27190430231,23.0905091244
113.27196412946,23.090549848503
113.27226326519,23.090723466017
113.27243277544,23.090825525417
113.27253248735,23.090946700075
113.2733003589,23.091405550435
113.27343995558,23.091497137476
113.27354963868,23.091568362562
113.27365932178,23.091639587611
113.27386880663,23.091741895636
113.27398846092,23.091793174283
113.27413811862,23.0918547585
113.27417800339,23.091865147198
113.27424780172,23.091895897738
113.27431760006,23.091916675126
113.27462688665,23.091999867755
113.2748264003,23.092041921153
113.27536529378,23.092117301418
113.27642313835,23.092267147619
113.27693220808,23.092321584217
113.27704198101,23.092342527757
113.27736141845,23.092405192139
113.27736150828,23.092404693483
113.27736150828,23.092404693483
113.27753146768,23.092106164756
113.27757144228,23.092016572763
113.27816126968,23.090961410571
113.27820124427,23.090891764252
113.2783812647,23.090523253172
113.2784412715,23.090403823448
113.27853128172,23.090234610378
113.27884119712,23.089646934039
113.27893120733,23.089477636894
113.27943111435,23.088541138039
113.2794012906,23.088431015048
113.27937146686,23.088380898667
113.27934164312,23.088340755682
113.27927184478,23.088280416515
113.27927148546,23.088279336061
113.27927148546,23.088279336061
113.27903181755,23.088237780144
113.2787223513,23.088155748725
113.27799364587,23.087980548728
113.27784398817,23.08793949139
113.27776421864,23.087918962716
113.27771436269,23.087898683375
113.27705563526,23.08769339643
113.27692600977,23.087652422115
113.27686618262,23.087631976509
113.27671652493,23.087580779368
113.27661681301,23.087539971243
113.27661600454,23.087539057008
113.27661600454,23.087539057008
113.27656605875,23.087628568908
113.27599644323,23.088803271948
113.27596652966,23.088903005703
113.27596643983,23.088903005703
113.27596643983,23.088903005703
113.2759963534,23.08893325826
113.27605618055,23.088973816623
113.27609606531,23.089004152276
113.27609606531,23.089004152276
113.27610019752,23.089001658935
