113.24254848673,23.103911001907
113.24249827145,23.104032413934
113.24249827145,23.104032413934
113.24251821383,23.104042635475
113.24271763766,23.104095239004
113.24291706148,23.104117925828
113.24309663275,23.104030419486
113.24395460434,23.103622471308
113.24401443149,23.103593385527
113.24417406038,23.103515768012
113.2449321404,23.103186848748
113.24557047629,23.102906460636
113.24599932734,23.102703025145
113.24605915449,23.102683994603
113.2463085241,23.102567899928
113.24630870376,23.102567318208
113.24630870376,23.102567318208
113.24638856312,23.102488536653
113.24643850891,23.102429367353
113.24646842248,23.102419893614
113.24673773447,23.102284186388
113.24683744639,23.102225848027
113.24709678719,23.102040029376
113.24718661774,23.101951524425
113.2474061636,23.101695150598
113.24749599415,23.101546727793
113.24778560785,23.100981539547
113.24783555364,23.100872424115
113.24789547061,23.10075350232
113.24806525036,23.100386348266
113.24808528257,23.100326762507
113.24815517074,23.100178005755
113.24818517414,23.100118586113
113.2483047386,23.100150498204
113.24846418783,23.100183075122
113.24853389634,23.100204183632
113.24853389634,23.100203020171
113.24853389634,23.100203020171
113.24895241688,23.1002898642
113.24899230164,23.100300501551
113.24899230164,23.100300501551
113.24899230164,23.100300501551
113.24940076116,23.100417263042
113.24976942574,23.100513414598
113.25010817675,23.100639068039
113.25025765478,23.100691589813
113.25056649222,23.100806771984
113.25111436875,23.101026083216
113.25120401964,23.10105757957
113.25124381457,23.101088244879
113.25134334682,23.101179908347
113.25194098948,23.101410188639
113.25210034887,23.101452986989
113.2534447529,23.102306374903
113.25369367336,23.102460697168
113.25591410492,23.103979893481
113.2562127915,23.104195210583
113.25639200345,23.104338395016
113.25650150689,23.104410361132
113.25718862077,23.104762545791
113.25733800898,23.104835176489
113.25767667016,23.104961158246
113.25767684982,23.104961241348
113.25767684982,23.104961241348
113.25770667356,23.104991739552
113.25797562623,23.105096530331
113.2580852195,23.105138496481
113.25827449247,23.105201819635
113.25844382306,23.105234810821
113.25860318246,23.105257663652
113.25873271811,23.105259990486
113.25873271811,23.105259907384
113.25873271811,23.105259907384
113.25879254526,23.105221016019
113.25892217075,23.105143399456
113.25898199789,23.105124535466
113.25913156576,23.105047251252
113.25915150814,23.105027722438
113.25915141831,23.105027390032
113.25915141831,23.105027390032
113.25917145052,23.104967723255
113.25935111163,23.10470105066
113.25948082694,23.104543490035
113.25958062868,23.10438534751
113.25979011353,23.104129144586
113.2597900237,23.104128812178
113.2597900237,23.104128812178
113.26004945433,23.103783440213
113.26008933909,23.103744216006
113.26012922386,23.103685047266
113.26026891037,23.103517596262
113.26029882394,23.103468233495
113.26045845283,23.103251170062
113.26057819695,23.103093358409
113.26070791227,23.102935712773
113.26075785805,23.102856682128
113.2608176852,23.102777817641
113.26094740052,23.102610199288
113.26156606352,23.101751162297
113.26170575003,23.101563680911
113.2618853213,23.1013269188
113.26188550096,23.101325755348
113.26188550096,23.101325755348
113.26193535692,23.101296669064
113.26200515526,23.101257942745
113.26215472312,23.10119062873
113.26224446384,23.101162207247
113.26233420456,23.101143841314
113.26233411473,23.101143508899
113.26233411473,23.101143508899
113.26249356396,23.101136195767
113.26266298438,23.101159049304
113.26283231497,23.101231931284
113.26283231497,23.101231931284
113.26283231497,23.101231931284
113.26286222854,23.101262430345
113.26290211331,23.101283123164
113.26290202348,23.101283123164
113.26290202348,23.101283123164
113.26322074227,23.101488389109
113.26440587673,23.102387815862
113.26448555643,23.102459118212
113.26480427522,23.102654243794
113.26488395492,23.102705518229
113.26507322789,23.102818537983
113.26512299402,23.10284936909
113.26552148234,23.103075657564
113.26558121966,23.103116627121
113.26615909959,23.103405657434
113.26629860644,23.10348784564
113.26679680667,23.10369551814
113.26683669144,23.103716127478
113.2669562559,23.103767983218
113.26745454597,23.103935517007
113.26756413924,23.103977151115
113.26763393758,23.10399817592
113.26774353085,23.104039810008
113.26808237169,23.104144767743
113.26872025843,23.104353935047
113.269358235,23.104542908323
113.269966298,23.104751243985
113.27032517106,23.104876062402
113.27040494058,23.104897087064
113.27076390347,23.105001794817
113.27138211732,23.105199742104
113.27187070568,23.105345833994
113.27209007189,23.105418547474
113.27225958214,23.105460596623
113.27243906358,23.105512700984
113.27254874668,23.105533974848
113.2730174825,23.10566942945
113.27398504736,23.105940172038
113.27438407467,23.106044380364
113.27450381879,23.106085598308
113.27455367475,23.106106124174
113.27467341887,23.106147342098
113.2747531884,23.106168117257
113.27491281729,23.106229694808
113.2750525038,23.106281050963
113.27508241737,23.106291355432
113.27513227333,23.10632185333
113.27541155651,23.10644459276
113.27599015509,23.106700043313
113.27651889771,23.10693480144
113.27728721842,23.107311244578
113.27818534426,23.107738211243
113.27826520362,23.107778763864
113.2782951172,23.107788985117
113.27836500537,23.107829454623
113.27845483592,23.107880062263
113.27845501558,23.107880228462
113.27845501558,23.107880228462
113.27855481732,23.107940974224
113.27873447842,23.108042189399
113.27875442081,23.108062299465
113.27912362437,23.108314755332
113.27916350913,23.10835497538
113.27949282793,23.108627042076
113.27967239921,23.10879814299
113.28008148753,23.109190535803
113.28010142992,23.109210645696
113.28015128587,23.109260920414
113.28056028437,23.109763084862
113.28096919304,23.110415073134
113.28126832877,23.110976398733
113.28129824235,23.111036561396
113.2815474323,23.11158758031
113.28185662905,23.112118819875
113.28189651382,23.112199008362
113.28192642739,23.112249115755
113.28200628675,23.112369439898
113.28215594445,23.112600033169
113.28233560555,23.112840680709
113.28247538189,23.11300113986
113.28281476171,23.113352221477
113.28371324688,23.114394658346
113.28376319267,23.11444476491
113.2837632825,23.114444931101
113.2837632825,23.114444931101
113.28377316386,23.114514897449
113.28378313505,23.114554949427
113.28382301981,23.114665050757
113.28385302322,23.11468515982
113.28435221159,23.115316100906
113.28461173205,23.115736477346
113.28499090681,23.1164968742
113.28502082038,23.116546896876
113.28520039165,23.117007071374
113.28528016118,23.117227103686
113.28532004594,23.117327148469
113.28535993071,23.117417138853
113.2853699019,23.117447135634
113.28538984428,23.117507129176
113.28569877155,23.118747211213
113.28590807673,23.119577222124
113.28607740732,23.120407144752
113.28607749715,23.120407144752
113.28607749715,23.120407144752
113.28615735651,23.120617117345
113.28630710404,23.120977069589
113.28643690919,23.121237062188
113.28659671774,23.121457004394
113.28666669573,23.121526967045
113.28677664833,23.121656921324
113.28686656871,23.121726883869
113.2869465179,23.121796846377
113.2870464993,23.121876779744
113.28713650952,23.121936688192
113.28832622533,23.122805149923
113.28862616954,23.1230245079
113.28877618656,23.123124215951
113.2889462358,23.123233811631
113.28909625282,23.12334340722
113.28909607315,23.12334340722
113.28909607315,23.12334340722
113.28961637171,23.123351965477
113.28961637171,23.123351965477
113.28961637171,23.123351965477
113.29023701098,23.123029991844
113.29046724668,23.122949228271
113.29064744677,23.122888655559
113.29198897622,23.122382801707
113.29198897622,23.122382552435
113.29198897622,23.122382552435
113.29163917605,23.121624349675
113.29150937091,23.121265063917
113.29150928108,23.121265063917
113.29145223868,23.121278192322
