113.33624175139,23.125274817285
113.33624273952,23.125284871013
113.33624273952,23.125284871013
113.33605247842,23.125286615875
113.33590228174,23.125278140831
113.33582260204,23.124539065121
113.33582233255,23.124538815854
113.33582233255,23.124538815854
113.33507081016,23.124606201117
113.33491055245,23.124617833589
113.33484048462,23.124628552079
113.33448978615,23.124662203148
113.33434956066,23.124673669436
113.3342493996,23.124684720278
113.33417933177,23.124685468079
113.33391882317,23.124708317561
113.33386878755,23.124718869866
113.33386824857,23.124718786777
113.33386824857,23.124718786777
113.33363765355,23.124731333218
113.33281579384,23.124790658754
113.33276575822,23.124791240377
113.33261547171,23.12480303901
113.33259552933,23.124803288276
113.3324252106,23.124825306849
113.33226486307,23.124847242329
113.332164702,23.124848488663
113.33149303897,23.124916787747
113.33083134713,23.124975282312
113.33060084194,23.124998297922
113.33024996381,23.125032945962
113.3301296807,23.125044578396
113.32981886699,23.125068757237
113.3294980821,23.125103155993
113.32943798546,23.125103986881
113.32920739043,23.125127168646
113.3291472938,23.125127999534
113.32856564098,23.125186244739
113.32835507817,23.125199289668
113.32778348637,23.125247647289
113.32765314224,23.125259612058
113.32714164708,23.12530722186
113.32677055708,23.12533281316
113.32657005529,23.125345858074
113.32624909073,23.125370784658
113.32501517828,23.125490182928
113.32493504943,23.125491429256
113.32456386959,23.125537377205
113.32363079966,23.125622625978
113.32318937233,23.125659932685
113.32229636683,23.125744932115
113.32215596167,23.125757312282
113.32182493609,23.125772932893
113.32170456316,23.125775010101
113.32166449873,23.125775674808
113.32161437328,23.125776505692
113.3215341546,23.125777918194
113.32153119019,23.12577808437
113.32153119019,23.12577808437
113.32119998495,23.125823782955
113.3205979406,23.125914183017
113.32023673195,23.125940438905
113.32010638782,23.125952735965
113.31872156005,23.125956973466
113.31801917497,23.125929471256
113.31784867659,23.125912604339
113.31766811718,23.12590587419
113.31751765101,23.125878621235
113.31699591517,23.125757976988
113.31691569648,23.125759389491
113.31651433358,23.125756564486
113.31651433358,23.125686687155
113.31651325562,23.125686022448
113.31651325562,23.125686022448
113.31674412013,23.125681951116
113.31674412013,23.125681951116
113.31674852183,23.125673642274
