113.2670003627,23.127817306047
113.26692607284,23.127853615093
113.26692607284,23.127853615093
113.26690613045,23.127973260389
113.26687621688,23.128142757708
113.26683633212,23.128482084042
113.26682645076,23.12854190642
113.26682609143,23.128542072593
113.26682609143,23.128542072593
113.26675611343,23.129110965444
113.26676590496,23.129551072639
113.26682555245,23.130041943733
113.266845405,23.130352268377
113.26687522875,23.130662675381
113.26687522875,23.131112664543
113.26687522875,23.131462618131
113.26687495925,23.131462618131
113.26687495925,23.131462618131
113.2676525325,23.131494273431
113.26783201394,23.131506902315
113.2686395906,23.131568634278
113.26866950417,23.131559162619
113.2687492737,23.131550355638
113.26877918727,23.131550771061
113.26877918727,23.131550687977
113.26877918727,23.131550687977
113.26978636741,23.131604776126
113.26995587766,23.131607102498
113.27041464228,23.131623220928
113.27053429658,23.131624799537
113.27063400849,23.131626128892
113.27097311882,23.131640585627
113.27190070909,23.131682294128
113.27194059385,23.131682792636
113.27329730466,23.131748761831
113.27394579141,23.131775930495
113.27402565077,23.131776761341
113.27464431378,23.131823288704
113.2752730378,23.131859596653
113.2752730378,23.131859679737
113.2752730378,23.131859679737
113.27620125689,23.131908450353
113.27741908967,23.131978905997
113.27749894902,23.131979570673
113.27788827463,23.132012638285
113.2782078019,23.132055094429
113.27827769007,23.132075616278
113.27865713432,23.132198331886
113.27936607703,23.132483061568
113.2794359652,23.132503500267
113.27957574153,23.132544377656
113.27978549587,23.132605693715
113.28034478088,23.132718937256
113.28041466905,23.132729322756
113.2817732663,23.132875965924
113.2828623719,23.132960129891
113.28314219407,23.132980983935
113.28355191121,23.133032163569
113.28362188921,23.133042382876
113.2837718164,23.133062738405
113.28389174018,23.133073040794
113.28399172159,23.133093230151
113.28513131196,23.133265213435
113.28521126115,23.133275266557
113.28521144081,23.133275266557
113.28521144081,23.133275266557
113.28590124961,23.133335751442
113.28597122761,23.133335751442
113.28606123782,23.133345804559
113.28612124463,23.133345804559
113.28618125144,23.133355857675
113.28631123624,23.133355857675
113.28648119565,23.133355857675
113.28719121632,23.133355691508
113.28738120794,23.133355608425
113.28792135904,23.133335086773
113.28859158478,23.133334006686
113.28877169504,23.133333674352
113.28883170184,23.133333591268
113.28886170525,23.133323621234
113.28966209546,23.133311574108
113.28974213448,23.133311407941
113.29028246524,23.133299693149
113.2907228146,23.133288144523
113.29097299269,23.133257237404
113.29127329622,23.13319600473
113.29171373541,23.13310403104
113.29265480026,23.132839159751
113.29318551916,23.132676065905
113.29326564801,23.132635687061
113.29326582767,23.132634357717
113.29326582767,23.132634357717
113.29389670763,23.132390256542
113.29408696874,23.132309000163
113.29448761299,23.132156208126
113.29531899474,23.131819965322
113.29541915581,23.131789224029
113.29557941351,23.131727990677
113.29594008317,23.131585085051
113.29603027305,23.131554426789
113.29639094271,23.131441348423
113.2967916768,23.131327854536
113.29744294829,23.131151797575
113.29786380442,23.131037721845
113.29794393327,23.131006980371
113.29831475379,23.130903290159
113.29864550988,23.130819872654
113.2989061083,23.130747173093
113.29918673895,23.130674224235
113.29978815448,23.130527578632
113.29987834436,23.130516611362
113.30058001079,23.130418487491
113.30063013624,23.13040793564
113.30114145173,23.130341799606
113.30116148395,23.130331663176
113.30138201795,23.130299010572
113.30145217561,23.130298179717
113.30157245872,23.130276743651
113.3016526774,23.13027582971
113.30165285706,23.130273752572
113.30165285706,23.130273752572
113.30173307574,23.130292696072
113.30179326221,23.130301918565
113.30179326221,23.13030200165
113.30179326221,23.13030200165
113.30335739177,23.130631186052
113.30630598977,23.131188271877
113.30633608301,23.131187856453
113.30636617624,23.131197411223
113.30666710859,23.131252745791
113.3071185071,23.131345717783
113.30732915975,23.131392411466
113.30751978018,23.131429384211
113.30806154823,23.131540717808
113.30813179572,23.131549607875
113.30817194998,23.13155899645
113.3083625704,23.131605939312
113.30875387228,23.131679552334
113.30895455374,23.1317262459
113.30918532842,23.131772440943
113.30961678456,23.131885269773
113.30981746601,23.131931963267
113.30993783895,23.131969932875
113.31002811865,23.13198846071
113.31015855261,23.132026264133
113.310479607,23.132130867395
113.31063007317,23.132188361766
113.3110414971,23.132331349827
113.31116187003,23.132379289426
113.31132239723,23.132436534437
113.31173382115,23.132579439146
113.31185419409,23.132627378656
113.31196459584,23.132675484317
113.31216527729,23.132752004684
113.31216518746,23.1327519216
113.31216518746,23.1327519216
113.31290781662,23.133089075962
113.31290781662,23.133089075962
113.31290781662,23.133089075962
113.31307840484,23.133156041463
113.31334933378,23.133271278542
113.31341958127,23.133300025483
113.3137607577,23.133474002504
113.31385103741,23.133492447046
113.31390125269,23.133521526273
113.31404174767,23.133579020041
113.31421233588,23.133656038388
113.31492487181,23.133963446662
113.31563740774,23.134280824185
113.31577790273,23.134338317624
113.31604883167,23.134453470593
113.31616929444,23.134501326342
113.31695207786,23.134807403333
113.31703238637,23.134835983776
113.3170324762,23.134836233024
113.3170324762,23.134836233024
113.31764467141,23.135015359148
113.31824680559,23.135144718633
113.31917008399,23.135238435638
113.31974212494,23.135278398277
113.31974212494,23.135278481359
113.31974212494,23.135278481359
113.31986258771,23.13525638144
113.31998305048,23.135224394708
113.32005329797,23.135223231554
113.32010351325,23.135232370621
113.32054512023,23.135254719792
113.3206053067,23.135253722803
113.32080598815,23.135250316424
113.3210769171,23.135215754135
113.32126762736,23.135182521156
113.32149840204,23.13514862351
113.3215385563,23.135118049154
113.32159874277,23.135067119574
113.32165892924,23.135036212869
113.32171911571,23.135025245972
113.32173914792,23.135015026818
113.32175918013,23.13501477757
113.32179933439,23.135004143001
113.32182942762,23.135003727589
113.32191970733,23.135002232102
113.32193973954,23.135001982855
113.32196983277,23.135011454267
113.32202004805,23.135020593349
113.32206020231,23.135029898595
113.32212038878,23.135058894403
113.32216054303,23.135088222534
113.32216072269,23.135086727049
113.32216072269,23.135086727049
113.32272261279,23.134807237167
113.32279286028,23.134776164237
113.32343505889,23.134455547665
113.32380632856,23.134269524894
113.32404716426,23.134155618012
113.32450871364,23.133898226317
113.32476958156,23.133784069866
113.32510069697,23.133668833233
113.3252210699,23.13362695919
113.3252210699,23.133626294523
113.3252210699,23.133626294523
113.32564246502,23.133509645333
113.32626445175,23.133390005031
113.32639488571,23.133368070964
113.32684628423,23.133331264927
113.32686631645,23.133331015676
113.32747824216,23.133281913249
113.32762870833,23.133269783036
113.32775914229,23.133257902073
113.32794967289,23.133345056807
113.32828069847,23.133310327854
113.3302664028,23.133152718114
113.33092818447,23.133114084174
113.33092809464,23.133113336421
113.33092809464,23.133113336421
113.33143941013,23.133076779564
113.33212113419,23.133028424797
113.33324383641,23.132955311027
113.33398556727,23.132907122384
113.33407575714,23.132896238395
113.33454673872,23.132861343157
113.33470708626,23.132849794493
113.33882446956,23.132524105131
113.33981583952,23.132447667717
113.33984584292,23.132447584632
113.33989587854,23.13244733538
113.34001607182,23.132436700606
113.34009620067,23.132426315083
113.34012620407,23.132426231999
113.34055667207,23.132433792659
113.34076687556,23.132422742463
113.34356922943,23.13220148909
113.34367927186,23.132181299598
113.34438965185,23.132139757423
113.34498989959,23.132118820161
113.34506993862,23.132108766951
113.34533996925,23.132098547572
113.34545998287,23.132098464488
113.34558996768,23.132088411276
113.34673009703,23.132028091991
113.34705007345,23.132018288027
113.34741002447,23.131988626879
113.34875963867,23.13191061055
113.34957925261,23.131852700636
113.34978909678,23.131843395167
113.34996902737,23.131824036465
113.35008895116,23.13181448174
113.35039877673,23.131795621542
113.3506386243,23.131776595172
113.35238699631,23.131684703583
113.35252686248,23.131665511027
113.35272664563,23.131656704053
113.35315612549,23.13162928611
113.35352568838,23.131611672156
113.35431467011,23.13152709191
113.35493378226,23.131411687146
113.35524333834,23.13134413917
113.35551291983,23.131296365366
113.35647132198,23.131134598983
113.35799844134,23.130889165685
113.35821798721,23.130851445023
113.35824790078,23.130841807143
113.35831778895,23.130832584688
113.3584076195,23.13081355818
113.35857730941,23.130785392296
113.35909617067,23.130701060779
113.35909599101,23.1306969896
113.35909599101,23.1306969896
113.35921573514,23.130678295414
113.3592955945,23.130669239118
113.35939539624,23.130650461842
113.35948522679,23.130631518393
113.35970477266,23.130594046914
113.35986440155,23.13057593431
113.36044308996,23.130482795608
113.36245798921,23.130188174446
113.36290678265,23.130114228253
113.36303640813,23.130096032499
113.36316603362,23.130057896183
113.36325577434,23.130039201906
113.36344522697,23.129981872775
113.36349508292,23.12997265026
113.36366459317,23.129935095508
113.36385404581,23.129887819711
113.36471156825,23.129730205903
113.36485116492,23.129702289047
113.36501070398,23.129674704528
113.36539958044,23.129610562192
113.36582834166,23.129517090467
113.36582825183,23.129515678005
113.36582825183,23.129515678005
113.36631675036,23.129493078609
113.36666565222,23.129448544494
113.36703449646,23.129384402048
113.36826059365,23.129114122722
113.36864938028,23.129020567561
113.36869923623,23.129011428066
113.368739121,23.129002205483
113.36952657561,23.128785349987
113.3712507832,23.128284670002
113.37221744976,23.128041474777
113.37267585506,23.127929556634
113.37324385364,23.12776961406
113.37353283852,23.127694835647
113.3737521149,23.127628781348
113.37388165055,23.127601196398
113.37408098454,23.127544780172
113.37417063543,23.127516447419
113.37449950508,23.127422392608
113.37475857639,23.127377110011
113.37583483622,23.127106411157
113.37753883194,23.126716979393
113.37774813712,23.12667078259
113.37799723724,23.126615279934
113.37821651362,23.126559278729
113.37888413427,23.12641121608
113.37888413427,23.126409305057
113.37888413427,23.126409305057
113.37929268362,23.126316578868
113.37966143803,23.126233158478
113.38089714709,23.12595489626
113.38102668274,23.125927227873
113.3810765387,23.125918171253
113.38133561001,23.125862751371
113.38146514566,23.125835082966
113.38151500162,23.125816055741
113.38187378484,23.125742356376
113.3823023664,23.125639742197
113.38246181563,23.125602518573
113.38311964475,23.125453707059
113.38396692651,23.125257950285
113.38467461159,23.125109636917
113.38508334059,23.125026298857
113.38635938357,23.124746538505
113.38664854811,23.12468106436
113.38683800075,23.124644089734
113.390817045,23.123770820844
113.39097667389,23.123733015068
113.39109641802,23.123704681501
113.39128596048,23.123657154214
113.39258293397,23.12334324104
113.39258284414,23.123341496153
113.39258284414,23.123341496153
113.39293201549,23.123265551985
113.3937303396,23.122984707748
113.39531737594,23.122421438772
113.39569673036,23.122295224316
113.39631575269,23.122071045875
113.39637566967,23.122051685747
113.39647547141,23.122022687096
113.39654535958,23.121993356075
113.39697474961,23.12183714543
113.39731421926,23.121720070416
113.40012097483,23.120719984683
113.4003608224,23.120601413035
113.4003608224,23.120600499027
113.4003608224,23.120600499027
113.40050068857,23.120531283713
113.40122023128,23.120145073229
113.40125023468,23.120125297361
113.40170001625,23.119827495694
113.40194992484,23.119648681425
113.40249986748,23.119180954673
113.40311996777,23.118513221815
113.40406031398,23.117475969099
113.404140353,23.117396199268
113.40442044466,23.117146918237
113.40482054993,23.116917745463
113.40554063163,23.116648687147
113.40578065886,23.11654897423
113.4069610323,23.116099184945
113.40704107132,23.116069270954
113.40734119519,23.115949199449
113.40734128502,23.115947869937
113.40734128502,23.115947869937
113.40744135626,23.115907818379
113.40780157677,23.115767554737
113.40917257063,23.115245137841
113.40922260625,23.115225111958
113.40933273851,23.115184893992
113.40951293859,23.115114512522
113.40962307085,23.115074294523
113.40992337438,23.114953474261
113.41005353885,23.114903118604
113.41014363889,23.114872871962
113.41045400344,23.114751885326
113.41196594145,23.114165397724
113.41229642804,23.114043745678
113.41242659251,23.113993140388
113.41290736562,23.113810495848
113.41405926278,23.113363273262
113.41433980359,23.113261397375
113.41484069874,23.113067866213
113.41550203126,23.112812843395
113.41573253645,23.112731076445
113.41580269411,23.112700580019
113.41624367228,23.112526908139
113.41629361807,23.112666427337
113.41629325875,23.112664599212
113.41629325875,23.112664599212
113.41597265351,23.112787332777
113.41483045806,23.113226413875
113.41412924078,23.113501462045
113.41296737243,23.113938878865
113.41296710294,23.113938961961
113.41296710294,23.113938961961
113.41304705213,23.114098422636
113.4132868997,23.114576886605
113.41339685229,23.114806146517
113.41349674387,23.115015463212
113.41372662025,23.115463843558
113.41376659484,23.115553585921
113.4140164136,23.116101760872
113.41459617998,23.117317426513
113.41473631564,23.117446387792
113.41473631564,23.117446304698
113.41473631564,23.117446304698
113.41535731424,23.117491507591
113.41535731424,23.117491507591
113.41535731424,23.117491507591
113.41713029982,23.117585984912
113.41754109493,23.117602021952
113.41772147468,23.117560309024
113.41791191545,23.117528484211
113.41791191545,23.117528401118
113.41791191545,23.117528401118
113.41807163417,23.11826660186
113.41807163417,23.11826660186
113.41807163417,23.11826660186
113.41764089667,23.118150936279
113.41764089667,23.118150936279
113.41769111195,23.118004359924
