113.28961071238,23.123355455251
113.28961637171,23.123351965477
113.28961637171,23.123351965477
113.28967619885,23.123741739479
113.28976620907,23.123801480906
113.28976620907,23.123801480906
113.28976620907,23.123801480906
113.29013631094,23.123920215873
113.2909165791,23.124447168517
113.29119667076,23.124635947006
113.29117672838,23.12471604484
113.29111672157,23.124786338128
113.29105671476,23.124816582509
113.29097667574,23.124846909973
113.29097640625,23.124846909973
113.29097640625,23.124846909973
113.29085639263,23.124787418284
113.29049635178,23.124558923421
113.2899362583,23.124161009063
113.28960631068,23.123892131614
113.2895863683,23.12388224396
113.28947650554,23.123772648816
113.28928660375,23.123653248999
113.28901666295,23.123464053663
113.2890159443,23.123463555124
113.2890159443,23.123463555124
113.2889559375,23.12344369666
113.28885595609,23.12344394593
113.28876603571,23.123464136752
113.2886760255,23.123504352209
113.28843581861,23.123774809145
113.28831580499,23.12387501517
113.28831544567,23.12387501517
113.28831544567,23.12387501517
113.2882152846,23.123985191856
113.28789503869,23.124335662787
113.28771501826,23.124445922179
113.28749502324,23.124506161824
113.28730512146,23.124506328002
113.28695514163,23.124516547966
113.28684518904,23.124516631056
113.28677530087,23.124516631056
113.28677467206,23.124516547966
113.28677467206,23.124516547966
113.28660471265,23.124526601752
113.28652476346,23.124526601752
113.28646484649,23.124526601752
113.28639495832,23.124536572447
113.28610507513,23.124546543142
113.28582516313,23.124566401441
113.28565529356,23.124576289044
113.28558540539,23.124576289044
113.28530558323,23.124586010469
113.28505576446,23.124605702583
113.28472590668,23.124615257827
113.28474575923,23.124835277522
113.28474575923,23.124915292147
113.28472572702,23.125115203865
113.28471575583,23.125195218321
113.28469581345,23.12527514964
113.28452576421,23.125624786278
113.28438580821,23.125864496225
113.28433586243,23.125984392581
113.28433586243,23.126094401338
113.284365776,23.126234404799
113.28441563196,23.126444451257
113.28440566077,23.126584454348
113.28439568958,23.126664467917
113.28430576919,23.126844269781
113.284155842,23.127023988314
113.28413589962,23.127063953429
113.28410598605,23.1271838487
113.28407598264,23.127443746047
113.28406601145,23.127563724062
113.28404606907,23.12773363734
113.28399603345,23.128133451978
113.28398606226,23.1282834237
113.28396611988,23.128443365655
113.28395623852,23.128483330342
113.28390611307,23.128973208351
113.28389614188,23.129043167038
113.28381628252,23.129043083951
113.28381304862,23.129043000865
113.28381304862,23.129043000865
113.28318342629,23.129061279851
113.28265387519,23.129069588479
113.28226428009,23.129068259099
113.28223436652,23.129068259099
113.28180479682,23.129076484641
113.28164498827,23.129065849597
113.28131539998,23.129074324398
113.28102578629,23.129072995017
113.28040649447,23.129079725006
113.28025674694,23.129069006875
113.2801169706,23.129058288744
113.2799373095,23.129047321353
113.27963781444,23.12902555274
113.27946812453,23.129004531901
113.27940829739,23.128994229196
113.27937847364,23.128984092662
113.27913889556,23.128942632572
113.27853990545,23.128728601919
113.27853837833,23.128727604881
113.27853837833,23.128727604881
113.27824849514,23.129485434695
113.27794873059,23.130313135109
113.27791881702,23.130362903319
113.27785890004,23.130552421156
113.27776906949,23.130851694278
113.27773915592,23.130981473251
113.27749939818,23.131979487588
113.27750936937,23.132089574458
113.27742959984,23.132079022739
113.27742906086,23.132078939655
113.27742906086,23.132078939655
113.27737911507,23.132078524233
113.27593176523,23.13200599153
113.27530313104,23.131960045822
113.27524330389,23.131959547316
113.2752430344,23.131959381147
113.2752430344,23.131959381147
113.27487383083,23.131935618984
113.27462446122,23.13192315631
113.27437509161,23.13191061055
113.27397606431,23.131896403098
113.27397579482,23.131896236929
113.27397579482,23.131896236929
113.27395567277,23.132416012644
113.27395567277,23.132416012644
113.27395567277,23.132416012644
113.27397579482,23.131896236929
113.27394597107,23.13177601358
113.27402583043,23.131776844426
113.27402565077,23.131776761341
113.27402565077,23.131776761341
113.27464431378,23.131823288704
113.2752730378,23.131859596653
113.27533295478,23.131860178245
113.27533295478,23.131860261329
113.27533663783,23.131855276257
