113.27720511329,23.124053408295
113.27720286753,23.124057812035
113.27720286753,23.124057812035
113.27717304379,23.124047675124
113.27670412831,23.123813778164
113.27667430457,23.123773645891
113.27667394524,23.123773313533
113.27667394524,23.123773313533
113.27681390124,23.123414615223
113.27697388945,23.123006144992
113.27708402171,23.122567179344
113.27711402511,23.122507520452
113.27714402852,23.122407895028
113.27719406413,23.122238390381
113.27738414558,23.121720070416
113.27752428124,23.121261324814
113.27752419141,23.121260743176
113.27752419141,23.121260743176
113.27843264777,23.121477694066
113.27877211742,23.121550066344
113.27938125839,23.121654096232
113.27942123299,23.121664316416
113.28022018591,23.121709102418
113.28085942011,23.12175255895
113.28131890337,23.121774827302
113.28177847647,23.121796929468
113.28244789374,23.121829584165
113.28288761429,23.121811221092
113.28330739245,23.121802579645
113.28374720283,23.121773830211
113.28421701661,23.121754968585
113.28440691839,23.121745413135
113.2849567712,23.121706360418
113.28560669523,23.121647116594
113.28573668004,23.121637311863
113.28604668527,23.121607565302
113.28609672089,23.121597677477
113.28609663106,23.121596929658
113.28609663106,23.121596929658
113.28615663787,23.121596929658
113.28618664127,23.121596929658
113.28627665148,23.121587041833
113.2862966837,23.121587041833
113.28634671931,23.121577154006
113.28642675833,23.121567266179
113.28647679395,23.121567266179
113.28660677876,23.121547324341
113.28666678557,23.1215273825
113.28727691467,23.121377153866
113.28727682484,23.121376655319
113.28727682484,23.121376655319
113.28736683505,23.121456588939
113.28749673003,23.121616456034
113.28758665041,23.121716331326
113.28764656738,23.121836231431
113.28764656738,23.121836231431
113.28764656738,23.121836231431
113.2878065556,23.121916081683
113.28858646444,23.122414708446
113.28886637644,23.122664062669
113.28961628188,23.123351965477
113.29068670272,23.123808211162
113.29082674855,23.123857649455
113.29123700468,23.123975885835
113.29123718434,23.123975885835
113.29123664535,23.12397031884
