113.29456935879,23.146037048974
113.2945596571,23.146025999911
113.2945596571,23.146025999911
113.29448958927,23.145996591124
113.29427920612,23.145678161665
113.29410888739,23.145419380051
113.29407888399,23.145299667423
113.2940589416,23.14519989297
113.29404897041,23.145140078109
113.29404897041,23.145000177688
113.29403890939,23.144700271893
113.29406855347,23.143810104298
113.29408849586,23.143700027162
113.29408795687,23.143699113313
113.29408795687,23.143699113313
113.29375747028,23.143681334809
113.29362739564,23.14365225781
113.29355732781,23.143572752955
113.29355714815,23.143572669878
113.29355714815,23.143572669878
113.2934770193,23.143423213914
113.29340695147,23.143263705417
113.29329681921,23.142964460314
113.29314671236,23.14283544077
113.29314635304,23.142835191537
113.29314635304,23.142835191537
113.2930462818,23.142875816507
113.29233563231,23.143089907399
113.29217555427,23.143150803194
113.29210557627,23.14317115717
113.29189546261,23.143242271448
113.29176547781,23.143282896293
113.29164546419,23.143333490408
113.29148538615,23.143394219936
113.29121526568,23.143495491138
113.29033474662,23.143829045864
113.28998467697,23.143960307518
113.28943446484,23.144141996695
113.28938451905,23.144162101289
113.28858439834,23.144494075881
113.28852448136,23.144514180422
113.28842458979,23.144554389494
113.28828463379,23.144604650817
113.2880647286,23.144695038074
113.28806311165,23.144694954997
113.28806311165,23.144694954997
113.28797310144,23.144725111762
113.28794318786,23.144735164015
113.28781329289,23.144795311365
113.28763336229,23.144865510931
113.28643349562,23.145366211375
113.28628356843,23.145416223162
113.28600374627,23.145526132721
113.2859038547,23.145556123144
113.28581393431,23.14558611356
113.28577404955,23.145606051783
113.28553420198,23.145665866435
113.285334329,23.145705659778
113.28497455765,23.145745203882
113.28487466607,23.145755089906
113.28454489812,23.14579455092
113.28434511498,23.145814156808
113.28379544183,23.145872974457
113.28352568069,23.145902300195
113.28326589074,23.145921573765
113.28239660049,23.146008720173
113.28220687837,23.146027993727
113.28199712403,23.146047184203
113.28191726467,23.146016944664
113.28174748493,23.145976320657
113.28164768319,23.145955967111
113.28162783064,23.145945998026
113.28155794247,23.145925727551
113.28146811192,23.145905373998
113.28142822715,23.145885269668
113.28136840001,23.145855113168
113.28136579492,23.145854531637
113.28136579492,23.145854531637
113.2813557339,23.145784415671
113.28134576271,23.14570441364
113.28130578811,23.145554295473
113.28126590335,23.145494148467
113.28121604739,23.145423949234
113.28119610501,23.145403927907
113.28116619144,23.145373854373
113.28113627786,23.145343780833
113.2810663897,23.145263529308
113.28097655914,23.145173142438
113.2807467726,23.144942024262
113.28065694204,23.144851637174
113.27993757899,23.144177636655
113.2796079907,23.143875652074
113.27940829739,23.14368449174
113.27931846683,23.143613959239
113.27864922923,23.14299943597
113.27847953932,23.142818326771
113.27844962575,23.142778200249
113.27837982741,23.142677759277
113.27830993924,23.142557296471
113.27826008328,23.142457021486
113.27822019852,23.142286794765
113.27816028154,23.141906380037
113.27813027814,23.141396195566
113.2781281222,23.141394450916
113.27812138491,23.141384730724
