113.24571950518,23.148080694287
113.24571151026,23.148084598782
113.24571151026,23.148084598782
113.2455919458,23.148072885295
113.24534275585,23.148039240168
113.24481437255,23.147971534517
113.24468483689,23.147949769012
113.2446845674,23.147949436714
113.2446845674,23.147949436714
113.24471403182,23.147159728597
113.24472400301,23.147129987762
113.2449030353,23.146292589437
113.24490294547,23.146292423286
113.24490294547,23.146292423286
113.24473343522,23.14619996023
113.24462384195,23.146148453378
113.24437456217,23.146014950848
113.24435470962,23.145944751891
113.24433476724,23.145854531637
113.24433440791,23.145854116259
113.24433440791,23.145854116259
113.24413498409,23.145741299318
113.24406527558,23.145710395102
113.24389576533,23.145618097791
113.24389558567,23.14561793164
113.24389558567,23.14561793164
113.24384572972,23.145587193547
113.24375607883,23.145545987877
113.24375589916,23.145545904801
113.24375589916,23.145545904801
113.24361630249,23.145523972745
113.24305782595,23.145206372912
113.24278860379,23.145052848053
113.24264900712,23.144971017902
113.24261918337,23.144960716438
113.24175133042,23.144459432925
113.24172150668,23.144429109948
113.24170165413,23.144388900837
113.24169177276,23.144358827073
113.2416818914,23.144308814887
113.2416818914,23.144278907259
113.24167201004,23.14424883347
113.24167201004,23.144188935102
113.24168198123,23.144149141303
113.24170192362,23.144089492121
113.24174180838,23.144030092142
113.24174073041,23.144028845988
113.24174073041,23.144028845988
113.24183047114,23.143949922898
113.24183047114,23.143949922898
113.24183047114,23.143949922898
113.24188032709,23.143930565965
113.24191024066,23.143921012112
113.2423190595,23.143776375011
113.24238885784,23.143757350361
113.24244868499,23.143748211882
113.24249854094,23.143728937996
113.24259825285,23.14370035947
113.24384456192,23.143287465549
113.24404398574,23.143200317352
113.24431311807,23.143094227429
113.24448262832,23.143076781154
113.24489135733,23.142922755362
113.24498109805,23.142894176663
113.24498118788,23.142893262809
113.24498118788,23.142893262809
113.24514072694,23.142875650351
113.24699473968,23.142243926508
113.24781201803,23.141966944062
113.24794155369,23.141919091008
113.24816083006,23.141852711481
113.24852958447,23.141728758635
113.2493368018,23.14146207685
113.2494164815,23.141433497835
113.2496058443,23.141366702673
113.25080157877,23.140996919393
113.251499113,23.140778920409
113.25172827073,23.140722925185
113.2517281809,23.140722177474
113.2517281809,23.140722177474
113.25213673025,23.140609273085
113.25221640995,23.140540732846
113.25238583037,23.140463801579
113.25238574054,23.140463552341
113.25238574054,23.140463552341
113.25273455256,23.140379642376
113.25280426107,23.140360949555
113.25288394077,23.140342422889
113.25303341881,23.140295150803
113.25336219862,23.140191052458
113.25351167666,23.140143780318
113.25369097844,23.140087037112
113.25373086321,23.140067845773
113.25378071916,23.14004882059
113.25387037005,23.140020490509
113.2540098769,23.139973052149
113.25421909225,23.139916807346
113.25453790088,23.139792520371
113.25466743653,23.139754885321
113.2552851114,23.139545939985
113.2552851114,23.139544776868
113.2552851114,23.139544776868
113.25526516902,23.139494347467
113.2549063858,23.138657980938
113.25478691116,23.138375923092
113.25470723146,23.138194558333
113.25467740772,23.138134075665
113.25453799071,23.137811639436
113.25447825339,23.137670651228
113.25445840084,23.13760036477
113.25445840084,23.137540463397
113.25440863471,23.137399641063
113.25428916008,23.137077618454
113.25421945157,23.136846486161
113.25412989051,23.136514990904
113.25401041588,23.135772986863
113.25400053452,23.135662903052
113.25389112091,23.134441091238
113.25384144461,23.133850287267
113.25384144461,23.133520363105
113.2538514158,23.133310660189
113.25388141921,23.132631283606
113.2538913904,23.132491536151
113.25391142261,23.13201197361
113.253931365,23.131772440943
113.25392148363,23.13166235381
113.25392022601,23.131660525948
113.25392022601,23.131660525948
113.25389040226,23.131419995628
113.25376131576,23.130207865728
113.25367202419,23.12940641986
113.25363240892,23.129055796155
113.2536126462,23.128925516779
113.25359288348,23.128695284228
113.25357312076,23.128585028368
113.25354338685,23.128384623359
113.25353359532,23.128204574323
113.25348418851,23.127503818155
113.25347439698,23.127243754751
113.25347448681,23.127023822139
113.25347448681,23.126943891874
113.25346478511,23.126663803215
113.25347484614,23.126414124158
113.2534750258,23.126124229981
113.25348508682,23.125994529343
113.25348517665,23.125894657273
113.25348526648,23.125804755728
113.25350538852,23.125485197616
113.25357581567,23.124336659858
113.25360608857,23.123717311127
113.25360474111,23.123715566245
113.25360474111,23.123715566245
113.25363474452,23.123576141754
113.25370472252,23.123267463053
113.25377461068,23.123108761208
113.25377452085,23.123108678118
113.25377452085,23.123108678118
113.25387441243,23.1227705013
113.25401418876,23.122333113593
113.25424379565,23.121667390781
113.25431368382,23.121468720233
113.25444348897,23.12111117897
113.25447340254,23.121031826781
113.25462315007,23.120624595587
113.25466312466,23.120505442212
113.25477298743,23.120187533172
113.25481296202,23.120058325281
113.25487296883,23.119759526358
113.25511308589,23.118534078131
113.25513311811,23.118424561662
113.25513320794,23.118324683892
113.25519321474,23.11803585225
113.25519312491,23.118034522758
113.25519312491,23.118034522758
113.25448570933,23.118021975685
113.25434629231,23.118019565982
113.2541271956,23.118015743694
113.25378853442,23.118009844076
113.25371891574,23.118008680771
113.25352964277,23.118015328228
113.25346002409,23.118014164923
113.25320104262,23.11800967789
113.25276266953,23.118002033314
113.25276195088,23.118001534754
113.25276195088,23.118001534754
113.25260178301,23.118898606122
113.25258184063,23.118998234182
113.25251195246,23.119236958994
113.25241215072,23.119525206376
113.25241197106,23.119525206376
113.25241197106,23.119525206376
113.25239193884,23.119554870312
113.25223248962,23.119732022864
113.25208301158,23.119879428231
113.2518637352,23.120075608402
113.25175414193,23.120163685809
113.25162460628,23.12028142693
113.25159478253,23.120310924513
113.25146524688,23.120428665504
113.25138556718,23.120507270228
113.25135574344,23.120546738756
113.25120617557,23.120774160341
113.25116638064,23.120833487647
113.25100666192,23.121340676865
113.25096677715,23.121489991539
113.25095680596,23.121599837842
113.25092671273,23.122049276117
113.25092671273,23.122199254719
113.25091683137,23.12225907993
113.25090677034,23.122518903836
113.25090668051,23.122828830631
113.25090668051,23.123008803875
113.25089670932,23.123098624225
113.25087658728,23.123508257428
113.25087452118,23.123508091249
113.2508757788,23.123513325904
