113.29884529302,23.131564480041
113.29884574217,23.131566640244
113.29884574217,23.131566640244
113.29884574217,23.131536729741
113.2988158286,23.131327106772
113.29888598626,23.131306418638
113.29946727976,23.131180129551
113.29946727976,23.131179880296
113.29946727976,23.131179880296
113.29922680337,23.130772514087
113.29922680337,23.130772514087
113.29922680337,23.130772514087
113.29893620154,23.130845712146
113.29875591162,23.13089764037
113.29833505549,23.131012048561
113.29736308893,23.131281742424
113.29691231923,23.131405954293
113.2968322802,23.131426725497
113.29671217676,23.131457799213
113.29642175459,23.131540385469
113.29597098488,23.131694258317
113.29572062714,23.131786399154
113.29563052709,23.131827110594
113.2954602982,23.131888510069
113.29537019816,23.131919251338
113.29522000148,23.131980484602
113.29453899607,23.132255660059
113.29412847045,23.132408618151
113.2934876193,23.132662938628
113.29343767351,23.132683294215
113.29322747002,23.13274461021
113.29318749543,23.132674902728
113.29318569882,23.132674819644
113.29318569882,23.132674819644
113.29316575644,23.132444925939
113.29307583605,23.132055592936
113.2930259801,23.131606022397
113.29302606993,23.131426143904
113.29300612755,23.131346382462
113.2929463004,23.130876869083
113.29288647325,23.130497335552
113.29285655968,23.130277574507
113.29279673253,23.129938003509
113.29278685117,23.129778146443
113.29276690879,23.129688330616
113.29276690879,23.129668389999
113.29272702403,23.129458680991
113.29269711045,23.129268912333
113.29268722909,23.129199036852
113.29263737314,23.128909398021
113.29254763241,23.128290070643
113.29254763241,23.128250188984
113.29249786629,23.127750587112
113.29247801374,23.127610834513
113.29238827302,23.127021495687
113.29234847808,23.12678178783
113.29230859332,23.126632063674
113.29230679671,23.12663031883
113.29230679671,23.12663031883
113.29211662543,23.126511337025
113.2913461488,23.126065237394
113.29097604693,23.125876959469
113.29083609093,23.125817634419
113.29069613493,23.125758309342
113.29043607548,23.125649380455
113.29008600583,23.125510705793
113.28969596157,23.125292099726
113.28964601579,23.125262353985
113.28960613102,23.125232525148
113.289316158,23.125033444495
113.28865635261,23.124365159468
113.28853651865,23.124225486392
113.2884466881,23.124085730079
113.28831688296,23.123876095334
113.28832694398,23.123756197073
113.28832550669,23.123755033818
113.28832550669,23.123755033818
113.28858574579,23.123474522977
113.28861583903,23.123404561353
113.28861583903,23.123344653568
113.28861592886,23.123274774966
113.28858610512,23.123174900848
113.28853615933,23.123135100742
113.28853597967,23.123134685292
113.28853597967,23.123134685292
113.28845594065,23.123074860475
113.28714639088,23.122066808251
113.28696655011,23.121946991445
113.28684671616,23.121857170315
113.2867968602,23.121817286723
113.28642711766,23.121567432361
113.2862772803,23.121447532014
113.28613741413,23.121367598388
113.28609752936,23.121307689683
113.28600769881,23.121177735062
113.28599781745,23.121167847205
113.28596799371,23.121007979569
113.28594814116,23.120888078716
113.28595847167,23.120428250045
113.28578923091,23.119598410642
113.28558998675,23.118788508305
113.28535094765,23.117778512365
113.2853310951,23.117678634109
113.28529130017,23.117548675934
113.28527144762,23.117488765505
113.28523165268,23.117388803937
113.28522177132,23.117358890237
113.28522015437,23.117356979083
113.28522015437,23.117356979083
113.28514038484,23.117096978881
113.28490098642,23.11657681076
113.28488113387,23.116536842486
113.28451202014,23.115786500308
113.28425258951,23.115376178506
113.28414281657,23.115236080492
113.28372366722,23.114665300043
113.28359395191,23.114505092191
113.28359332309,23.114504427428
113.28359332309,23.114504427428
113.28356331969,23.114494372883
113.28334359416,23.114393827391
113.2833037094,23.11436382992
113.28305416013,23.114113213663
113.28281467188,23.11384257084
113.28220589023,23.113150547014
113.28206629356,23.112960090256
113.28200646641,23.112879985325
113.28183695616,23.112659364129
113.28176724765,23.112559149634
113.28169753915,23.112458935064
113.28154797128,23.112208398306
113.28122898299,23.111587081726
113.28122790503,23.111586250754
113.28122790503,23.111586250754
113.28119808128,23.11139612414
113.2811684372,23.111126140557
113.28113861346,23.111076115838
113.28104896257,23.110905765739
113.28083965738,23.110474903659
113.28054061148,23.109953546208
113.28049084536,23.109873356364
113.28039122327,23.109742891955
113.28032151477,23.109652563973
113.28028171983,23.109622399234
113.28002246886,23.109291085236
113.27961347036,23.108918802657
113.27941404654,23.108727675035
113.27926447867,23.108616820888
113.27919477017,23.10852649214
113.27866602754,23.108133017072
113.27840668674,23.107981277484
113.27832691721,23.107930752982
113.27828712228,23.107910559796
113.27823726632,23.107890283508
113.27823537988,23.107888621517
113.27823537988,23.107888621517
113.27766657283,23.107604337647
113.27737722863,23.107472125912
113.27641945529,23.107004106946
113.27593068727,23.106789791602
113.2753721209,23.10654456257
113.27508295636,23.106421823233
113.27501324785,23.106391242257
113.27485370879,23.106329747881
113.27470414092,23.106268336577
113.27464440361,23.106247810736
113.27456472391,23.106217063518
113.2744950154,23.106196454568
113.27434544753,23.106154987357
113.27372705402,23.105978398387
113.27345783186,23.105905519012
113.27298918587,23.105770313954
113.27241076696,23.105623640824
113.27206177527,23.105529487393
113.27201200914,23.105508961437
113.27158333775,23.105373755975
113.2707757611,23.105123538251
113.27034717954,23.10498799999
113.27027747103,23.104967141546
113.26971926399,23.104789719981
113.26952999102,23.104727227645
113.26916123661,23.104602159783
113.26889219411,23.104518476437
113.26803503099,23.104246235117
113.26771622236,23.104141609871
113.26758677654,23.10409980961
113.26751706803,23.104078867924
113.2674772731,23.104058341744
113.26690927452,23.103869866391
113.26650081501,23.103693689892
113.26628171829,23.103590393846
113.26593308593,23.103425020282
113.26566422309,23.103280920738
113.26546506876,23.103167901378
113.26507664145,23.102941779266
113.264827721,23.102797845402
113.26473815994,23.102746487901
113.26441953097,23.102541390106
113.26432996991,23.102480060153
113.26397154602,23.102214296697
113.26381227645,23.102081747181
113.26353344242,23.101917202772
113.26336420166,23.101784486753
113.26265714539,23.101362736471
113.26257755553,23.101311461518
113.26233860626,23.10114749788
113.26227895877,23.101126555729
113.26214951295,23.101074449646
113.26209983666,23.10105367369
113.26209507564,23.101049435395
113.26209507564,23.101049435395
113.26234453508,23.100703723005
113.26244433682,23.10059552149
113.2625042538,23.100496627555
113.26275371324,23.100160969357
113.26305302863,23.099776195484
113.26348214917,23.099223548554
113.26374157981,23.098917971212
113.26395097482,23.098771539829
113.26400083078,23.098702479343
113.26425029022,23.098376706165
113.26431020719,23.098297755913
113.26434012077,23.098258363875
113.26442995132,23.098139938373
113.26463952599,23.097873501384
113.26501879058,23.097369796059
113.26492922952,23.097328409197
113.26492904986,23.097327245711
113.26492904986,23.097327245711
113.26495905326,23.097257768943
113.26527831104,23.096893015311
113.26531819581,23.096843733187
113.26531828564,23.096843566974
113.26531828564,23.096843566974
113.26500935837,23.096758632141
113.26475037689,23.096684501107
113.26471058196,23.096673946573
113.26433203602,23.096577875344
113.26430221227,23.096567487015
113.26401331722,23.096482801326
113.26379422051,23.096429280607
113.26355518141,23.09638540025
113.26270825898,23.096251265887
113.2625289572,23.096228328399
113.26226000453,23.096203811877
113.26166218221,23.096193672839
113.260974709,23.096181871663
113.26090509033,23.096180708167
113.26081552927,23.096179212243
113.26088532761,23.096100510005
113.26088398015,23.096099429615
113.26088398015,23.096099429615
113.26100444292,23.095101644076
113.26101450394,23.095011887888
113.26108475143,23.09443329145
113.2611652396,23.093544947372
113.26119524301,23.093375572085
113.26121527522,23.093276007905
113.26138514479,23.092669146824
113.26147479568,23.092700728269
113.26147479568,23.092700146505
113.26147479568,23.092700146505
113.26130492611,23.093307173662
113.26129504475,23.093307090553
113.26129495492,23.093307007445
113.26129612272,23.093306758119
