113.27648646888,23.127750836373
113.27648215702,23.127761222262
113.27648215702,23.127761222262
113.27646230447,23.127751168722
113.27651225025,23.127681707877
113.27651216042,23.127681458615
113.27651216042,23.127681458615
113.27662193336,23.127752415028
113.27666181812,23.127782741821
113.2771907404,23.128087172582
113.27736043032,23.128178568143
113.27765992537,23.128310925422
113.27786958988,23.128402570089
113.27834874604,23.128576138102
113.27848852237,23.128627153262
113.27855841054,23.128647675642
113.27853846816,23.128727521794
113.27853837833,23.128727604881
113.27853837833,23.128727604881
113.27824849514,23.129485434695
113.27794873059,23.130313135109
113.27791881702,23.130362903319
113.27785890004,23.130552421156
113.27776906949,23.130851694278
113.27773915592,23.130981473251
113.27749939818,23.131979487588
113.27749894902,23.131979570673
113.27749894902,23.131979570673
113.27788836446,23.132012555201
113.27820789173,23.132055011345
113.2782777799,23.132075533194
113.27865722415,23.132198248802
113.27936616686,23.132482978484
113.27943605503,23.132503417183
113.27937622788,23.132613005113
113.27937604822,23.132613088197
113.27937604822,23.132613088197
113.2791163481,23.133081349172
113.27904654976,23.13319085354
113.27881685304,23.133609262418
113.27855724275,23.134137422812
113.27853739019,23.1341773027
113.27844755964,23.134406611821
113.27825792735,23.134885251792
113.27821804259,23.135004973827
113.27814824425,23.135224477791
113.27810835948,23.135344199519
113.27809847812,23.135374109164
113.27808859676,23.135464004222
113.27805877302,23.135563786003
113.27795897128,23.136013010795
113.27794908992,23.136172943426
113.27792923736,23.136422770272
113.27792923736,23.136762740069
113.27793920856,23.136882792734
113.27796921196,23.13711301107
113.27798915434,23.13725316906
113.27800909672,23.137393326901
113.27801906791,23.137463364226
113.2781389917,23.138254293249
113.27815902391,23.138534440506
113.27815902391,23.138564432511
113.2781689951,23.138614529945
113.2781789663,23.138774625599
113.2781789663,23.138864601431
113.27822909174,23.140115034861
113.2782392426,23.140835164846
113.27823933243,23.141055157628
113.27824939345,23.141395281702
113.27826942566,23.141705413615
113.27827948668,23.141895496787
113.27827948668,23.141925488031
113.2783595257,23.142356081802
113.2783595257,23.142386072943
113.27825981379,23.142455359928
113.27825828667,23.142455443006
113.27825828667,23.142455443006
113.27821831208,23.142475215545
113.27821831208,23.142475215545
113.27821831208,23.142475215545
113.27825828667,23.142455443006
113.27825828667,23.142455443006
113.27825828667,23.142455443006
113.27821822225,23.142285216283
113.27815830527,23.14190480155
113.27812830186,23.141394617073
113.2781281222,23.141394450916
113.2781281222,23.141394450916
113.27774867796,23.141381573738
113.27771885421,23.141381407581
113.27734956082,23.141378499831
113.27666082998,23.141372767409
113.27621176706,23.141368862716
113.27607208055,23.141367699616
113.27571284818,23.141354407043
113.27542350398,23.141341696018
113.27536367683,23.141341197546
113.27524402253,23.141340117524
113.27489485118,23.14132674187
113.27452573745,23.141313033899
113.27423648307,23.141300073634
113.27404694061,23.141258118923
113.27384742696,23.141176037192
113.27376765743,23.141135245544
113.27357811497,23.141053246816
113.27304937234,23.140887338393
113.27288983329,23.14083558024
113.27277017899,23.140804259486
113.27262061112,23.140722592869
113.27254084159,23.140661695959
113.27247113309,23.140610934666
113.27229165165,23.140498860974
113.27202242949,23.140395676661
113.27158360724,23.140320323814
113.2706561068,23.140358457178
113.2705863983,23.140367512812
113.27043692026,23.140375571495
113.26998821666,23.140429572966
113.26991850815,23.140468620169
113.26928044175,23.140549871547
113.269277657,23.140547711491
113.26930002481,23.140653637294
