113.27523782423,23.133766206949
113.27523279372,23.133769197949
113.27523279372,23.133769197949
113.27503328006,23.133767287032
113.27482379522,23.133755239947
113.27474402569,23.133754492197
113.27408556775,23.133717686267
113.27408520843,23.133717353933
113.27408520843,23.133717353933
113.27410515081,23.133797529366
113.27408520843,23.134557324194
113.27409517962,23.134687431871
113.27414503557,23.135397953792
113.27414485591,23.135397953792
113.27414485591,23.135397953792
113.27446420352,23.135441322757
113.27473360534,23.135444147555
113.27565176341,23.135443316732
113.27571168038,23.135433928433
113.27581148212,23.135434842338
113.2760610314,23.135447138518
113.27654018755,23.135461428671
113.27669990627,23.135452871196
113.27695942674,23.135475137247
113.27705922848,23.13547596807
113.2772489506,23.135487516505
113.27733878115,23.135488264245
113.27741864051,23.135498898775
113.27759830161,23.135510364126
113.27774804914,23.135531550099
113.27777796272,23.135531799345
113.27795771365,23.135553151479
113.27805751539,23.135563869085
113.27805760522,23.135563786003
113.27805760522,23.135563786003
113.27795771365,23.136013010795
113.27794783229,23.136172943426
113.27792797974,23.136422770272
113.27792780008,23.136422770272
113.27792780008,23.136422770272
113.27792780008,23.136472785434
113.27794774246,23.136572898782
113.27796768484,23.136873072211
113.27797765603,23.13702311713
113.27798762722,23.137113177232
113.2780075696,23.137253335222
113.27800765944,23.137253418303
113.27800765944,23.137253418303
113.27834712909,23.137235971259
113.27853685121,23.137227413898
113.27863674278,23.137218191887
113.27869665976,23.137218607293
113.27884640729,23.137219687348
113.27903612941,23.137211046905
113.27981513995,23.13723605434
113.28048437756,23.137259898634
113.28073410649,23.13727119767
113.28088394385,23.137262058744
113.2811137304,23.13726322188
113.28136345933,23.137284407572
113.28223274957,23.137328108244
113.2826524379,23.137359679063
113.28309215845,23.137351204791
113.28309206862,23.137350706305
113.28309206862,23.137350706305
113.28371171976,23.137362420739
113.28376166555,23.137372556632
113.28382167235,23.137372722794
113.28406151993,23.137373304362
113.28414146912,23.137383440254
113.28418144371,23.137383523335
113.2843313709,23.137383855659
113.28436137431,23.13738393874
113.28445138452,23.137384104902
113.28455136592,23.137394323874
113.28459134052,23.137394406955
113.28510121872,23.137405124413
113.28553114774,23.137405539818
113.28599108016,23.137405789062
113.28654102279,23.137405872143
113.28757110972,23.137415260302
113.28910164265,23.137432541161
113.28910173248,23.13743245808
113.28910173248,23.13743245808
113.2892117749,23.137432208837
113.28965203443,23.137441015428
113.2898921515,23.137440350779
113.29041253988,23.137438606078
113.29041253988,23.137438439916
113.29041253988,23.137438439916
113.2907228146,23.137327277433
113.29087292145,23.137316726131
113.29145340647,23.137134279868
113.29159354213,23.137143584965
113.29164357775,23.137133449055
113.29172361677,23.137123146982
113.29180365579,23.137102875157
113.29193382026,23.137082271005
113.2919939169,23.137072052009
113.29230428145,23.137040481121
113.29249445273,23.137049453901
113.29278478507,23.137047875356
113.2927848749,23.137047127625
113.2927848749,23.137047127625
113.29299507839,23.137125888663
113.29315524626,23.137184876329
113.29322531409,23.137214453234
113.29329538192,23.137233977311
113.2937760652,23.137420909814
113.29471748937,23.137784222766
113.29509810142,23.137891313908
113.29563897117,23.137986939828
113.29624002738,23.138061878597
113.29646047155,23.138089959855
113.29674101236,23.138117459542
113.29675107339,23.138127346135
113.29682123105,23.138136734244
113.29706170743,23.138184505584
113.2971518973,23.138203697195
113.29727209058,23.138242578893
113.29749253475,23.138310455676
113.29776310437,23.138407825983
113.29795354514,23.138525883229
113.29795336548,23.138525800149
113.29795336548,23.138525800149
113.29821396391,23.138793152483
113.29834421821,23.138951835559
113.29843440808,23.139060919678
113.29843449791,23.139060919678
113.29843449791,23.139060919678
113.29913616434,23.139963414932
113.29957732218,23.140518550725
113.29982794942,23.140825693849
113.29985804265,23.140875375034
113.30002854104,23.141083404409
113.30004857325,23.141113146601
113.3000986987,23.141172547887
113.30011873091,23.141202290059
113.30022904283,23.141341031389
113.30025913606,23.141380659874
113.30035938696,23.141509514677
113.30061010403,23.141836511216
113.30157290787,23.143094725894
113.30160300111,23.143124384558
113.30165312655,23.143183784942
113.30184374698,23.143431355488
113.30192396566,23.143510361965
113.3020443386,23.143648851647
113.30218474375,23.143777039628
113.30236530316,23.143954658285
113.30290698138,23.144457522163
113.30336844092,23.144881295444
113.3035089359,23.145019368312
113.30385002251,23.145324673331
113.30452222452,23.145895155682
113.30470287376,23.146042531967
113.30499383491,23.146278300451
113.3052246096,23.146454918851
113.30532495032,23.146533425073
113.30547550633,23.146641173748
113.30571634203,23.146827594533
113.30612776596,23.147141452107
113.30640875592,23.147357197605
113.30671983912,23.147582413266
113.30693058159,23.147759196077
113.30704098334,23.147847504319
113.30722163258,23.147994712284
113.30729188007,23.148053612039
113.3073822496,23.148132200387
113.30768336161,23.148407508463
113.3079644414,23.148663044355
113.30836598397,23.14904659649
113.30890811134,23.149597872857
113.30909891143,23.149794756718
113.3092796505,23.149991806433
113.30973149817,23.150434419564
113.3100126678,23.150729743381
113.31008300512,23.150818548079
113.31017337465,23.150927040923
113.31037432559,23.1512236928
113.31047475615,23.151372060026
113.31051491041,23.15143137364
113.31071577152,23.151678014984
113.31078610884,23.151756850399
113.31086641735,23.151835519623
113.31092669365,23.151894500742
113.31102712421,23.151962785893
113.31113752595,23.152030904864
113.31136839047,23.152157007941
113.31150897528,23.152224628382
113.31160931601,23.152262924464
113.31162934822,23.152262675249
113.31168962452,23.152291667287
113.31172977878,23.152310939927
113.31184018052,23.152349069841
113.31192048904,23.152377729573
113.31203089078,23.152415859467
113.31208110606,23.152424997349
113.31225178411,23.152492036152
113.31255289612,23.152556831989
113.31264326565,23.152585242461
113.31279382165,23.152612656069
113.3129042234,23.152610828495
113.31298453191,23.152609499351
113.31319527439,23.152545866542
113.31319536422,23.152545534255
113.31319536422,23.152545534255
113.31331573715,23.152463376445
113.31343611009,23.152401321927
113.31354651184,23.15239949435
113.31384744419,23.152254285002
113.31404812564,23.152200869853
113.31410831211,23.152199872991
113.31421871385,23.152198045412
113.31448973262,23.152223299234
113.31528275673,23.152389276535
113.3153429432,23.152398248275
113.31624636905,23.152572283299
113.31646717254,23.152598367765
113.31646726237,23.152597786264
113.31646726237,23.152597786264
113.31664782178,23.152434550588
113.31674807268,23.152242821099
113.31680816931,23.152081827926
113.31693833378,23.151659572973
113.31697839821,23.151538952188
113.31700840161,23.151428466111
113.31707855927,23.151257254046
113.3171186237,23.151166622048
113.31728903225,23.150863656523
113.31748953404,23.150510098951
113.31752959847,23.15043948701
113.3175596917,23.150399030505
113.31799069869,23.149601361941
113.31802079192,23.149550936366
113.31802070209,23.149549773338
113.31802070209,23.149549773338
113.31877348211,23.149666491485
113.31911465854,23.149650541396
113.31950605025,23.149573781563
113.31962642319,23.149541715213
113.32100110011,23.149187821818
113.32100118994,23.149187572597
113.32100118994,23.149187572597
113.32106092726,23.148536439508
113.32116063917,23.147414685372
113.32118058155,23.147184401855
113.32121067479,23.147163965419
113.32124076802,23.147163550045
113.32128092228,23.14716296852
113.32132107653,23.147182241907
113.32132107653,23.147181826532
113.32132107653,23.147181826532
113.32131101551,23.14722195172
113.32113171373,23.149185329607
113.3211316239,23.149185329607
113.3211316239,23.149185329607
113.3211316239,23.149185329607
113.3211316239,23.149185329607
113.32113225272,23.149185578828
