113.2670003627,23.127817306047
113.26692607284,23.12780359668
113.26692607284,23.12780359668
113.26693613386,23.127643820128
113.26696613726,23.127474405259
113.26697610845,23.12740461192
113.26702605424,23.127095443604
113.26707600003,23.126876341623
113.26708597122,23.126806547969
113.26711606445,23.126507099542
113.26711615428,23.126417198412
113.26715612888,23.126147910097
113.26715612888,23.126147245392
113.26715612888,23.126147245392
113.26676734225,23.12611135132
113.26665774898,23.126109772645
113.26622916742,23.126083267526
113.26620931487,23.126083018261
113.26584056046,23.126087255757
113.26556154677,23.126082935173
113.26533238903,23.126109274117
113.26484407016,23.126161453459
113.26420618341,23.126291070846
113.26403685283,23.126318323716
113.26387749343,23.126355713316
113.26370816284,23.126392936729
113.26362848314,23.126401577877
113.26350900851,23.126429578516
113.26339941524,23.126457745325
113.26322011346,23.126494719446
113.26288136245,23.126569000008
113.26287992516,23.126568584569
113.26287992516,23.126568584569
113.26276054036,23.126146580687
113.26267115896,23.12580517117
113.26260163011,23.125554077992
113.26254207246,23.125323174879
113.26251233855,23.125212750038
113.26246266225,23.125042002643
113.26241307579,23.124841259926
113.26237337068,23.124680648915
113.26233375541,23.124380115529
113.26229414014,23.124139572005
113.26217502483,23.123517729662
113.26217511466,23.123327869413
113.26219514687,23.123208303016
113.26219424856,23.123207305936
113.26219424856,23.123207305936
113.2623040215,23.122839216905
113.26234390626,23.122749978011
113.26236393848,23.122660406696
113.26246383005,23.122302203921
113.26266361319,23.121595766385
113.26266370302,23.121595517112
113.26266370302,23.121595517112
113.26240463172,23.121551063436
113.26167736357,23.121388703529
113.26159768388,23.121397345003
113.26137858716,23.121353639081
113.26123917015,23.121321316631
113.26076100212,23.121213131922
113.25989431697,23.121008062661
113.25986449323,23.120997593152
113.2593863252,23.120899296056
113.25936647265,23.120888992722
113.25930682517,23.120878024655
113.25927700142,23.120877609198
113.25927610312,23.120876861375
113.25927610312,23.120876861375
113.25928616414,23.120797010497
113.25930619635,23.120647445769
113.25945612354,23.120070290519
113.25954595409,23.119822011617
113.25981553558,23.119146969844
113.25999546617,23.118450320475
113.26002564923,23.118080971849
113.26012607979,23.11717292658
113.26012607979,23.117172344924
113.26012607979,23.117172344924
113.25988695086,23.117138193393
113.2594586388,23.117080775592
113.25937904893,23.117069474835
113.25905035894,23.117043715753
113.25885120461,23.117020283294
113.25876164355,23.116998761989
113.25873181981,23.11699834652
113.25828356536,23.116950484455
113.25785525329,23.116902954749
113.2575365345,23.116867390551
113.25731743778,23.116843542591
113.25665996798,23.116751889938
113.25665889001,23.11675089281
113.25665889001,23.11675089281
113.25648955943,23.11672787577
113.25569267261,23.116613787635
113.25542380977,23.116579054301
113.25542354028,23.116578888113
113.25542120468,23.116575148878
