113.24548594575,23.116591767699
113.24548738303,23.116592266264
113.24548738303,23.116592266264
113.24552717797,23.116652841851
113.24559688648,23.116763855474
113.24575615604,23.117016211696
113.24580592217,23.117086924533
113.24596519174,23.11734933447
113.24611457994,23.117531558671
113.24620423083,23.117622878412
113.24642332755,23.117856204633
113.24660262932,23.118028955514
113.24660271916,23.118029038607
113.24660271916,23.118029038607
113.24676225821,23.117961483816
113.24686197013,23.117913123539
113.2468918837,23.117903650905
113.24703148038,23.117845901062
113.24708133633,23.117826789598
113.24724087539,23.117779426392
113.24743032802,23.117712536221
113.24799859609,23.117561721613
113.24804845204,23.117542610108
113.24845718105,23.117449296067
113.24867645742,23.117432926633
113.24902526945,23.117408746401
113.24948376459,23.11737642299
113.24972298334,23.117360469015
113.25019144967,23.117328394874
113.25061994139,23.117325735877
113.25113817384,23.117314684422
113.25143712992,23.117339778702
113.25150683842,23.117350996342
113.25184558943,23.117386809691
113.25220428282,23.117423038497
113.25278225259,23.117443147143
113.25278234242,23.117441983833
113.25278234242,23.117441983833
113.25337019354,23.117422290655
113.2534200495,23.117423204685
113.25353961396,23.117445307576
113.25359935128,23.117476384566
113.25370894455,23.117538289246
113.25375871068,23.117559145715
113.25388824633,23.117591469081
113.25436650418,23.117599944616
113.25448606865,23.117602105046
113.25522339781,23.117625205028
113.25522339781,23.117625121935
113.25522339781,23.117625121935
113.25527361309,23.117136116049
113.25531394701,23.116567005655
113.25531394701,23.11656692256
113.25531394701,23.11656692256
113.25535428092,23.116027723733
113.25536434194,23.115888041879
113.25536434194,23.115887958785
113.25536434194,23.115887958785
113.25535446058,23.115807772526
113.25538446399,23.115658451458
113.25540467586,23.115348923388
113.2554347691,23.115129552721
113.25549495557,23.11473077913
113.25552495897,23.114631397153
113.25554499118,23.114551874898
113.25554490135,23.114551376326
113.25554490135,23.114551376326
113.25559484714,23.114482324047
113.25562476071,23.11441293935
113.25564470309,23.114373385902
113.25567461667,23.114324027171
113.25571459126,23.114234865645
113.25574450484,23.114175452294
113.25583442522,23.113947188441
113.2558543676,23.113887608769
113.25601426598,23.113400666513
113.25615422198,23.112923361653
113.25623417117,23.112684874772
113.25626417457,23.112605517544
113.25629417798,23.112526160269
113.25636406615,23.112397526595
113.2564139221,23.112318501583
113.25649378146,23.112190033902
113.25666347137,23.111853241906
113.25684313247,23.111536558597
113.25720245468,23.110873191451
113.25724233944,23.110803971063
113.25725231063,23.110784276901
113.25728222421,23.110724945102
113.25781150581,23.109554673967
113.2578314482,23.109515119071
113.25783153803,23.109513124706
113.25783153803,23.109513124706
113.25787160245,23.10932382611
113.25831087385,23.108471895986
113.25833081623,23.108422368862
113.25842046712,23.108423947747
113.25850014682,23.108455359247
113.2585997689,23.108467159332
113.25865950621,23.108478211524
113.25871924353,23.108489263715
113.25876900966,23.108500149706
113.25876918932,23.108499983508
113.25876918932,23.108499983508
113.25899834705,23.10854402606
113.25934706925,23.10861017296
113.25942674895,23.108631612526
113.25991488816,23.108720196122
113.26009418994,23.108753352631
113.26086134285,23.108916725185
113.26137939564,23.109065638344
113.26145907534,23.109096966593
113.26151881265,23.109117990587
113.2618077077,23.10921297246
113.26201692306,23.109266571125
113.26232585032,23.109311859903
113.2628838777,23.109341276826
113.26306326931,23.109354323312
113.26329251688,23.109358145849
113.26371103742,23.109385152901
113.26388045784,23.109437920511
113.26409964438,23.109531489481
113.26434865467,23.109665527331
113.26461760734,23.109809869241
113.26476708538,23.109882247883
113.26501618549,23.110006230493
113.26538476024,23.110202092867
113.26552426709,23.110264333332
113.26565380274,23.110356405955
113.26569368751,23.110387069116
113.26607214362,23.110682980719
113.26677937955,23.111233834906
113.26684908805,23.111284856734
113.26693873894,23.111336210933
113.26703836103,23.111387731307
113.26775583764,23.111718458391
113.26784548853,23.11175975767
113.26897169414,23.112215960119
113.26916105695,23.112288586739
113.26929068243,23.112340356034
113.26951993,23.112433507474
113.2697092928,23.112516105574
113.26979903352,23.112547349912
113.2700083387,23.112630197232
113.27034726937,23.112764730531
113.270536722,23.112847245329
113.27117478841,23.113105508835
113.27159357843,23.113270787244
113.27190286502,23.113224751951
113.27268106708,23.113114233945
113.2728107824,23.113095869666
113.27297041129,23.113067783116
113.27327978771,23.113011443807
113.27335964707,23.112992414743
113.27357919293,23.112954938281
113.27421788815,23.112851981826
113.27427780513,23.112822731875
113.27446743742,23.112764813628
113.27466704091,23.112727004715
113.27522605642,23.112602775356
113.27569524139,23.112537378316
113.27585496011,23.112538874055
113.27608447717,23.11261100192
113.27617421789,23.112691771785
113.27617403823,23.112690608434
113.27617403823,23.112690608434
113.27615400602,23.112750437933
113.27611412125,23.112830044363
113.27611394159,23.112830044363
113.27611394159,23.112830044363
113.2762136535,23.112950949654
113.27640283664,23.113392606191
113.27645260277,23.113582979232
113.27660136216,23.114584115901
113.27667089101,23.114984634931
113.27668077237,23.115064738591
113.27671059611,23.115244971651
113.27672047747,23.115395041039
113.27672047747,23.115465006885
113.27673035883,23.11553505579
113.276730269,23.115685041755
113.27674015036,23.115805113499
113.27672002832,23.116054895617
113.27672990968,23.11618493835
113.27672981985,23.116364920606
113.27671975883,23.116534765133
113.27674904359,23.117294908132
113.27674868426,23.117294908132
113.27674868426,23.117294908132
113.27719792685,23.117318756011
113.27734767438,23.117329973653
113.27752733548,23.117331386245
113.2777170576,23.117322993787
113.27801655266,23.117315432265
113.27828613414,23.117297567129
113.27853577324,23.11727945271
113.27858571903,23.117279785085
113.2789052463,23.117282028614
113.27895519209,23.117292332229
113.27898510566,23.117302552749
113.27898519549,23.117302220374
113.27898519549,23.117302220374
113.27913494302,23.11740317913
113.27930445327,23.11772425239
113.27932439565,23.117784411993
113.2794939059,23.118075487699
113.27955373305,23.118215831995
113.27966332632,23.11850649129
113.27966332632,23.118506408197
113.27966332632,23.118506408197
113.27995302985,23.118438105813
113.28031271137,23.118350276539
113.2806024149,23.118271919816
113.28166160693,23.118007185093
113.28201140709,23.117938799359
113.2824513073,23.117690599562
113.28301122112,23.117372683777
113.28310123134,23.117323076881
113.28318127036,23.117233418808
113.2831810907,23.117232837152
113.28317884493,23.117239900116
