113.33237005464,23.138543413184
113.33237176142,23.13853535439
113.33237176142,23.13853535439
113.33237176142,23.138545324032
113.33237176142,23.138575316035
113.33239188347,23.138845077594
113.33239188347,23.138885039146
113.33241200551,23.139244775649
113.33241200551,23.139244858729
113.33241200551,23.139244858729
113.33249222419,23.13924386177
113.3335046145,23.139192269135
113.33401575034,23.139176733184
113.3342161623,23.139164686591
113.33441657425,23.139152639996
113.33461698621,23.1391405934
113.33470717609,23.1391397626
113.33478730494,23.13913901488
113.33488755583,23.139128048323
113.33496768468,23.139167262069
113.33496768468,23.13927725989
113.33496777452,23.139276595251
113.33496777452,23.139276595251
113.33497792537,23.139836552535
113.33497792537,23.139926527646
113.3349780152,23.140396590532
113.33497810503,23.140746602693
113.33497828469,23.141346597655
113.33497828469,23.141436571741
113.33497846435,23.142096629076
113.33497855418,23.142276659248
113.33497873384,23.142806695896
113.33498888469,23.143236622185
113.33498897453,23.14349665422
113.33498906436,23.143636639305
113.33498915419,23.143786676568
113.33498933385,23.144296685683
113.33497954232,23.144516838873
113.33499014232,23.145646842055
113.33499068131,23.146716938376
113.33499086097,23.147026974761
113.3349909508,23.147206998235
113.3349909508,23.147206998235
113.3349909508,23.147206998235
113.33499113046,23.14753705448
113.33499148978,23.148077122089
113.33499157961,23.148267113046
113.33498187791,23.14856725999
113.33498196774,23.148737312496
113.33498205757,23.148817312696
113.33497226604,23.148977396024
113.3349533118,23.150447794299
113.33493372874,23.150898048586
113.33492384738,23.150978130554
113.33482377614,23.150999147909
113.33482314733,23.150999230981
113.33482314733,23.150999230981
113.33421185043,23.151105646865
113.33399149609,23.151127993359
113.3337210163,23.151180993579
113.33366100949,23.151201678612
113.3332602754,23.151276194547
113.33321023979,23.151276776054
113.33316020417,23.151287326244
113.33288972438,23.151330440793
113.3324187428,23.151475983443
113.33230861055,23.151487281267
113.33223854272,23.151468174651
113.33223755458,23.151468257724
113.33223755458,23.151468257724
113.33223818339,23.152278375809
113.33223836305,23.152488381001
113.33223836305,23.152518369848
113.33224842408,23.152618304933
113.33224851391,23.152688334211
113.33224851391,23.15272837466
113.33224860374,23.15279840388
113.33225875459,23.153008325177
113.33225884442,23.153078354249
113.33224905289,23.153218495354
113.33225929357,23.153478424729
113.3322593834,23.15358841067
113.33227950545,23.153718167382
113.33227941562,23.153718084311
113.33227941562,23.153718084311
113.33230950885,23.153757792165
113.33230950885,23.153757792165
113.33230950885,23.153757792165
113.3323196597,23.153857643244
113.33232990039,23.154077531335
113.33232064784,23.154867779707
113.33232064784,23.154917787907
113.33232055801,23.154917870977
113.33232055801,23.154917870977
113.33232064784,23.155027855724
113.33241101737,23.155246828104
113.33256175304,23.155615076363
113.33327491778,23.157227116131
113.33329503983,23.157286925535
113.33329503983,23.157316913296
113.33330510085,23.157356786208
113.33338549919,23.157585889085
113.33339556021,23.157625761916
113.33338567885,23.157665883941
113.33338567885,23.157695871616
113.33334570426,23.157736325892
113.33315544315,23.157848551141
113.3329050854,23.157991511516
113.33282504638,23.158032464111
113.33223396136,23.158349534789
113.33223342237,23.158349534789
113.33223342237,23.158349534789
113.33218338676,23.158400206218
113.33115150322,23.159073220638
113.33048028934,23.159572039906
113.3289070869,23.160733812186
113.32888714452,23.160754080395
113.32882713771,23.160804917037
113.32882659873,23.160805000104
113.32882659873,23.160805000104
113.32867649188,23.161117163237
113.3286565495,23.161157450336
113.32865663933,23.161207456161
113.32865672916,23.161297499826
113.32867694103,23.161407230077
113.32884770891,23.161674868504
113.32884752925,23.161674868504
113.32884752925,23.161674868504
113.32884761908,23.161734925097
113.32884761908,23.161774962811
113.32892792759,23.161873811057
113.32925922266,23.162179243363
113.32930943794,23.162218533353
113.32976101612,23.162522386622
113.33050346562,23.162902492957
113.33059374533,23.162951335213
113.33054370971,23.162992037079
113.33050373512,23.163012554137
113.33050355545,23.163012471072
113.33050355545,23.163012471072
113.33004254507,23.163288661933
113.32985219413,23.1634012978
113.3297821263,23.163452299555
113.32950167532,23.163666191065
113.32923128536,23.163920036231
113.32919131077,23.16396057167
113.32908117851,23.164062159408
113.32896107506,23.164213917886
113.3288209394,23.164385943843
113.32861073591,23.164669026148
113.32848057145,23.16481089933
113.32825024591,23.165074294628
113.32808998821,23.165246651721
113.32795991357,23.165458629873
113.32786990336,23.165629989706
113.32784007962,23.165760482188
113.32783019826,23.165810652402
113.32784034911,23.165960498423
113.32782058639,23.16612081022
113.32781896944,23.166120727157
113.32781896944,23.166120727157
113.32792946102,23.166239175023
113.32797967629,23.16629848198
113.32810013906,23.166436781712
113.32824072388,23.166604734706
113.32835121545,23.166763135282
113.32856213759,23.167050199503
113.32878312074,23.167367082462
113.32887349028,23.167485861462
113.32986764498,23.168742337406
113.32992801111,23.168911533395
113.33003850269,23.169080064677
113.33010884001,23.169179156652
113.33027951806,23.169416960476
113.33050041138,23.169734086951
113.33084185731,23.170239677013
113.33101253536,23.170487529231
113.33107281166,23.170576735981
113.33117324221,23.170715446544
113.33122345749,23.170794852047
113.33149456609,23.171231498399
113.3313543406,23.171313312326
113.33135425077,23.171313312326
113.33135425077,23.171313312326
113.33107308115,23.170876749304
113.33092252514,23.170648749208
113.33082218442,23.170510121635
113.33076199795,23.170410947597
113.33062150297,23.170212848478
113.33062123348,23.170212516236
113.33062123348,23.170212516236
113.33053095377,23.170213679083
113.33005979253,23.170229958938
113.32995963147,23.170251305479
113.32992971789,23.170291755919
113.32990977551,23.170322072976
113.32990932636,23.170322072976
113.32990932636,23.170322072976
113.329899445,23.170402226258
113.3297497873,23.171074432129
113.32968996015,23.171295288348
113.32968007879,23.171355423637
113.32965025505,23.171505844799
113.32961037029,23.171636414549
113.32960048893,23.17172653418
113.32953051093,23.171857519008
113.32951056854,23.17192778729
113.32946089225,23.172318581252
113.32943106851,23.17245903423
113.32940124476,23.172619504275
113.32930144302,23.173000993615
113.32928159047,23.173101328535
113.32926173792,23.173191613285
113.32918178873,23.173422765223
113.32914190396,23.173533316006
113.32910219886,23.17388398813
113.32907246495,23.174174442285
113.3290126378,23.174475361088
113.32896278184,23.174726112391
113.32892298691,23.174946713344
113.32892101064,23.174946713344
113.32892101064,23.174946713344
113.32964297878,23.174846628996
113.32991372806,23.174812990672
113.32991363823,23.174812907614
113.32991363823,23.174812907614
113.32999385691,23.174801860953
113.33000391793,23.174791810981
113.33000391793,23.174791727924
113.33000751115,23.174794717998
