113.23801204391,23.096523024957
113.23801626594,23.096521445931
113.23801626594,23.096521445931
113.23897376978,23.096991330184
113.23967193283,23.097319018201
113.24006080928,23.097513403381
113.24014057881,23.097554291549
113.24015046017,23.097634405727
113.24015055,23.097634405727
113.24015055,23.097634405727
113.24016043136,23.097764466504
113.24021989919,23.098155063601
113.2402893382,23.098605827843
113.24034898569,23.098856473375
113.24049801457,23.099508099682
113.24051786712,23.099578323216
113.24056763325,23.099738881501
113.24075663673,23.100261027002
113.24077648928,23.100331250138
113.24084610796,23.100522057431
113.24103511144,23.101074283438
113.24119429117,23.101506173269
113.24119420134,23.101506173269
113.24119420134,23.101506173269
113.24133352853,23.101867839409
113.24138329465,23.102018422539
113.2420597187,23.10379665345
113.24228851711,23.104399474806
113.24231834086,23.104469861957
113.2423481646,23.104550221268
113.24243772566,23.104761382369
113.24280576143,23.105676077525
113.24284546653,23.105836545336
113.2430047361,23.106108617194
113.24304453103,23.106189141714
113.24311414971,23.106400050908
113.24313400226,23.106450326691
113.243163826,23.106560684045
113.24321341247,23.106791287406
113.24323317519,23.106951504569
113.24333252778,23.107282824405
113.24347185496,23.107534700056
113.24349179734,23.107575003439
113.24365106691,23.107857126783
113.24408908068,23.108613164527
113.2441388468,23.108693853727
113.24471618775,23.109651982284
113.24480574881,23.109823248074
113.24518393543,23.110538639758
113.24549250338,23.111063152619
113.24590060357,23.111749204335
113.24623890542,23.112384231118
113.24632846648,23.112575602765
113.24633834784,23.112625710016
113.24636817159,23.112706147487
113.24646743435,23.113167581746
113.2464872869,23.113287905056
113.2464872869,23.113307931232
113.24650695979,23.113588214279
113.2464969886,23.113728064745
113.24643698179,23.114047069505
113.24639709702,23.114156423396
113.24638721566,23.114206280763
113.24633735971,23.114335494352
113.24630744613,23.114415016737
113.24620773422,23.114563425155
113.24617791048,23.114602978547
113.24608816976,23.114691558158
113.24601846125,23.114750472707
113.2457092645,23.114965772339
113.24552978305,23.115103045408
113.24506095741,23.115456032646
113.24503113367,23.115485614396
113.24500130992,23.115535138885
113.24500130992,23.11557510746
113.24500130992,23.115615076024
113.24502116248,23.115675319678
113.24503113367,23.115715454401
113.24505107605,23.11574570085
113.24514072694,23.115876990304
113.24524025919,23.116038442917
113.24523864224,23.116038609106
113.24523864224,23.116038609106
113.2454475881,23.11653169065
113.2455272678,23.116652841851
113.24559697631,23.116763855474
113.24575624587,23.117016211696
113.245806012,23.117086924533
113.24596528157,23.11734933447
113.24611466977,23.117531558671
113.24620432066,23.117622878412
113.24642341738,23.117856204633
113.24660271916,23.118028955514
113.24660271916,23.118029038607
113.24660271916,23.118029038607
113.24676225821,23.117961483816
113.24686197013,23.117913123539
113.2468918837,23.117903650905
113.24703148038,23.117845901062
113.24708133633,23.117826789598
113.24724087539,23.117779426392
113.24743032802,23.117712536221
113.24799859609,23.117561721613
113.24804845204,23.117542610108
113.24845718105,23.117449296067
113.24867645742,23.117432926633
113.24902526945,23.117408746401
113.24948376459,23.11737642299
113.24972298334,23.117360469015
113.25019144967,23.117328394874
113.25061994139,23.117325735877
113.25113817384,23.117314684422
113.25143712992,23.117339778702
113.25150683842,23.117350996342
113.25184558943,23.117386809691
113.25220428282,23.117423038497
113.25278225259,23.117443147143
113.25278234242,23.117441983833
113.25278234242,23.117441983833
113.25337019354,23.117422290655
113.2534200495,23.117423204685
113.25353961396,23.117445307576
113.25359935128,23.117476384566
113.25370894455,23.117538289246
113.25375871068,23.117559145715
113.25388824633,23.117591469081
113.25436650418,23.117599944616
113.25448606865,23.117602105046
113.25522339781,23.117625205028
113.25534296227,23.117627365458
113.2560901728,23.117680711445
113.25625950338,23.117693757111
113.25628941696,23.117694255672
113.25637906785,23.117695834447
113.25648866112,23.117697828689
113.25660822558,23.117680046698
113.25660831541,23.117679880511
113.25660831541,23.117679880511
113.25713642922,23.117639247822
113.25899942502,23.1179123757
113.25925849633,23.117946942498
113.25935811841,23.117958741739
113.25955736257,23.118002282593
113.25964701346,23.118023886829
113.25980646269,23.118046654365
113.26002564923,23.11808047329
113.260065534,23.118071249947
113.26012536115,23.118072330159
113.26015527472,23.118062940629
113.26015518489,23.11806269135
113.26015518489,23.11806269135
113.26022498323,23.118073908929
113.26028472054,23.118084960321
113.26127105999,23.118252060575
113.26162975338,23.118318202637
113.2617991738,23.118351107469
113.26246670463,23.118542470512
113.2626559776,23.118595649945
113.26279548444,23.118627973059
113.26359264075,23.11881127571
113.26412075456,23.118930015143
113.26431011736,23.118983111328
113.26442968183,23.119005047774
113.26447953778,23.119015849811
113.26488808713,23.119112486451
113.26492797189,23.119123122294
113.26498779904,23.119134090506
113.26532663988,23.119219509579
113.26539643822,23.119230643968
113.26552597387,23.11926271765
113.26556585863,23.11927335348
113.2657951062,23.119326948083
113.265984469,23.119369906841
113.26607411989,23.11940131575
113.26620365555,23.11942333522
113.26645284549,23.119477179038
113.26665217949,23.119530275004
113.26672197783,23.119541326275
113.26682168974,23.119562847167
113.26714067802,23.119637713256
113.2673599544,23.119690975342
113.26753934601,23.119733684707
113.26787827668,23.119808716883
113.26794798518,23.1198797606
113.26817714292,23.120043119457
113.26826679381,23.120094387174
113.26840630066,23.12016642784
113.2686554906,23.120239964119
113.26927361463,23.120418694499
113.26945300624,23.120501204538
113.26951283338,23.120522060541
113.26958263172,23.120542999633
113.26964245887,23.120573826624
113.27015098962,23.120710761524
113.27041024059,23.120824181405
113.27085894419,23.121000085892
113.27117802231,23.121084174304
113.27133756136,23.121186210367
113.27150707161,23.121278358504
113.27159681233,23.12133951359
113.27159663267,23.121339430498
113.27159663267,23.121339430498
113.27161657506,23.121349733798
113.27189576841,23.121473207149
113.27193565317,23.121433821988
113.27197553794,23.121404407746
113.27200545151,23.12139485227
113.27203536508,23.121385296794
113.27207524985,23.121375907499
113.2721251058,23.12138654316
113.27223478891,23.121487831172
113.27226470248,23.12152821341
113.27227458384,23.121618284035
113.27225464146,23.121698051328
113.27219481431,23.12175729513
113.27219481431,23.121756713494
113.27219481431,23.121756713494
113.27305233675,23.122336769575
113.2735608675,23.1228324866
113.27377026252,23.123054752683
113.27385003204,23.123175648658
113.27386000324,23.123195756432
113.27387985579,23.123295962893
113.27389961851,23.123536175588
113.27392953208,23.123636464883
113.27400930161,23.12370734037
113.2741689305,23.123809042058
113.27424870003,23.123859892873
113.2745379544,23.124042939026
113.27511655298,23.124388756808
113.27534607004,23.124491039598
113.27543590059,23.124531919456
113.27559552948,23.124583434707
113.27601467883,23.124737398715
113.27627410946,23.124919778947
113.27627401963,23.124919612769
113.27627401963,23.124919612769
113.27784075427,23.125872721966
113.27790067125,23.125913185957
113.2782101375,23.126025521243
113.278419802,23.126057094753
113.27874930046,23.126099469716
113.27975791789,23.126216042336
113.27990775525,23.126236980529
113.28009747737,23.126278109113
113.28014742316,23.126278358377
113.28018739775,23.126288578205
113.28056693183,23.12638063971
113.28081666076,23.126441958619
113.28090658115,23.126452427698
113.28112630667,23.126483502579
113.28126617284,23.126504191466
113.2813760356,23.126514743628
113.28173571713,23.126546317022
113.28189552568,23.126576976442
113.28209530883,23.126617772569
113.28220517159,23.126668206868
113.28225511738,23.126698367733
113.28231503435,23.126728611679
113.28252487852,23.126779378287
113.28257482431,23.126789514988
113.283424262,23.126802227408
113.28346423659,23.126802310496
113.28357418919,23.126822583895
113.28362413497,23.126832720593
113.28378403335,23.126893125329
113.2840837979,23.127003798034
113.2841537759,23.127023905227
113.28413383352,23.127063870341
113.28413383352,23.127063870341
113.28413383352,23.127063870341
113.28410374028,23.1271838487
113.28407373688,23.127443746047
113.28406376569,23.127563724062
113.28404382331,23.12773363734
113.28399378769,23.128133451978
113.2839838165,23.1282834237
113.28396387412,23.128443365655
113.28395399276,23.128483330342
113.28390386731,23.128973208351
113.28390305883,23.128973208351
113.28390305883,23.128973208351
113.28445282181,23.12897437156
113.28451282861,23.12901450226
113.28451282861,23.129014419173
113.28451282861,23.129014419173
113.28460265916,23.129334550385
113.28464263376,23.129474633511
113.2847424355,23.129964757116
113.28477234908,23.130104756491
113.28487215082,23.130714852932
113.28492200677,23.13105492045
113.28494194916,23.131204971953
113.28502171869,23.131865080232
113.28512152043,23.132585171948
113.28521135098,23.133275266557
113.28521144081,23.133275266557
113.28521144081,23.133275266557
113.28590124961,23.133335751442
113.28597122761,23.133335751442
113.28606123782,23.133345804559
113.28612124463,23.133345804559
113.28618125144,23.133355857675
113.28631123624,23.133355857675
113.28648119565,23.133355857675
113.28719121632,23.133355691508
113.28738120794,23.133355608425
113.28792135904,23.133335086773
113.28859158478,23.133334006686
113.28877169504,23.133333674352
113.28883170184,23.133333591268
113.28886170525,23.133443510846
113.28886179508,23.133443095428
113.28886179508,23.133443095428
113.28903184431,23.1341227171
113.28905187652,23.13421269609
113.28906184771,23.134232636024
113.28924186814,23.134962186298
113.28943194958,23.135711672269
113.28946195299,23.135831559721
113.28956202422,23.136531274901
113.28960208865,23.136781184154
113.28963209205,23.137171084849
113.28965212427,23.137391000631
113.28965203443,23.137391000631
113.28965203443,23.137391000631
113.2898921515,23.137380200091
113.28996221933,23.137370064199
113.29063271456,23.137337745653
113.2907228146,23.137327443595
113.29087292145,23.137316892294
113.29145340647,23.13713444603
113.29159354213,23.137143751128
113.29164357775,23.137133615218
113.29172361677,23.137123313144
113.29180365579,23.13710304132
113.29193382026,23.137082437168
113.2919939169,23.137072218171
113.29230428145,23.137040647284
113.29249445273,23.137049620063
113.29278478507,23.137048041519
113.29289491732,23.13704745995
113.29322531409,23.13704554908
113.29351564643,23.137053691046
113.29480749959,23.137074627528
113.29489759963,23.137074045959
113.29744213981,23.137112014095
113.29753232969,23.137111183283
113.29757239411,23.137110850958
113.29783290271,23.13710835852
113.29802325365,23.137116417401
113.29833388769,23.137113343395
113.2984541708,23.137112180258
113.29867461497,23.137109937064
113.29912556434,23.137115088101
113.29965673239,23.137119159082
113.30074934138,23.137106447651
113.30074961087,23.137104786026
113.30075868376,23.137114423451
