113.27294714518,23.125914598458
113.27291040448,23.126164693896
113.27291040448,23.126164693896
113.27306006218,23.126196433549
113.27315977409,23.126227591578
113.27333934536,23.126269634133
113.27357874378,23.126342336149
113.27386808799,23.126405483011
113.27421725934,23.126489235644
113.27467620362,23.126604063077
113.27481589013,23.126655494435
113.27501540378,23.126787520883
113.27524483101,23.126989756232
113.27550426164,23.127012272967
113.27556417862,23.12699291356
113.275584121,23.126983192312
113.27564403798,23.126893873118
113.27564412781,23.126893623855
113.27564412781,23.126893623855
113.27566416002,23.126783781936
113.27572416683,23.126584454348
113.27579414483,23.126375238991
113.27591415844,23.125966528612
113.27598422627,23.125597283999
113.27614403482,23.125398868603
113.27625407725,23.125010013447
113.27625398742,23.125009431825
113.27625398742,23.125009431825
113.2759845856,23.12480702728
113.27556552608,23.124653146441
113.27535604123,23.124591245082
113.27530627511,23.12456083447
113.27507693771,23.124448664122
113.27491739865,23.124357182901
113.2744885476,23.124092875768
113.27434895092,23.124011531216
113.27420935425,23.123920132783
113.27396007447,23.12376758035
113.27391030834,23.123717144948
113.27386054222,23.123666709527
113.27382074728,23.123556366397
113.27380107439,23.123306266041
113.27378131167,23.123196171881
113.27370163197,23.123105354517
113.27347238441,23.122872951518
113.2729839757,23.122377567007
113.27302386047,23.122358123833
113.27305377404,23.122338514476
113.27305233675,23.122336769575
113.27305233675,23.122336769575
113.27314225713,23.12221786701
113.27331194704,23.122129874057
113.27348163696,23.121981889555
113.2736514167,23.12171392169
113.2737213947,23.121524806678
113.27373145572,23.121455010209
113.27375166759,23.121075366627
113.2737319947,23.120815290619
113.27372220317,23.1206953065
113.2737125913,23.120325299389
113.27371232181,23.120324468471
113.27371232181,23.120324468471
113.27363255228,23.120263645285
113.27361269973,23.120223511938
113.27358287599,23.120153299325
113.2735232285,23.120032732964
113.27347346237,23.119952299934
113.27344363863,23.119922054443
113.27344327931,23.119921555891
113.27344327931,23.119921555891
113.27336341995,23.119880674612
113.27314405374,23.11979824728
113.27310425881,23.119777889715
113.2730345503,23.119747145632
113.27300472656,23.1197369253
113.27290510448,23.119705848839
113.27255611279,23.11956185006
113.27249637547,23.119531189019
113.27249574666,23.119530690466
113.27249574666,23.119530690466
113.27207677697,23.119545647072
113.27200706846,23.119554787219
113.27195730234,23.119564176643
113.27185759042,23.119582955488
113.27169805137,23.119630982788
113.27147859533,23.119788193136
113.27129902406,23.119995923226
113.27120919351,23.120234729335
113.27114909687,23.120713919002
113.27115906806,23.120744081221
113.27116885959,23.121034153338
113.27117883078,23.121084257395
113.27117793248,23.121084174304
113.27117793248,23.121084174304
113.2713373817,23.121186210367
113.27150689195,23.121278358504
113.27159663267,23.12133951359
113.27159663267,23.121339430498
113.27159663267,23.121339430498
113.27161657506,23.121349733798
113.27189576841,23.121473207149
113.27193565317,23.121433821988
113.27197553794,23.121404407746
113.27200545151,23.12139485227
113.27203536508,23.121385296794
113.27203545492,23.121384881338
113.27203545492,23.121384881338
113.27205548713,23.121345080695
113.27215528887,23.121266393376
113.27225509061,23.121177735062
113.27244481274,23.12088010194
113.27253473312,23.12070128909
113.27281446545,23.120174737026
113.27286441124,23.120065388095
113.27295433162,23.119906516235
113.272974274,23.11986679824
113.27300427741,23.119817275368
113.2730142486,23.119777474255
113.27303419098,23.119747810369
113.27305413336,23.119718146477
113.27306410455,23.119698370545
113.27343393693,23.118832796721
113.27378382693,23.118046903645
113.27379379812,23.118007102
113.2738137405,23.117987408906
113.27382371169,23.117947607244
113.2738537151,23.117888029368
113.27414359829,23.117251367046
113.27424357969,23.117032581181
113.27438353569,23.116714165256
113.2744335713,23.116584787795
113.2744735459,23.116515321103
113.27473351551,23.115958173655
113.27498351394,23.115420883535
113.27509355636,23.115152154564
113.27534355478,23.114584780664
113.27541353278,23.114425569861
113.27561358542,23.11390771795
113.27576369227,23.113529299214
113.27602393138,23.112801957758
113.27608402802,23.112612663851
113.27614412466,23.112443312885
113.27631426372,23.111995005431
113.27686438601,23.110870116837
113.27698439963,23.110631293876
113.27710450308,23.110342445489
113.2771845421,23.110173257822
113.27720457431,23.110133536914
113.27752473039,23.109456368395
113.27762480163,23.109237320384
113.27768480843,23.109117907488
113.27779485086,23.108878915176
113.27788486107,23.108689698774
113.27803496792,23.108371013536
113.27820510699,23.107992412816
113.2782251392,23.107952691255
113.27823520022,23.107892859594
113.27826520362,23.107863193051
113.27828523584,23.107833443403
113.27829529686,23.107793638695
113.27832530026,23.107753917076
113.27833527145,23.107734056261
113.27834524265,23.107704223484
113.27888557341,23.106608383656
113.27935601601,23.105571785809
113.27938601941,23.105502064051
113.27956621949,23.105103344638
113.27962631613,23.104973789656
113.27964634835,23.104924011922
113.27970635515,23.104814484223
113.27973635856,23.104744762067
113.27984649081,23.104525540078
113.27987649422,23.104475845278
113.27999668749,23.104186734193
113.28028701984,23.103548593412
113.28049731316,23.103059951178
113.28062747762,23.102770753907
113.28065748103,23.102701030678
113.28067751324,23.102661224432
113.28076761328,23.102461860609
113.28091780996,23.102132772528
113.28116807788,23.101654180602
113.28130830337,23.101304979432
113.28153853907,23.100816245838
113.28197906809,23.099858385936
113.28205919694,23.099698825052
113.28258982601,23.098611146586
113.28261991924,23.098531365419
113.28275008371,23.098211990954
113.28286021597,23.097952534994
113.28300044146,23.097603157879
113.28302047367,23.097543321554
113.28305065674,23.097353507256
113.28306080759,23.097223612288
113.28305101606,23.097123718567
113.28305101606,23.0970938003
113.2830411347,23.097023824771
113.28303125334,23.096973877845
113.28298157704,23.096753811963
113.28298130755,23.096746166163
113.28298130755,23.096746166163
113.28288141598,23.096675858025
113.28255200735,23.096404847228
113.28235240386,23.096244201806
113.28220274617,23.096123696836
113.2821628614,23.09609361213
113.28187342737,23.095852518699
113.28179365784,23.095792266049
113.28171388831,23.095732013373
113.28127470674,23.095370164309
113.28105516088,23.095199212308
113.28032654528,23.094615547106
113.28019691979,23.094494874442
113.28010717907,23.094424482005
113.28027704864,23.094335556439
113.28027579102,23.094334559143
113.28027579102,23.094334559143
113.28063511322,23.094666492213
113.28079483194,23.094797303867
113.28197286979,23.095752623947
113.28197295962,23.095752707054
113.28197295962,23.095752707054
113.28247295646,23.095264700995
113.28250295987,23.095194890718
113.28249316834,23.095114941284
113.28232347843,23.094974406351
113.28232329876,23.094974240135
113.28193020027,23.095101893398
