113.28837105078,23.12091259068
113.28836745756,23.120915332696
113.28836745756,23.120915332696
113.28866767126,23.120784879142
113.28882783913,23.120714666826
113.28908807824,23.120584129983
113.28919821049,23.120533942645
113.28973872092,23.120282507123
113.28993895321,23.12019193704
113.29091002147,23.119748475106
113.2919013016,23.119344065114
113.29216163054,23.11925282965
113.29221166615,23.119232638187
113.29221157632,23.119231890355
113.29221157632,23.119231890355
113.29274229522,23.119118967668
113.29331307854,23.118985604106
113.29418443488,23.118729927919
113.29418443488,23.118729761734
113.29418443488,23.118729761734
113.29440425024,23.119338082462
113.29440425024,23.119338082462
113.29440425024,23.119338082462
113.29436418582,23.119348385917
113.29305212079,23.119816943
113.29246130526,23.120030323297
113.29122981823,23.120486414222
113.29009867193,23.120890820733
113.29000866172,23.120921149094
113.28996868713,23.120941257209
113.28981867011,23.120991693666
113.28976872432,23.121011884862
113.28930843258,23.121173165044
113.28923845458,23.121193356213
113.28886826288,23.121324224821
113.28859814241,23.121424765061
113.28809787607,23.12160565421
113.28794785905,23.12164587023
113.28768779961,23.121716165144
113.28758790803,23.121716248235
113.28733799944,23.121686584783
113.28719804344,23.121706692782
113.28710812306,23.121726717687
113.28702817387,23.121746742589
113.28694822468,23.121796763286
113.28689827889,23.121816788178
113.28684833311,23.121856837952
113.28679838732,23.121906858607
113.28673838051,23.122076862222
113.2866483703,23.122196845091
113.2865783923,23.122246865619
113.28653850754,23.122266890442
113.28646852954,23.12230685699
113.28638858035,23.122326881805
113.28627862775,23.122336852666
113.28624871418,23.122346823526
113.2861188192,23.12230685699
113.28599889542,23.122286915263
113.28586900044,23.122276944398
113.28579911227,23.122276944398
113.2856692173,23.122276944398
113.28566616306,23.122276612036
113.28566616306,23.122276612036
113.28505630345,23.1223260509
113.28481645588,23.122345743349
113.28443665231,23.122375074292
113.28443647265,23.122375074292
113.28443647265,23.122375074292
113.28377666725,23.122393603468
113.28320705173,23.122402078696
113.28320705173,23.122402078696
113.28320705173,23.122402078696
113.28284728037,23.122370919768
113.28263752603,23.122350313327
113.28236785472,23.12232945761
113.28182842226,23.122287413806
113.28126904742,23.122234983668
113.28116924568,23.122224597346
113.28084971841,23.122193106015
113.27934173295,23.122034485975
113.2793410143,23.122033821249
113.2793410143,23.122033821249
113.27926088545,23.122403241962
113.27917078541,23.122822598866
113.27911068877,23.123222179038
113.27910071758,23.123302111546
113.2790807752,23.123401985568
113.27907080401,23.123471947193
113.27902067856,23.123861554664
113.27898025481,23.124791157288
113.27893021919,23.125130741463
113.27890021579,23.125320516042
113.27886024119,23.12559022148
113.2788202666,23.125879950647
113.27875037843,23.126099469716
113.278780292,23.126179649754
113.27877921404,23.126179566666
113.27877921404,23.126179566666
113.27873905978,23.126499206192
113.27867896314,23.127028724306
113.27867896314,23.127238686418
113.27870878689,23.12744889746
113.2787685242,23.127809246601
113.27874858182,23.127929058112
113.27855868003,23.128647675642
113.27853873765,23.128727521794
113.27824894429,23.129485351609
113.27794917975,23.130313052023
113.27791926617,23.130362820233
113.2778593492,23.130552338071
113.27776951864,23.130851611193
113.27773960507,23.130981390166
113.27749984733,23.131979404504
113.27750981852,23.132089491373
113.27743004899,23.132078939655
113.27742906086,23.132078939655
113.27742906086,23.132078939655
113.27737911507,23.132078524233
113.27593176523,23.13200599153
113.27530313104,23.131960045822
113.27524330389,23.131959547316
113.2752430344,23.131959381147
113.2752430344,23.131959381147
113.27487383083,23.131935618984
113.27462446122,23.13192315631
113.27437509161,23.13191061055
113.27397606431,23.131896403098
113.27300840961,23.131845638449
113.27273909762,23.131832594175
113.27193116165,23.131792962836
113.27185148195,23.131782078755
113.27106357818,23.131752251385
113.27066473054,23.131727159831
113.27063490679,23.131736797647
113.27051534233,23.13172533197
113.27045560502,23.131724584208
113.27041581008,23.131724168785
113.2698275098,23.131706305589
113.2697478301,23.131705308574
113.2696781216,23.131704394643
113.26878080422,23.131651885142
113.26877918727,23.131650721957
113.26877918727,23.131650721957
113.26875915506,23.132020365138
113.26871918046,23.132739791339
113.2687092991,23.132909614901
113.26868935672,23.133319300886
113.26867947536,23.133509146832
113.26863968043,23.133678553991
113.26862979907,23.133908445558
113.26860985668,23.13439813736
113.26859000413,23.134797848823
113.26858012277,23.135037708355
113.26856027022,23.1352674314
113.26856027022,23.135297424145
113.26856027022,23.135357409613
113.26855038886,23.135517259953
113.26853053631,23.135806967432
113.26852936851,23.135807050514
113.26852936851,23.135807050514
113.26849945494,23.135876590185
113.26849945494,23.135916552631
113.26842974643,23.136895587268
113.26840989388,23.137065322426
113.26836021758,23.137874614675
113.26835033622,23.13795445527
113.26835033622,23.138024492299
113.26835033622,23.138074506856
113.26835033622,23.138154513493
113.26834045486,23.138404336604
113.2683208718,23.139844112773
113.2683111701,23.140534003439
113.2683111701,23.140614008591
113.2683111701,23.140644000126
113.2683111701,23.140683961135
113.2683111701,23.140834001741
113.2683014684,23.141453852076
113.2682917667,23.142153786813
113.26828197517,23.142443645944
113.26828197517,23.142493658834
113.26828197517,23.142523649944
113.268282065,23.142863687171
113.2682920362,23.142943857072
113.2682920362,23.143043882456
113.2682823345,23.143613793085
113.26828242433,23.143733839545
113.26832239892,23.143884458236
113.26831269722,23.144224325819
113.2682532294,23.144763493088
113.26813393443,23.145371777472
113.26810420051,23.145471385643
113.26790522584,23.146118546164
113.26788537329,23.146178277509
113.26788537329,23.146258279254
113.26785563938,23.146427836271
113.26785581904,23.146717852204
113.26786588006,23.146837978927
113.26797628181,23.148049707542
113.26798634283,23.148229895775
113.26799640385,23.148330083317
113.26812692764,23.149822170904
113.26812531069,23.14982208783
113.26812531069,23.14982208783
113.26816555478,23.150402768786
113.26828619721,23.15182472026
113.2682961684,23.151874895753
113.26829625823,23.15201495506
113.26835626504,23.152255863365
113.26859647193,23.153459484542
113.26878664321,23.154392368579
113.26901696874,23.155545796259
113.26906727385,23.15607661052
113.26907733487,23.15620678014
113.26908730606,23.156256953973
113.26911748913,23.156547446804
113.26911775862,23.156547280666
113.26911775862,23.156547280666
113.26918800611,23.157048352304
113.26927792649,23.157219639953
113.26930810956,23.157500079388
113.26935832484,23.157840825794
113.2694185113,23.158241712568
113.26951858254,23.158633128406
113.26969860296,23.159195745112
113.26969851313,23.159195828179
113.26969851313,23.159195828179
113.26974854875,23.159366531579
113.26990853696,23.159788761963
113.27007858619,23.160361175627
113.27015889471,23.160862315902
113.27014919301,23.161052205456
113.27014928284,23.161152217167
113.2701494625,23.161302234593
113.27010984722,23.161521778061
113.27010966756,23.161521861127
113.27010966756,23.161521861127
113.27010975739,23.161601853605
113.2700900845,23.161761589219
113.27004076753,23.162210974391
113.27000124209,23.16252047612
113.2698930861,23.163919288651
113.26989272678,23.163919371715
113.26989272678,23.163919371715
113.27012260316,23.164492598163
113.27014263538,23.164542851921
113.2701526964,23.164602990277
113.27025276763,23.164984419659
113.27025276763,23.164984419659
113.27025276763,23.164984419659
113.27023300491,23.165164252599
113.27022312355,23.165204123149
113.27022321338,23.165284113402
113.27022330321,23.165354135983
113.27022339304,23.165434126146
113.27021360151,23.165494014908
113.27020380998,23.165593940201
113.27019401845,23.165673847155
113.27018422692,23.165723685149
113.27017434556,23.16576355553
113.27016455403,23.165813393489
113.27012493876,23.165952856612
113.2701150574,23.165992726924
113.27008532348,23.16610237022
113.27005558957,23.166221980985
113.27001588447,23.166351476128
113.269966298,23.166490855622
113.26993656409,23.166570429784
113.26993530646,23.166570512847
113.26993530646,23.166570512847
113.26988554034,23.166699841524
113.26984583524,23.166819285624
113.26980613013,23.166908744034
113.26976642503,23.166978184319
113.26974666231,23.167027938758
113.26966707244,23.167136833635
113.26956754019,23.16726549726
113.26946800794,23.167394160761
113.26937844688,23.167522907198
113.26929885701,23.167621834214
113.26924918072,23.167711125958
113.26917965187,23.167890207637
113.26907032809,23.168138728748
113.26895103312,23.168397133727
113.2689312704,23.168456855025
113.26882194662,23.168705375073
113.26882068899,23.168705375073
113.26882068899,23.168705375073
113.26862171432,23.169122675066
113.26844268203,23.169510154873
113.26839300573,23.169609495708
113.26815432596,23.17008609811
113.26803494116,23.170294413853
113.26796541231,23.170433456954
113.26791573602,23.170522746801
113.26773679356,23.170980159054
113.26762746978,23.171268626147
113.26761758842,23.171308494858
113.26760770706,23.171348363556
113.26754823923,23.171647544534
113.26752847651,23.17173724886
113.26739004763,23.172855391565
113.26724164756,23.173993375714
113.26722197467,23.174193130334
113.26718244923,23.17447262018
113.26718253906,23.174522620976
113.26717274753,23.17460252254
113.26713322209,23.174861994648
113.2671135492,23.175021714262
113.26704437967,23.175570723008
113.26682663042,23.177267652281
113.26675737106,23.17774663572
113.26672772698,23.177986251373
113.26671793545,23.1780961339
113.26670814392,23.178156016932
113.26669835239,23.178235916302
113.26668856086,23.178315815625
113.26665891678,23.178495381285
113.26664912525,23.178565230766
113.266619571,23.17888482697
113.26658004555,23.179234239089
113.26654052011,23.179573683731
113.26639212004,23.180951552599
113.26628324541,23.181900023011
113.26628324541,23.181940054624
113.26627336405,23.181999935916
113.26619404368,23.182538783271
113.26610475211,23.183107444243
113.26610160804,23.183107112034
113.26611104025,23.183108523924
