113.30159410788,23.132195922441
113.30143178407,23.132026430302
113.30143178407,23.132026430302
113.30185299953,23.131611173648
113.30185299953,23.131611090563
113.30185299953,23.131611090563
113.30172274523,23.131292792716
113.30169274183,23.131213280448
113.30158260957,23.130874791954
113.30154263497,23.130635423403
113.301552696,23.130545358901
113.30157281804,23.130385170225
113.3013824671,23.130297681203
113.30138219761,23.13029718269
113.30138219761,23.13029718269
113.30126182467,23.130258631004
113.30122185008,23.130249242338
113.30115178225,23.130220162393
113.30059052097,23.130027071396
113.30053051416,23.130007878601
113.29983899858,23.129776069297
113.29962861543,23.129708520489
113.29954848657,23.129679523511
113.29939828989,23.129631333677
113.2993583153,23.129611891567
113.29922815083,23.129573422768
113.29898776427,23.129466158735
113.29898668631,23.129465244789
113.29898668631,23.129465244789
113.29890655746,23.129426111258
113.29872626754,23.129348176508
113.29847581996,23.129250882634
113.29838571992,23.129201944869
113.29832571311,23.129162645088
113.29816545541,23.129084377838
113.29784494001,23.12891770666
113.29764470771,23.128809777405
113.2976147043,23.128790169001
113.2963427037,23.128032169041
113.29608237476,23.127874553027
113.29605246119,23.127864914931
113.2960025154,23.12782544858
113.29493119625,23.127124274972
113.29493002846,23.127123111747
113.29493002846,23.127123111747
113.29466969952,23.126965162303
113.29461975373,23.126935583112
113.29442958246,23.12682707063
113.29430956884,23.12675802474
113.2941494908,23.126659233386
113.29386930931,23.126481259205
113.29296848855,23.12596711023
113.29259829685,23.12569939968
113.29258832565,23.125759472579
113.29256838327,23.12581954545
113.29248843408,23.125770107889
113.29248744595,23.125769443182
113.29248744595,23.125769443182
113.2917669151,23.125333228603
113.29159686586,23.12522413319
113.29159677603,23.12522413319
113.29159677603,23.12522413319
113.29097640625,23.124846909973
113.29085639263,23.124787501373
113.29049635178,23.12455900651
113.2899362583,23.124161092152
113.28960631068,23.123892214704
113.2895863683,23.123882327049
113.28947650554,23.123772731905
113.28928660375,23.123653332089
113.28901666295,23.123464136752
113.28858673393,23.123175233208
113.28853678814,23.123135433102
113.28853597967,23.123134685292
113.28853597967,23.123134685292
113.28845594065,23.123074860475
113.28714639088,23.122066808251
113.28696655011,23.121946991445
113.28684671616,23.121857170315
113.2867968602,23.121817286723
113.28642711766,23.121567432361
113.2862772803,23.121447532014
113.28613741413,23.121367598388
113.28609752936,23.121307689683
113.28600769881,23.121177735062
113.28599781745,23.121167847205
113.28596799371,23.121007979569
113.28594814116,23.120888078716
113.28595847167,23.120428250045
113.28578923091,23.119598410642
113.28558998675,23.118788508305
113.28535094765,23.117778512365
113.2853310951,23.117678634109
113.28529130017,23.117548675934
113.28527144762,23.117488765505
113.28523165268,23.117388803937
113.28522177132,23.117358890237
113.28522015437,23.117356979083
113.28522015437,23.117356979083
113.28517020859,23.117296985474
113.28502064072,23.116936940152
113.28497078476,23.116846949443
113.2849309,23.116797009974
113.28491104745,23.116757041766
113.28489119489,23.116747070486
113.28487134234,23.116727127923
113.28484142877,23.116707185358
113.284801544,23.116697214074
113.28476165924,23.116687242789
113.28471180328,23.116677271503
113.28465188631,23.116687159695
113.28455199473,23.116726961735
113.28389218934,23.11696560754
113.28389093171,23.116964776601
113.28389093171,23.116964776601
113.28319106189,23.117232837152
113.28310114151,23.117322578319
113.28301122112,23.117372268309
113.28245139713,23.117690267188
113.28201158675,23.117938550079
113.28166187642,23.118007018907
113.28060277422,23.118271836723
113.28031316053,23.118350276539
113.27995356883,23.118438188906
113.27966395513,23.118506408197
113.27966332632,23.118506408197
113.27966332632,23.118506408197
113.27966305683,23.11882631549
113.27965308564,23.118886225315
113.27965299581,23.118886225315
113.27965299581,23.118886225315
113.27856442919,23.118938989148
113.27795546788,23.118924531029
113.27780581019,23.118903425496
113.27729674045,23.118859469474
113.27649832652,23.118772720686
113.27579980415,23.118646419666
113.27517125979,23.118510479749
113.27472237653,23.118386089618
113.27387455578,23.118037264834
113.27384473204,23.11802704437
113.27379496592,23.118006603441
113.27350580137,23.11788354233
113.2713020783,23.116927467449
113.27106285954,23.116834485351
113.27102306461,23.116814044238
113.27093341372,23.116772995813
113.27088364759,23.116752471596
113.2706046339,23.116618939468
113.27011622519,23.116392590986
113.26932886041,23.116021907121
113.26927909429,23.116001299693
113.26563188409,23.114277161288
113.26553235184,23.114235696601
113.26447630388,23.113778836328
113.26379898153,23.113477862768
113.26336069827,23.113290730326
113.2632811084,23.113259486163
113.26216550279,23.112810765984
113.26196634846,23.112727420198
113.2609005988,23.112299223129
113.26078112417,23.112257259243
113.25823137381,23.111232588444
113.25815178394,23.111201260698
113.25817181615,23.111131708091
113.25816876191,23.111128799678
113.25816876191,23.111128799678
113.25834842302,23.110802059816
113.25840825016,23.110733254879
113.25840825016,23.110733171782
113.25840825016,23.110733171782
113.25838848744,23.110582847829
113.25843870272,23.110203921025
113.25848873834,23.109974902459
113.25858880957,23.109556834528
113.25869903166,23.108948967557
113.25869903166,23.108948635161
113.25869903166,23.108948635161
113.25872921472,23.10868920018
113.25868950962,23.108608594077
113.25865977571,23.108548181017
113.25864001299,23.108517932927
113.25860030788,23.108467325531
113.25850077563,23.108455608545
113.25842118576,23.108424280144
113.2583316247,23.108422784358
113.25848146206,23.108065623443
113.25851146547,23.107976291514
113.25862150789,23.107568438559
113.25878158593,23.106941449452
113.258811769,23.106662149573
113.25882183002,23.106592428387
113.25883189104,23.106522707164
113.25887213513,23.106173601899
113.25888219615,23.106113852536
113.25891228939,23.10595446537
113.2589323216,23.105864882718
113.25893133346,23.105863303803
113.25893133346,23.105863303803
113.25891148091,23.105822999899
113.25887177581,23.105752364163
113.25880215713,23.105681229783
113.25868277233,23.105629208589
113.25862312484,23.105608267144
113.25853356378,23.105606771327
113.25823478737,23.105531564919
113.2580755178,23.105508795235
113.25802575168,23.105507964225
113.2580249432,23.105507299417
113.2580249432,23.105507299417
113.25796520589,23.105486274851
113.2579055584,23.105455278154
113.25783593972,23.105414143116
113.25706923597,23.10501060356
113.25650168655,23.104730634808
113.25630262205,23.104627173365
113.25570524889,23.104276650384
113.25538670975,23.104091083908
113.25355479533,23.102688897669
113.25333578844,23.102555185187
113.25240972529,23.101999142589
113.25171264022,23.101647199912
113.2511051162,23.101346863676
113.25072666009,23.101160545172
113.25072549229,23.101159381719
113.25072549229,23.101159381719
113.24992851564,23.100875997585
113.24884264394,23.100538096533
113.24869325574,23.100495713409
113.24843427426,23.100421584461
113.24835468439,23.100400392882
113.24819532499,23.10035792661
113.24808582155,23.100326263882
113.24774707054,23.100240915754
113.24751800264,23.10017734092
113.24559464071,23.099667827004
113.2451462066,23.099551231064
113.24514521847,23.099550316912
113.24514521847,23.099550316912
113.24492594209,23.099477101589
113.24482632001,23.09944577107
113.24458719108,23.09937238948
113.24426829263,23.099257870904
113.2442185265,23.09924723347
113.24389962805,23.0991428536
113.24314208701,23.098922458891
113.24291283944,23.098859465162
113.24255396639,23.098754752566
113.24233469002,23.098681952332
113.24197581697,23.098547404762
113.24161694392,23.098392911738
113.24145749469,23.098310969695
113.24110859283,23.098136780358
113.24081951811,23.097993339921
113.24072986722,23.097952368783
113.2406801011,23.097921868962
113.24054059425,23.097850314858
113.24015180763,23.097635818528
113.24007212793,23.097595013492
113.23994259228,23.097533598149
113.23836687458,23.096776583147
113.23789813877,23.096551946073
113.23779851669,23.096501084796
113.23757915048,23.096389056947
113.23672126872,23.095971195561
113.23615264133,23.095656302729
113.23550415458,23.095321047836
113.23540444267,23.095270352302
113.23540219691,23.095268025294
113.23540219691,23.095268025294
113.23512273406,23.095135884383
113.23502302215,23.095085188779
113.23472370676,23.094923045823
113.23413486749,23.094629010579
113.23345619768,23.094274721345
113.23333645356,23.094234081493
113.23325668403,23.094193690952
113.23307711276,23.094102687528
113.23258798541,23.093839982316
113.23188910372,23.093486522064
113.23180933419,23.093436241373
113.23158969849,23.093325291352
113.23139000518,23.093244509706
113.23129020344,23.093204201973
113.23124034748,23.093194062706
113.23120046272,23.093184006547
113.23114063557,23.093163811119
113.23101083042,23.093153339414
113.23076110149,23.093132396001
113.23068124213,23.093132146675
113.23049143018,23.093141454859
113.23034159282,23.093160902312
113.23002188589,23.093229799462
113.22997202993,23.093249662446
113.22993214517,23.093259552382
113.22987222819,23.093289388404
113.22926236858,23.093627640331
113.22867245135,23.093986252919
113.22853249535,23.0940760098
113.227532322,23.094704555592
113.2274323406,23.094764476304
113.22726238119,23.094874344723
113.22677226571,23.095184086743
113.22648220286,23.095324039703
113.22622214341,23.095444046755
113.2260621552,23.095504133347
113.22556206852,23.095604443822
113.22497197164,23.095695113789
113.22478198002,23.09571539194
113.22449191717,23.095755948232
113.2235213879,23.095898227587
113.2234114353,23.095908532861
113.22322135386,23.095939116252
113.22321776064,23.095937537218
113.22321776064,23.095937537218
113.22274740787,23.095999119513
113.22257735864,23.096039758826
113.22233724158,23.09611064905
113.22219719575,23.096171233982
113.22198699226,23.096282098519
113.22183688541,23.096382740834
113.22168668873,23.096513384584
113.22141629877,23.096734614355
113.22141558012,23.096734531249
113.22139339198,23.096705859492
