113.27438443399,23.133732973607
113.27438452382,23.133730564189
113.27438452382,23.133730564189
113.27408529826,23.133717437016
113.27400552873,23.133726576187
113.27313758594,23.133687028498
113.27258899077,23.133670744151
113.27194068368,23.133642994292
113.27185103279,23.133621974184
113.27185049381,23.133621558767
113.27185049381,23.133621558767
113.27183055143,23.133361341193
113.27181069888,23.133101206192
113.27179084632,23.132891087194
113.27177099377,23.132620898099
113.27176120224,23.132330851321
113.27179120565,23.132011308934
113.27180117684,23.131941517983
113.27185112262,23.131782244924
113.27185085313,23.131781580248
113.27185085313,23.131781580248
113.27106285954,23.131751669793
113.27066401189,23.131726578239
113.27063418815,23.131736216055
113.27051462369,23.131724750377
113.27045488637,23.131724002616
113.27041509144,23.131723587192
113.26982679116,23.131705723997
113.26974711146,23.131704726981
113.26967740295,23.13170381305
113.26878008558,23.13165130355
113.26875026184,23.131650971211
113.26866061095,23.131629784618
113.2686307872,23.131619399033
113.26862961941,23.131618568186
113.26862961941,23.131618568186
113.26800152419,23.131579435291
113.26762279859,23.131543958113
113.26687522875,23.131512801333
113.26655633029,23.131498012246
113.26635708613,23.131485051021
113.2658189113,23.131456719111
113.26532062123,23.131418915525
113.26487218712,23.131391829873
113.26468291415,23.131388838819
113.26431424957,23.131362916348
113.26403523588,23.131368316863
113.26398546975,23.131367569099
113.26298897945,23.131361088481
113.26243095207,23.131361670075
113.26160388218,23.131367486014
113.26102600225,23.131377456196
113.26102456496,23.131376459178
113.26102456496,23.131376459178
113.26111412602,23.131988045288
113.2611340684,23.132118404739
113.26115392095,23.132298780799
113.26116389215,23.132398980384
113.26119371589,23.132759482242
113.26122353963,23.133119983121
113.2613031295,23.134071371722
113.26133295324,23.13435186015
113.26133295324,23.134811889798
113.26134292443,23.135062051539
113.26132307188,23.135061802292
113.26126333457,23.135060888384
113.2612534532,23.135060805301
113.26125318371,23.135060306806
113.26125318371,23.135060306806
113.26103399717,23.135056568092
113.26052591557,23.135067701151
113.25977870505,23.134984701679
113.25925068107,23.13520536883
113.25894184364,23.135339879236
113.25888210632,23.135378844857
113.25852350276,23.135512524265
113.25839405694,23.135600259092
113.2582745823,23.135668137228
113.25819499244,23.135726710132
113.25756734638,23.136145526417
113.25743790055,23.136223207927
113.25648147468,23.136696108716
113.25627234915,23.136802369923
113.25587386083,23.13698523205
113.25565476412,23.137101296614
113.25502711806,23.137410109277
113.25461874837,23.137602857198
113.25461722125,23.137602774117
113.25461722125,23.137602774117
113.25484646882,23.138136900405
113.25487638239,23.138207435821
113.2552451368,23.139063993639
113.25541455722,23.139457044652
113.2554344996,23.139497421418
113.2554444708,23.139527579365
113.25538482331,23.139586482883
113.25540476569,23.139626859609
113.25541473688,23.139657017527
113.25541464705,23.139657017527
113.25541464705,23.139657017527
113.25534493855,23.139675793527
113.25479706201,23.139846023602
113.25472744334,23.139864799575
113.25456808394,23.139911988736
113.25446855169,23.139950205297
113.25425942617,23.140016502696
113.25406027184,23.140082966222
113.25400062435,23.14010190832
113.25391106329,23.140130321463
113.25377164628,23.140167873327
113.25373185134,23.140177178212
113.25355263939,23.140243973973
113.25339327999,23.140291162999
113.25326383417,23.140338850483
113.25307465103,23.140395510502
113.25283561193,23.140481331278
113.2523674151,23.140633116772
113.25236588798,23.140633199851
113.25236588798,23.140633199851
113.2523459456,23.140632867535
113.25196739966,23.140766292408
113.25196730983,23.140766292408
113.25196730983,23.140766292408
113.25179797924,23.140793376145
113.25148914181,23.140838072608
113.25001448348,23.141332972765
113.24964590873,23.141466812325
113.24897837791,23.141705745929
113.24860971333,23.141839668191
113.24849023869,23.14187771804
113.24848969971,23.14187771804
113.24848969971,23.14187771804
113.24844981494,23.141937035905
113.24844981494,23.141937035905
113.24844981494,23.141937035905
113.24830033691,23.141984639719
113.24828048436,23.141994276789
113.24805132662,23.142060573166
113.2480015605,23.142079764216
113.24798170794,23.142089484358
113.24705492615,23.142394796126
113.24673602769,23.142489837252
113.24567953058,23.142843665458
113.24534068974,23.142948592495
113.24529092362,23.142967866494
113.24529029481,23.142967866494
113.24529029481,23.142967866494
113.24493142175,23.143072544201
113.24489162682,23.143111922935
113.24486180308,23.143121476846
113.24486162342,23.143121559923
113.24486162342,23.143121559923
113.24449277917,23.143256228452
113.24443304186,23.143265366965
113.2441938231,23.143341964297
113.24413408578,23.143361155162
113.24368556184,23.143504878867
113.2430973514,23.143696787154
113.24266868001,23.143831039713
113.2425989715,23.14385014743
113.24259843252,23.143849981276
113.24259843252,23.143849981276
113.24237897648,23.14389708594
113.2422793544,23.143915778263
113.24170102531,23.144088329044
113.24165125919,23.144107685955
113.24158155068,23.144126793632
113.24151184217,23.144145901306
113.24148201843,23.144155538219
113.24148147944,23.144155538219
113.24148147944,23.144155538219
113.24144159468,23.144155039758
113.24141177094,23.14414473823
113.24134206243,23.144123969019
113.24127235392,23.144093147503
113.24120264541,23.14406232598
113.24116285048,23.144031919834
113.24110311316,23.143991295219
113.24100340125,23.14393015058
113.24094357411,23.143869504375
113.24092372155,23.143859368979
113.24081403845,23.143748128804
113.24058461122,23.143515429676
113.24042498233,23.143353595125
113.24036515519,23.143272927008
113.24036515519,23.143222997489
113.24022555851,23.143081433494
113.2399461855,23.14278825265
113.23974667184,23.142586041399
113.23948724121,23.142313213568
113.23941744288,23.142242514181
113.23941573609,23.142240935698
113.23941573609,23.142240935698
113.23932590554,23.142139912772
113.2392660784,23.142079348826
113.23812828464,23.140877285848
113.23802857273,23.140766375487
113.23788888622,23.140625058105
113.23770931495,23.140433311528
113.23729007577,23.139949291423
113.23723024862,23.139928770792
113.23712056552,23.139897782142
113.2371199367,23.139897200585
113.2371199367,23.139897200585
113.23706999092,23.139836718694
113.23700019258,23.139736109333
113.23681056029,23.139444416525
113.23677067552,23.139364161428
113.23674085178,23.139323950781
113.23670096701,23.13922367335
113.23670051786,23.13922334103
113.23670051786,23.13922334103
113.23653082795,23.139281829284
113.23634128549,23.139430126801
113.23628154817,23.139549595492
113.23625172443,23.139649374198
113.23610215656,23.139958097846
113.23610179724,23.139958097846
113.23609865317,23.139964079567
