113.26494324309,23.131398310489
113.26495114817,23.131392411466
113.26495114817,23.131392411466
113.26487146848,23.131391248279
113.2646821955,23.131388257225
113.26431353092,23.131362334754
113.26403451723,23.131367735269
113.26398475111,23.131366987505
113.2629882608,23.131360506887
113.26243023342,23.131361088481
113.26160316354,23.131366904421
113.26102528361,23.131376874602
113.26100543105,23.131376625347
113.26094569374,23.131375711414
113.26093581238,23.131375628329
113.26093491407,23.131374963651
113.26093491407,23.131374963651
113.26053633592,23.131407948329
113.26045674605,23.13141658915
113.25970953553,23.131463448979
113.25893241143,23.131529750622
113.2584642146,23.131571459158
113.25731842592,23.131661024456
113.25656124421,23.13172749217
113.25648165434,23.131726162816
113.25625258643,23.131732061824
113.25577441841,23.131763550891
113.25550546574,23.131758815069
113.25523651307,23.131764049398
113.25404095827,23.131772773281
113.25393145483,23.13177094542
113.25308462222,23.13173613297
113.25210816413,23.131689190154
113.25207834039,23.13168877473
113.25165990968,23.131671576207
113.25120159421,23.13165379609
113.25119171285,23.131653713005
113.25118991624,23.131652882158
113.25119018573,23.131647564739
