113.2845263032,23.134405947157
113.28453142354,23.134404202416
113.28453142354,23.134404202416
113.28498129494,23.13448487593
113.28498129494,23.13448487593
113.28498129494,23.13448487593
113.28511136958,23.13368511758
113.28513140179,23.133385269267
113.28513140179,23.133265379602
113.28513140179,23.133265130352
113.28513140179,23.133265130352
113.28503160005,23.132555012422
113.28494185933,23.131874967292
113.28484214741,23.13106497374
113.28479238129,23.130724989333
113.28479238129,23.130695078639
113.28472258295,23.130285052204
113.28469275921,23.130125112471
113.28456313372,23.129485019265
113.2844433896,23.12904491185
113.28444285061,23.129044330246
113.28444285061,23.129044330246
113.28389308764,23.129043167038
113.28381322828,23.129043083951
113.2838232893,23.128963237989
113.28382310964,23.12896298873
113.28382310964,23.12896298873
113.28384314186,23.128783106652
113.28388329611,23.128463306456
113.28390332833,23.1282934772
113.28392336054,23.128123647727
113.28396351479,23.127733886601
113.28398354701,23.127564056411
113.28402370126,23.127174293641
113.28406376569,23.127034457347
113.2840837979,23.127004545822
113.28423381492,23.126804969302
113.28427387935,23.126725121993
113.28431385394,23.12665532826
113.28433397599,23.126455501951
113.28425429629,23.126105452062
113.28425438612,23.125975585229
113.28431439293,23.125835830761
113.28455450999,23.125416400294
113.28459457442,23.125316527788
113.28461460663,23.125256620866
113.28463463884,23.125196713917
113.28465467105,23.125106811899
113.28466482191,23.124916953925
113.28464514902,23.124587007538
113.28467515242,23.124547124766
113.28467497276,23.124545213716
113.28467497276,23.124545213716
113.28464496935,23.124485140268
113.28461514561,23.12435518876
113.28455558796,23.123825244525
113.28451597268,23.123325293626
113.28451606251,23.123225419546
113.28448614894,23.123185453275
113.2844563252,23.123005480271
113.28442659128,23.122725549477
113.28440691839,23.122435647239
113.2844369218,23.122375822107
113.28443647265,23.122375074292
113.28443647265,23.122375074292
113.28440691839,23.121745080772
113.28440691839,23.121745080772
113.28440691839,23.121745080772
113.2849567712,23.121705944964
113.28560669523,23.121646701139
113.28573668004,23.121636896408
113.28604668527,23.121607149847
113.28609672089,23.121597262022
113.28609663106,23.121596929658
113.28609663106,23.121596929658
113.28615663787,23.121596929658
113.28618664127,23.121596929658
113.28627665148,23.121587041833
113.2862966837,23.121587041833
113.28634671931,23.121577154006
113.28642675833,23.121567266179
113.28647679395,23.121567266179
113.28660677876,23.121547324341
113.28666678557,23.1215273825
113.28727691467,23.121377153866
113.28727682484,23.121376655319
113.28727682484,23.121376655319
113.28736683505,23.121456588939
113.28749673003,23.121616456034
113.28758665041,23.121716331326
113.28764656738,23.121836231431
113.28775643015,23.122006068954
113.2878062861,23.122175989351
113.28785614206,23.122395930001
113.28785623189,23.122395930001
113.28785623189,23.122395930001
113.28837617112,23.122775071263
113.28855619154,23.122914745867
113.28862616954,23.12302459099
113.28877618656,23.123124299041
113.2889462358,23.123233894721
113.28909625282,23.12334349031
113.28967628868,23.123741822569
113.2897662989,23.123801563995
113.28976620907,23.123801480906
113.28976620907,23.123801480906
113.29014628213,23.124050167807
113.29117672838,23.12471604484
113.29176709476,23.125023224571
113.29186716599,23.125072745499
113.29256766463,23.125498990312
113.29263773246,23.125538623532
113.29307808182,23.125796031453
113.29394889918,23.126340342037
113.29400899582,23.126369921361
113.29404906024,23.12638961321
113.29437945701,23.126587279334
113.29447952824,23.126656574577
113.29465972833,23.126765253373
113.2947898928,23.126834299259
113.29489005386,23.126903511285
113.29526051505,23.127120619121
113.29579123395,23.127466262705
113.29621182059,23.127722669839
113.29628188842,23.127762053133
113.29631189182,23.127801768764
113.29650215293,23.127910031187
113.29706305489,23.128274865762
113.297543828,23.128640197852
113.29761398566,23.128679497788
113.29774423996,23.12875818071
113.29778430438,23.128777789118
113.29783442983,23.128807284812
113.29799468753,23.128905659134
113.29852567592,23.129170122849
113.29893647103,23.12933571359
113.29917694742,23.129433090488
113.29942748482,23.129530301141
113.2997382087,23.129626763951
113.30019921909,23.129791440178
113.30073047696,23.129985113117
113.30122167042,23.130159094487
113.30125176365,23.130168732417
113.30157254855,23.130274666513
113.30161261297,23.130294191612
113.30163264519,23.130303912617
113.30167270961,23.13030349719
113.30334715108,23.130651292695
113.30632584232,23.131227903397
113.30648636952,23.131255404508
113.30732898008,23.131422238918
113.30746938524,23.131449989242
113.3074695649,23.131450155412
113.3074695649,23.131450155412
113.30801133295,23.131551518824
113.30803136516,23.131561156652
113.30809155163,23.131570212887
113.30813170589,23.13157960146
113.30816179912,23.131579186037
113.30894431305,23.131736465309
113.30980713549,23.131942182659
113.30993756945,23.131979986095
113.31015828312,23.13203631735
113.31103125641,23.132331515995
113.31198453822,23.132715198476
113.3121250332,23.132762805601
113.31294788105,23.133128540747
113.31294788105,23.133128374579
113.31294788105,23.133128374579
113.31319877778,23.133283990341
113.31321880999,23.133293628043
113.3132991185,23.133362255113
113.31340952025,23.133450323697
113.313519922,23.133558415341
113.31360023051,23.133646982296
113.31370057123,23.133795203033
113.31380091196,23.133993439701
113.31382094417,23.134043123446
113.31388113064,23.134192091488
113.31394131711,23.134301013358
113.31396134932,23.134370636902
113.31398138154,23.134430290458
113.31399144256,23.134520103073
113.31403150698,23.135149371252
113.31413184771,23.13683759645
113.31419212401,23.13786655584
113.31419212401,23.138016599634
113.31420218503,23.138086387388
113.31420218503,23.138186416437
113.31422230707,23.13839602856
113.31426255116,23.139295371305
113.31426255116,23.139345385383
113.31432300712,23.140434391557
113.31432300712,23.140524366263
113.31432300712,23.140614340908
113.31433306814,23.140684127293
113.31433306814,23.14077410183
113.31435319019,23.141103758703
113.31436325121,23.141283624066
113.31448452245,23.143791661192
113.31451488518,23.144371205502
113.31446511905,23.145152124159
113.31446511905,23.145242095662
113.31445523769,23.145352254594
113.31444535633,23.145472465631
113.31436531731,23.14587388829
113.31424521387,23.146416039562
113.31392469846,23.147491778754
113.31370434412,23.148085761823
113.31264218768,23.150524636698
113.31245192658,23.150938006504
113.31218153662,23.151582814304
113.31187108223,23.152298313025
113.31184107883,23.152348820626
113.31182113645,23.152399162064
113.31181125509,23.152429317074
113.31181035678,23.152429483218
113.31181035678,23.152429483218
113.31183047882,23.152459139792
113.31181053644,23.152509481188
113.31179059406,23.152569874224
113.31172061606,23.152781125025
113.31160051261,23.153043215111
113.31158057023,23.15311357645
113.31155065666,23.153254132873
113.31151077189,23.153424843931
113.31148094815,23.153685437468
113.31144115322,23.154026193687
113.31145121424,23.15409605608
113.31145040576,23.15409597301
113.31145040576,23.15409597301
113.31151113122,23.154695076823
113.31158173803,23.155083927973
113.31167228722,23.155352409878
113.31181314153,23.155750064471
113.31200412128,23.156056840011
113.31200412128,23.156056840011
113.31200412128,23.156056840011
113.31216482814,23.156284117614
113.31223516546,23.156402906556
113.3122552875,23.156442530536
113.31243620623,23.156709431377
113.31258694189,23.156956893581
113.31267740126,23.157095369208
113.31272761654,23.157164482364
113.31265745888,23.157205684421
113.31265745888,23.157205767489
113.31265745888,23.157205767489
113.31260715377,23.157126603042
113.31250672321,23.156988376655
113.31244653674,23.156899493024
113.31236622823,23.156760934123
113.31224576546,23.156623039629
113.31224540614,23.156622790422
113.31212224845,23.156728454168
