113.27877714793,23.126172171825
113.27877921404,23.126179566666
113.27877921404,23.126179566666
113.27877921404,23.126179566666
113.27869944451,23.126169097565
113.27874939029,23.126099552804
113.27874930046,23.126099386627
113.27874930046,23.126099386627
113.27975791789,23.126215959248
113.27990775525,23.126236897441
113.28009747737,23.126278026025
113.28014742316,23.126278275289
113.28018739775,23.126288495117
113.28056693183,23.126380556622
113.28081666076,23.126441875531
113.28090658115,23.12645234461
113.28112630667,23.126483419491
113.28126617284,23.126504108378
113.2813760356,23.12651466054
113.28173571713,23.126546233934
113.2817356273,23.126546233934
113.2817356273,23.126546233934
113.28174577815,23.126306275954
113.28175583917,23.126096395454
113.2817659002,23.125916509488
113.28179608326,23.125536795585
113.28181611547,23.125407011284
113.28192633756,23.124877652875
113.28193639858,23.124817745755
113.28198652403,23.12455809253
113.28201661726,23.124358346151
113.28206674271,23.124148628747
113.28206665288,23.124147880943
113.28206665288,23.124147880943
113.28287593631,23.124360755739
113.28314569746,23.124411606342
113.28464487952,23.124585096489
113.28467488293,23.124545213716
113.28467497276,23.124545213716
113.28467497276,23.124545213716
113.28492488135,23.124535575378
113.28501489156,23.124535658467
113.28528483237,23.124516049432
113.28532480696,23.124516049432
113.28582471398,23.124496523482
113.28631473964,23.124466777563
113.28648478887,23.124456889951
113.28652476346,23.124456889951
113.28659474146,23.124456889951
113.2867647907,23.124446919249
113.28676470087,23.124446586893
113.28676470087,23.124446586893
113.28688471448,23.124446503803
113.28747481137,23.124436200744
113.28767486401,23.124376044157
113.28784500307,23.124285892315
113.28798513873,23.124135832983
113.28812527439,23.123975719656
113.28832550669,23.123755532356
113.28832550669,23.123755033818
113.28832550669,23.123755033818
113.28858574579,23.123474522977
113.28861583903,23.123404561353
113.28861583903,23.123344653568
113.28861592886,23.123274774966
113.28858610512,23.123174900848
113.28853615933,23.123135100742
113.28853597967,23.123134685292
113.28853597967,23.123134685292
113.28845594065,23.123074860475
113.28714639088,23.122066808251
113.28696655011,23.121946991445
113.28684671616,23.121857170315
113.2867968602,23.121817286723
113.28642711766,23.121567432361
113.2862772803,23.121447532014
113.28613741413,23.121367598388
113.28609752936,23.121307689683
113.28600769881,23.121177735062
113.28599781745,23.121167847205
113.28596799371,23.121007979569
113.28594814116,23.120888078716
113.28595847167,23.120428250045
113.28578923091,23.119598410642
113.28558998675,23.118788508305
113.28535094765,23.117778512365
113.2853310951,23.117678634109
113.28529130017,23.117548675934
113.28527144762,23.117488765505
113.28523165268,23.117388803937
113.28522177132,23.117358890237
113.28522015437,23.117356979083
113.28522015437,23.117356979083
113.28517020859,23.117296985474
113.28502064072,23.116936940152
113.28497078476,23.116846949443
113.2849309,23.116797009974
113.28491104745,23.116757041766
113.28489119489,23.116747070486
113.28487134234,23.116727127923
113.28484142877,23.116707185358
113.284801544,23.116697214074
113.28476165924,23.116687242789
113.28471180328,23.116677271503
113.28465188631,23.116687159695
113.28455199473,23.116726961735
113.28389218934,23.11696560754
113.28389093171,23.116964776601
113.28389093171,23.116964776601
113.28386083848,23.117094652255
113.28385086728,23.117124649109
113.28385086728,23.117164617206
113.28385086728,23.117204585291
113.28385077745,23.117204585291
113.28385077745,23.117204585291
113.2839106046,23.117294741945
113.28412017928,23.117725166418
113.28417012506,23.117785242927
113.28424001323,23.1178553737
113.28424001323,23.1178553737
113.28424001323,23.1178553737
113.28486999488,23.117636505738
113.2850299831,23.117576844629
113.28523003573,23.117507212269
113.28524000692,23.117497324139
113.28527001033,23.117487436008
113.28527998152,23.117487436008
113.28534995952,23.117457605423
113.28536999173,23.117447717289
113.28540996633,23.117437829154
113.28563005118,23.117348088065
113.28592011403,23.117228350092
113.28655027534,23.116978570183
113.28660031096,23.11694865639
113.28660031096,23.116947742357
113.28660031096,23.116947742357
113.28619095314,23.116227815031
113.28618107178,23.116177875329
113.28618098195,23.116177875329
113.28618098195,23.116177875329
113.28602108356,23.116127852514
113.28573191902,23.115347926249
113.28537304597,23.114287880614
113.28537304597,23.114287880614
113.28537286631,23.114287714423
113.28537071038,23.114281731543
