113.29071562816,23.111772222239
113.29059687217,23.111760671739
113.29059687217,23.111760671739
113.29059678234,23.111970658014
113.29061663489,23.112140508165
113.2906466383,23.112200421008
113.29066658068,23.112240307491
113.29066640102,23.112240307491
113.29066640102,23.112240307491
113.29059633319,23.112270554733
113.2903161517,23.112351574096
113.29008600583,23.112422372515
113.28982585655,23.112493170895
113.28982558706,23.112493253992
113.28982558706,23.112493253992
113.28989547523,23.112642994105
113.28994542101,23.112772790891
113.2899653634,23.112812677202
113.29002528037,23.11298244318
113.29010513973,23.113152125843
113.29016505671,23.113281922132
113.29023494488,23.113431661355
113.29027491948,23.113531459711
113.29033483645,23.113661255629
113.29048458398,23.11405064262
113.29059444675,23.114300178754
113.29066442474,23.114409864818
113.29076431632,23.114609459984
113.29086420789,23.114819026275
113.29102410627,23.115118334893
113.29106408087,23.115188134696
113.2910639012,23.115188134696
113.2910639012,23.115188134696
113.29029306525,23.115511041401
113.28850148474,23.116255817818
113.28779110474,23.116546896876
113.28673065509,23.116987627413
113.2866507059,23.117017624292
113.28543044769,23.117497074858
113.28539056293,23.117507046082
113.28529067135,23.11754693097
113.28526075778,23.117556902191
113.28525087642,23.11756687341
113.28523102387,23.117506962989
113.2852299459,23.117506962989
113.2852299459,23.117506962989
113.28518008995,23.11739694711
113.28517020859,23.117357062177
113.28512044246,23.117227103686
113.28504067293,23.117037151342
113.28497096442,23.116847198725
113.28487134234,23.116587197524
113.28487089319,23.116586698959
113.28487089319,23.116586698959
113.28385104694,23.116894645357
113.28378115878,23.116894562264
113.28364129261,23.11694416932
113.28319142121,23.117232837152
113.28310150083,23.117322578319
113.28301158045,23.117372268309
113.28245175645,23.117690267188
113.28245121747,23.117690267188
113.28245121747,23.117690267188
113.28233129368,23.117649883782
113.28222152075,23.117589557931
113.28212171901,23.117549257588
113.28196217995,23.117288759201
113.28193235621,23.117218711222
113.28178278834,23.116928215294
113.28173293238,23.116918077839
113.28160348656,23.116497705142
113.28157393231,23.116167737817
113.28154437806,23.115767720926
113.28154365941,23.11576688998
113.28184935278,23.115611253667
