113.28146308141,23.114896637181
113.2814645187,23.114896720276
113.2814645187,23.114896720276
113.2814645187,23.114896720276
113.28151401533,23.115396869125
113.28152389669,23.115476889442
113.28154356958,23.11576688998
113.28157321366,23.116166989967
113.28157321366,23.116166989967
113.28157321366,23.116166989967
113.28160294758,23.116497040389
113.28173248323,23.116917496182
113.28178242902,23.116927716731
113.28193208672,23.117218295753
113.28199200369,23.11727853868
113.28223158177,23.117549423775
113.28233138351,23.117649800689
113.28245121747,23.117690267188
113.28245121747,23.117690267188
113.28245121747,23.117690267188
113.28201131726,23.117938550079
113.28166160693,23.118007018907
113.28060250473,23.118271836723
113.28031289103,23.118350276539
113.27995329934,23.118438188906
113.27966368564,23.118506408197
113.27966332632,23.118506408197
113.27966332632,23.118506408197
113.27955364322,23.118215748902
113.2794939059,23.118075487699
113.27932448548,23.117784495087
113.27930463293,23.117724418577
113.27913521251,23.117403428411
113.27898555481,23.117302552749
113.27898519549,23.117302220374
113.27898519549,23.117302220374
113.27895528192,23.117291999854
113.27890542596,23.117281779333
113.27858598852,23.117279618897
113.27853613257,23.117279369616
113.2782865833,23.117297567129
113.27801709164,23.117315515359
113.27771768642,23.117323159974
113.27752805412,23.117331635526
113.27734848285,23.117330306028
113.27719882515,23.117319171479
113.2767496724,23.117295489788
113.27625066369,23.117251117765
113.2760910348,23.117229762685
113.27602123646,23.117229181029
113.27586160757,23.117207742852
113.2756820363,23.117196109731
113.27562220915,23.117185639921
113.27545260907,23.117164118643
113.27499366479,23.117119663483
113.27480412233,23.117097809819
113.27474429518,23.117097311256
113.27452483914,23.117115010231
113.27437518145,23.117163453893
113.27421555256,23.117281779333
113.27421366611,23.117280449834
113.27421366611,23.117280449834
113.27417369152,23.117369941688
113.27393384395,23.117897252723
113.27390393038,23.117976939159
113.27388407782,23.118006686534
113.27387419646,23.118036600088
113.27351442511,23.118872515025
113.27313471137,23.119728117534
113.27312483001,23.119747976553
113.27310497745,23.119777723531
113.27309509609,23.119807636686
113.27307524354,23.119837383651
113.27305530116,23.119887155791
113.27286557904,23.120234895518
113.2726158501,23.12073186677
113.27251604836,23.120910679578
113.27229632284,23.121357959819
113.27223649569,23.121487249535
113.27226640926,23.121527631773
113.27227629062,23.121617702399
113.27225634824,23.121697469692
113.27219652109,23.121756713494
113.27219481431,23.121756713494
113.27219481431,23.121756713494
113.27305233675,23.122336769575
113.27305233675,23.122336769575
113.27305233675,23.122336769575
113.27314225713,23.12221786701
113.27331194704,23.122129874057
113.27348163696,23.121981889555
113.2736514167,23.12171392169
113.2737213947,23.121524806678
113.27373145572,23.121455010209
113.27375166759,23.121075366627
113.2737319947,23.120815290619
113.27372220317,23.1206953065
113.2737125913,23.120325299389
113.27371232181,23.120324468471
113.27371232181,23.120324468471
113.27363255228,23.120263645285
113.27361269973,23.120223511938
113.27358287599,23.120153299325
113.2735232285,23.120032732964
113.27347346237,23.119952299934
113.27344363863,23.119922054443
113.27344327931,23.119921555891
113.27344327931,23.119921555891
113.27336341995,23.119880674612
113.27314405374,23.11979824728
113.27310425881,23.119777889715
113.2730345503,23.119747145632
113.27300472656,23.1197369253
113.27290510448,23.119705848839
113.27255611279,23.11956185006
113.27249637547,23.119531189019
113.27249574666,23.119530690466
113.27249574666,23.119530690466
113.27208692782,23.119365752223
113.27176793953,23.119231973447
113.27033226767,23.118643677603
113.27004328279,23.118519869247
113.26999351666,23.118489291058
113.26992380815,23.118458463583
113.26987404203,23.11842788538
113.26987350304,23.118427386822
113.26987350304,23.118427386822
113.26962422327,23.1183839292
113.26940494689,23.1183210278
113.26934520957,23.1183103088
113.26897645516,23.118215250343
113.26852793122,23.118098919972
113.26844825152,23.118077897401
113.26831871587,23.118056126988
113.26822906498,23.118034938224
113.26801984963,23.117961982376
113.2677807207,23.117888527927
113.26757150535,23.117825543198
113.26751176803,23.117804769864
113.26703342035,23.117677636988
113.26690397452,23.11764572911
113.26656522351,23.117560641398
113.26567841631,23.117186969421
113.26559882645,23.117155809269
113.26555903151,23.117155227612
113.26517051438,23.116989123103
113.26434362416,23.116655833237
113.26420420714,23.116573653184
113.26413458847,23.116542575982
113.26394540533,23.116439539216
113.26390561039,23.116418931854
113.2638559341,23.116388186992
113.26353739496,23.116103007288
113.26337821523,23.115920448747
113.26310953205,23.115606101795
113.26297020486,23.115493840781
113.26296759978,23.115491514127
113.26296759978,23.115491514127
113.26294774723,23.115461184524
113.26272874034,23.115277627961
113.26253964703,23.115144509824
113.26227078419,23.114970010191
113.2621414282,23.114897883609
113.26200210102,23.114825590797
113.26120530403,23.114462048762
113.26097632595,23.114358179426
113.26064754614,23.11438244331
113.26064673766,23.114381944737
113.26064673766,23.114381944737
113.26063658681,23.114601732116
113.26063658681,23.114711750312
113.26063658681,23.11480174247
113.26063658681,23.114851765785
113.26061664443,23.114921399538
113.26059670205,23.115051027906
113.26041623247,23.116347637002
113.26022624085,23.117194198575
113.2601558137,23.118062857536
113.26015518489,23.11806269135
113.26014629166,23.118062525164
