113.26668595577,23.143536448214
113.2667959982,23.143521577391
113.2667959982,23.143521577391
113.26682582194,23.143352099733
113.26708489325,23.143086085834
113.26737396796,23.142900490562
113.26750359345,23.142862524084
113.26800215301,23.142989882051
113.26816169207,23.143012229913
113.26816169207,23.143011897603
113.26816169207,23.143011897603
113.26817157343,23.142882047329
113.26817157343,23.142852139379
113.2680918039,23.142581056729
113.26801203437,23.142349934033
113.26801185471,23.142349684799
113.26801185471,23.142349684799
113.26796199875,23.14230897659
113.26777263595,23.142186270341
113.26761318672,23.142103939951
113.2675634206,23.142083253498
113.26709486444,23.141926318814
113.26681576092,23.141822138672
113.26667625407,23.141720118486
113.26647692008,23.141477114061
113.26643712515,23.141386558452
113.26638735902,23.141285867189
113.26617805384,23.140882685976
113.26593874525,23.140359038733
113.2659188927,23.140318828388
113.26568964513,23.139825253717
113.26568847734,23.139824090603
113.26568847734,23.139824090603
113.26522980254,23.138856791897
113.26516009404,23.13871572172
113.26514024148,23.13865548853
113.26512038893,23.138625247304
113.26507062281,23.138634469217
113.26504079906,23.13862408418
113.26499103294,23.138613366821
113.264951238,23.138582793265
113.26491144307,23.138552219701
113.26491081426,23.138551638139
113.26491081426,23.138551638139
113.26481110235,23.138550059612
113.26352553733,23.138618933202
113.26285791668,23.138667784411
113.26273844204,23.138675760117
113.26195125692,23.138742390475
113.26176198395,23.138749119973
113.26162256694,23.138766732979
113.26154297707,23.13877537332
113.26142350244,23.13878334902
113.26127411423,23.138790743158
113.26105501752,23.138806943795
113.26081597842,23.13883278173
113.2607662123,23.138832034008
113.26070647498,23.138841006666
113.26065670885,23.138840258945
113.26023827815,23.138892931759
113.26023702052,23.138892682518
113.26023702052,23.138892682518
113.26013739844,23.138940952066
113.26007766112,23.138949924717
113.25980870845,23.138995203361
113.25973908978,23.139004009848
113.2594004286,23.139038072669
113.25930089635,23.139056350277
113.25906185725,23.139062082799
113.25894238262,23.139079945003
113.25735822085,23.139251754361
113.25694985117,23.139304427012
113.25683037654,23.1393123196
113.25648174417,23.139376124923
113.25629256103,23.139412763123
113.25592398628,23.139496175222
113.25583442522,23.139524588494
113.25578465909,23.139503818559
113.25575483535,23.13949335051
113.25542614536,23.139587479839
113.25538635043,23.139586815202
113.25529678937,23.139575267123
113.25528690801,23.139545192267
113.2552851114,23.139544776868
113.2552851114,23.139544776868
113.25526516902,23.139494347467
113.2549063858,23.138657980938
113.25478691116,23.138375923092
113.25470723146,23.138194558333
113.25467740772,23.138134075665
113.25453799071,23.137811639436
113.25447825339,23.137670651228
113.25445840084,23.13760036477
113.25445840084,23.137540463397
113.25440863471,23.137399641063
113.25428916008,23.137077618454
113.25421945157,23.136846486161
113.25412989051,23.136514990904
113.25412899221,23.136514160088
113.25412899221,23.136514160088
113.25399945655,23.136591841382
113.2536308818,23.136715300543
113.25353134955,23.136763570884
113.25347161224,23.136792483231
113.25311300868,23.136916191449
113.25274443393,23.137029763634
113.25204698953,23.137277594918
113.25130966037,23.137534813891
113.2511104162,23.137571369518
113.25110978739,23.137571452599
113.25110978739,23.137571452599
113.25126941628,23.138654159246
113.25128935866,23.138834526413
113.25137909938,23.139116084804
113.25137909938,23.139116084804
113.25137909938,23.139116084804
113.2522459642,23.138711069226
113.25301320693,23.138354571413
113.2530131171,23.138354488332
113.25302272897,23.138335712145
