113.32485123753,23.123180966417
113.32485393244,23.123183043666
113.32485393244,23.123183043666
113.32485402227,23.123033149267
113.32484432057,23.122603489827
113.32484450023,23.122353636946
113.32484476973,23.121893813355
113.3248446799,23.121893397901
113.3248446799,23.121893397901
113.32470427474,23.121895641352
113.32392176082,23.121918408224
113.32362082847,23.12192339367
113.3230590282,23.121932699835
113.32305875871,23.121932699835
113.32305875871,23.121932699835
113.32304824854,23.122652762388
113.32302803666,23.123013041469
113.32301770615,23.123603145913
113.32299767394,23.123633473654
113.32299740445,23.123633473654
113.32299740445,23.123633473654
113.32267635006,23.123638874484
113.32242554316,23.12365308282
113.32209451758,23.123658732918
113.32188386494,23.123662305774
113.32188359544,23.123662305774
113.32188359544,23.123662305774
113.32188341578,23.123912239279
113.32185296323,23.124582686905
113.3218528734,23.124842672438
113.3218528734,23.124892691967
113.3218429022,23.12495284832
113.3218429022,23.125162813718
113.3218429022,23.125212833127
113.32183293101,23.125263018694
113.32182278016,23.125623124509
113.32182278016,23.125693084962
113.32182278016,23.125773099069
113.32182278016,23.125953068318
113.32182278016,23.126083018261
113.32183266152,23.126362858883
113.32183266152,23.126392853641
113.32188206833,23.128061831074
113.32189203952,23.128211636703
113.32189203952,23.12825160146
113.32190201071,23.12842143077
113.32186176662,23.128902086419
113.32182170219,23.129012757447
113.32176151573,23.129103736939
113.32178136828,23.129733363166
113.32178136828,23.12990335675
113.32180122083,23.130742935745
113.32182107338,23.131622556251
113.32181999541,23.131622639336
113.32181999541,23.131622639336
113.32194036835,23.131890587182
113.32193039716,23.132130784311
113.32193039716,23.132250758086
113.3219302175,23.132250758086
113.3219302175,23.132250758086
113.32197001243,23.13458997575
113.32197001243,23.135009958781
113.32198007346,23.135159756561
113.32202022771,23.135169061798
113.32207044299,23.13519822374
113.32211059725,23.135237521732
113.32214069048,23.135267015988
113.32216072269,23.135286706516
113.32217078372,23.135306563207
113.32218084474,23.135336389777
113.32219090576,23.13535624646
113.32219090576,23.135396209063
113.32220096678,23.135426035614
113.32220096678,23.135465998196
113.32219099559,23.13549615706
113.3221810244,23.135536285786
113.32216108202,23.135566610798
113.32214113963,23.135596935804
113.32212119725,23.135627260802
113.32209119385,23.135657751958
113.32206119044,23.13567827325
113.32203118704,23.135698794539
113.32199112261,23.135709512133
113.32196111921,23.135720063563
113.32194117683,23.135730365745
113.32189105138,23.135731196567
113.32185098695,23.135731861223
113.32180086151,23.135732692045
113.32176079708,23.13572346993
113.32173079368,23.135704028713
113.32169072925,23.135694806596
113.32165066483,23.135665561681
113.32164886821,23.135665478599
113.32164886821,23.135665478599
113.32149840204,23.1357380093
113.32109703914,23.135934913751
113.32078604577,23.136080307146
113.32042483713,23.136266576622
113.31971239103,23.136608956186
113.31950173839,23.136692619293
113.31874913803,23.137065820913
113.31872919565,23.137076206072
113.31860882271,23.137098305688
113.3185788193,23.137108857008
113.31829791917,23.137243780888
113.31825785475,23.137264468097
113.3180472021,23.137358183604
113.31800713768,23.137378870794
113.31745521877,23.137628612287
113.31723450511,23.137722493698
113.31683314221,23.13784960736
113.31644184033,23.137926540146
113.31608063168,23.137962929503
113.31539827882,23.138015021101
113.31500697694,23.138012030197
113.31468592255,23.138017679683
113.31458567165,23.138019424377
113.31447535974,23.138021335233
113.31431483254,23.138014273375
113.3141944596,23.138016433473
113.31417451722,23.138016765795
113.31412439177,23.138017679683
113.31409438837,23.138018178167
113.31292030307,23.138028729413
113.31258918766,23.138024575379
113.31173624658,23.138029310978
113.31173346183,23.138029394058
113.31173346183,23.138029394058
113.31164318213,23.138100926498
113.31162323974,23.13816124302
113.31160329736,23.138611622135
113.31161335838,23.138851474767
113.31161335838,23.13902145666
113.31160347702,23.139241618612
113.31161353804,23.139401464269
113.31161326855,23.139401464269
113.31161021431,23.139407446015
