113.34233226274,23.131697415533
113.34232848986,23.131694341401
113.34232848986,23.131694341401
113.3423186085,23.13167448417
113.34228869493,23.131664680181
113.34224872033,23.131654959275
113.34219877455,23.131605274635
113.34211882536,23.131505656044
113.34197877953,23.131486297293
113.34192883374,23.131456552941
113.34151866744,23.131118480493
113.34110841132,23.130740526274
113.34108846894,23.13069067512
113.34104858417,23.130450973895
113.34104768587,23.130450143041
113.34104768587,23.130450143041
113.34036686012,23.130503816213
113.34022672446,23.130594628511
113.34016671765,23.130644978213
113.34013671425,23.130695161725
113.34013653459,23.130695078639
113.34013653459,23.130695078639
113.34014650578,23.131145067691
113.34014650578,23.131145067691
113.34014650578,23.131145067691
113.34016644816,23.131244935808
113.34019645156,23.131344720764
113.34025645837,23.131454392736
113.34027649059,23.131524267029
113.34026651939,23.131564313872
113.34024657701,23.131614413951
113.34019663123,23.131674733424
113.3401165922,23.131735219039
113.34007661761,23.131765461837
113.34002667182,23.131775764326
113.33998669723,23.131766126513
113.33995678365,23.131766292683
113.33989677685,23.131746767801
113.33987683446,23.131736963816
113.33983685987,23.131707302605
113.33976688187,23.131617820424
113.33976589373,23.131617321915
113.33976589373,23.131617321915
113.33978601578,23.131297196215
113.33982625986,23.130557073936
113.33985653276,23.129657007229
113.33993666161,23.12950662163
113.33994672263,23.129306633445
113.33994681246,23.129136722183
113.33994690229,23.128926846161
113.33994690229,23.128836946671
113.33995705315,23.128447021469
113.33995705315,23.128387115961
113.33995705315,23.128327210426
113.33997726502,23.127957224602
113.33998732604,23.127877294899
113.33999747689,23.127637339328
113.34001759894,23.127357335221
113.34004787183,23.126817266282
113.34004787183,23.126815936879
113.34004787183,23.126815936879
113.34005802269,23.1265758963
113.34006817354,23.12629597304
113.34007823456,23.126256007694
113.34010904644,23.12471604484
113.34011919729,23.124546127697
113.34012943797,23.124156189879
113.3401295278,23.124016267315
113.34013976849,23.123576307933
113.34014991934,23.12341636011
113.34025079905,23.122166018478
113.3402609499,23.122016039839
113.34026103973,23.121926135665
113.34027119058,23.121766185852
113.34029158212,23.121206235351
113.34029167195,23.121106359676
113.34031215331,23.12051641031
113.34036335673,23.118966409714
113.34037350758,23.118836452799
113.34037359741,23.118726521116
113.34038374826,23.118596563967
113.34038392792,23.1183566747
113.34038392792,23.118336732379
113.34039416861,23.118026795091
113.34040422963,23.11800685272
113.34040440929,23.117816984585
113.34040440929,23.117787070981
113.34040440929,23.117747186165
113.34041447031,23.117657196005
113.34041447031,23.117627282365
113.34045552287,23.116457321373
113.34048633475,23.115587405481
113.34056888903,23.112907573336
113.34056870937,23.112905080443
113.34056870937,23.112905080443
113.34049873137,23.112805530906
113.3404988212,23.112665679468
113.34049900086,23.112445805786
113.34049918052,23.112295899257
113.34050951103,23.111956032941
113.34050978053,23.111636192184
113.34049010764,23.111406428212
113.34046046355,23.111076780619
113.34045076185,23.110826989132
113.3404611822,23.110407095729
113.34047151271,23.110067224577
113.34059224497,23.109446812059
113.34064255008,23.109226683749
113.34064237042,23.109225437268
113.34064237042,23.109225437268
113.34052271613,23.108756261097
113.340623506,23.108105926665
113.34064371788,23.107955932136
113.34063401618,23.10774610571
113.34062413482,23.107696245916
113.34058433988,23.107556555294
113.34051445172,23.107467056823
113.34039452793,23.107387862676
113.34039398895,23.107387280977
113.34039398895,23.107387280977
113.33998346333,23.107409634839
113.33981332426,23.107410632037
113.33924263077,23.107434315492
113.33917265278,23.107444786071
113.3391427392,23.107444952271
113.33908273239,23.10744536777
113.3390427578,23.107445617069
113.3388425255,23.107457001745
113.33776096567,23.10744511847
113.33774102328,23.10744528467
113.33754079099,23.107436974687
113.3366493126,23.107464480729
113.33536689165,23.10750644613
113.33417421143,23.107798624672
113.33408411139,23.107819565771
113.33391379266,23.107841420963
113.33383366381,23.107852307008
113.33383231635,23.107852223908
113.33383231635,23.107852223908
113.33358177894,23.107874993189
113.33335136358,23.107877569276
113.33194812054,23.107874245293
113.3318580205,23.107855464791
113.33184822897,23.107735718254
113.33184777982,23.107735468955
113.33184777982,23.107735468955
113.33177816114,23.107186428451
113.33158798987,23.106928901329
113.33097696246,23.106456891626
113.33043609271,23.106024186891
113.33027583501,23.105906433121
113.33014576037,23.105698265474
113.33012599765,23.105458685298
113.33016740953,23.104198451556
113.33016758919,23.10405859105
113.33017782988,23.10386861986
113.33017791971,23.103818675508
113.33016821801,23.103628953281
113.33015833665,23.103549175128
113.33015851631,23.103399258553
113.33014863495,23.103349480229
113.33006877559,23.103060699101
113.33002880099,23.102991308435
113.32955853806,23.102068035155
113.32955746009,23.102066705504
113.32955746009,23.102066705504
113.329296682,23.102070278941
113.32921655315,23.102071359283
113.32788274913,23.102090473016
113.32730109631,23.102099115746
113.32649872983,23.102111331912
113.32595714144,23.102119725332
113.32566635995,23.102104351246
113.32543576492,23.102068118258
113.32531548181,23.102050084864
113.32500457828,23.102005126022
113.32462351708,23.101941385826
113.32462243911,23.101941053413
113.32462243911,23.101941053413
113.32456225264,23.101952023045
113.32429150336,23.101916537945
113.32420131349,23.101908061409
113.32387037774,23.101863601139
113.32387001842,23.10186335183
113.32387001842,23.10186335183
113.32304735023,23.101797035362
113.32240524145,23.101777921587
113.32231505158,23.101779417447
113.32226492613,23.101780248481
113.32214464303,23.101782326065
113.32213467183,23.101812492586
113.3221045786,23.101852963914
113.3220745752,23.101883462832
113.32205454298,23.101903823141
113.32204457179,23.101913961743
113.32202453958,23.101924266551
113.32200450737,23.101934571358
113.32198447515,23.101944876164
113.32195447175,23.10196540267
113.32192446835,23.10197587368
113.32190443613,23.101986178483
113.32188449375,23.101986510896
113.32185449035,23.101987009516
113.32182448694,23.101987508135
113.32179448354,23.101988006755
113.32177454116,23.101988339168
113.32175459877,23.101988671581
113.32172459537,23.101979280914
113.32169459197,23.101969890246
113.32166458856,23.101960499578
113.32163458516,23.101951108909
113.32161464277,23.10193157964
113.32159470039,23.101922022762
113.32156469699,23.101902659695
113.32154475461,23.101883130419
113.32153487325,23.10185337943
113.32151493086,23.101833850147
113.32151493086,23.101823960849
113.32149498848,23.101794376054
113.3214750461,23.101744846439
113.32147513593,23.101694901288
113.32147513593,23.101655011637
113.32148519695,23.1016349006
113.32148519695,23.101614955766
113.32149525797,23.101584872304
113.32152544104,23.101524456048
113.32153550206,23.10151440052
113.32154556308,23.101494289462
113.32156568512,23.101474012193
113.32157574615,23.101463956661
113.32159586819,23.101443679388
113.32162596142,23.101423235904
113.32164608347,23.101413014161
113.32168623772,23.101392404466
113.32168309365,23.101390243772
113.32168309365,23.101390243772
113.32170330553,23.101219881245
113.32189599206,23.099177092866
113.32192617513,23.099126648119
113.32192617513,23.099126565014
113.32192617513,23.099126565014
113.32195671751,23.09862610555
113.3220075616,23.097885468621
113.32201780229,23.097695405494
113.32209900911,23.096734281929
113.32211940064,23.096394126459
113.32218021592,23.095763261661
113.32221057865,23.095482857876
113.32224094138,23.095212509506
113.32224094138,23.095172617907
113.32228145495,23.094722091337
113.32231181768,23.094421739441
113.32232196853,23.094261673378
113.32233202955,23.094201586223
113.32244341944,23.093009976704
113.32247378216,23.092719594023
113.32249426353,23.0921994135
113.322484472,23.092019730923
113.32248483132,23.09158988799
113.3224650686,23.091250384226
113.32246515843,23.091170515527
113.32243551435,23.090671189633
113.32239589908,23.090062072665
113.32239598891,23.08997214685
113.32234613295,23.089643110935
113.3222863058,23.089234287454
113.32226636342,23.089134720171
113.32223644985,23.088965339262
113.32223644985,23.088935419157
113.32221650747,23.088815821783
113.32219656508,23.088746257452
113.32212667692,23.088387547608
113.32204672772,23.087989026153
113.32198681075,23.087700128517
113.32192689377,23.087431260332
113.32190695139,23.087331691697
113.32178684794,23.086913884936
113.32168677671,23.08660570278
113.32148645458,23.086009283501
113.32136635113,23.085621476554
113.32134640875,23.085561884173
113.32129637313,23.085432808812
113.32092573228,23.084219427806
113.32081560002,23.083891458136
113.32077562543,23.083772271796
113.32075568305,23.083692731062
113.32062551858,23.083275079091
113.32034497777,23.082320084875
113.32031497436,23.082230735631
113.32010450138,23.081514526544
113.32006452679,23.081365333147
113.3197637741,23.080430688811
113.3196335198,23.080053088973
113.31956336214,23.079854439278
113.31947317227,23.079606085182
113.3193829824,23.079347756533
113.31937301121,23.079298052315
113.31914241618,23.07870218207
113.31908231954,23.078523312422
113.31886169571,23.078037321044
113.3187414126,23.077769513851
113.31853075996,23.077333307808
113.31833016834,23.076906908368
113.31814960893,23.076520155412
113.31814547673,23.076515168262
113.31814547673,23.076515168262
113.31765365446,23.076603856395
113.31739278654,23.076608511065
113.31705161011,23.076624553054
113.31675058793,23.076629872677
113.31626891652,23.076648408237
113.31589764685,23.076645083473
113.31579739596,23.076646828974
113.31537600084,23.076634361109
113.3151653482,23.076638101468
113.3145431818,23.076609176018
113.31446296312,23.076600697868
113.31421215622,23.076595212006
113.31379076111,23.07657268672
113.31312853029,23.076594297695
113.31273722841,23.076611087758
113.31213518405,23.076671515343
113.31151310749,23.076762198228
113.31028898657,23.076862938445
113.3101385204,23.076865432014
113.30939607089,23.076927771218
113.30921551149,23.076940737769
113.30902498089,23.076953870556
113.3084231162,23.07700365877
113.30818237032,23.077027513884
113.3079817787,23.077040729782
113.30721938681,23.077112793804
113.30699876298,23.077136233305
113.30614618122,23.077219352068
113.30550434193,23.077279031308
113.3050029078,23.077346440556
113.30432100409,23.077446266027
113.30395000391,23.077491482535
113.30319794254,23.077501872355
113.30263650159,23.077549416164
113.3022154658,23.077594965111
113.30182452324,23.077660046882
113.30127323315,23.077657054617
113.3011931043,23.077658052039
113.30063184302,23.0776848993
113.30057174638,23.077675673152
113.3004515531,23.077627215086
113.3004215497,23.077587650682
113.30041795648,23.077587151971
113.30041795648,23.077587151971
113.3003277666,23.077538195161
113.30010732243,23.077430889086
113.29996709694,23.077372622931
113.299776746,23.077254926883
113.29964658154,23.077186520163
113.29881484046,23.076725792091
113.29852432846,23.076568946359
113.2982639097,23.076481754348
113.29802352314,23.076354249437
113.29782320101,23.076256334892
113.29754275003,23.07610921358
113.29749271441,23.076079789298
113.29733245671,23.076001407634
113.29733128891,23.07600032708
113.29734512282,23.075994093118
