113.33591836141,23.089134637059
113.33591369022,23.089144693524
113.33591369022,23.089144693524
113.3355731426,23.089147934864
113.33557305277,23.089147934864
113.33557305277,23.089147934864
113.33557278328,23.089497832883
113.33557278328,23.08958784213
113.33557278328,23.08966779489
113.33557260361,23.090107700434
113.33557260361,23.090187652882
113.33557251378,23.090417619789
113.33557233412,23.090787544037
113.33557215446,23.091137520848
113.33558176633,23.091647316815
113.33558122735,23.091647483034
113.33558122735,23.091647483034
113.33510036441,23.091582241892
113.33501026437,23.091573266038
113.33470978117,23.091526392125
113.33465974556,23.091526890784
113.33445942343,23.091499049001
113.33405868934,23.091443448529
113.33405824019,23.091443116089
113.33405824019,23.091443116089
113.33406686392,23.093302685794
113.33406686392,23.093352717209
113.33406677409,23.093582678638
113.33404665205,23.093822861996
113.33405653341,23.094032710423
113.33404620289,23.094542744603
113.33404620289,23.094632750432
113.33403605204,23.09493276942
113.33402590119,23.095182840131
113.33400559948,23.095602947892
113.33399508931,23.096242955204
113.33399481982,23.09662291913
113.33399464016,23.096932823286
113.3339844893,23.097162861623
113.33398430964,23.097412845029
113.33398421981,23.097642799429
113.33398404015,23.097962757004
113.33397344015,23.09862269823
113.33397335032,23.098842677911
113.33397326049,23.099002655349
113.33397317065,23.099212578697
113.3340515029,23.10112132019
113.33404090289,23.101801273633
113.33403084187,23.101901330042
113.33403075204,23.102041275924
113.33402868594,23.102041359027
113.33402868594,23.102041359027
113.33402841644,23.102271305413
113.33400766559,23.103081391641
113.33400757576,23.10328133625
113.33399688592,23.104061250312
113.3339868249,23.104211332344
113.33398664524,23.104461302482
113.33396616387,23.105011434574
113.33396616387,23.105101433308
113.33395583336,23.10548145499
113.33394541301,23.105991445204
113.33394505369,23.106471351103
113.33393499267,23.106561431948
113.33393481301,23.106811397662
113.33392412317,23.107541348037
113.33391406215,23.107671399112
113.33391397232,23.107841337863
113.33383384347,23.107852223908
113.33383231635,23.107852223908
113.33383231635,23.107852223908
113.33358177894,23.107874993189
113.33335136358,23.107877569276
113.33194812054,23.107874245293
113.3318580205,23.107855464791
113.33024367567,23.108096204034
113.33024322652,23.108096037835
113.33024322652,23.108096037835
113.33001083488,23.109758763746
113.32988983313,23.110540218618
113.32980970428,23.110531410241
113.32980952462,23.110531327143
113.32980952462,23.110531327143
113.32982982632,23.110341115921
113.32982982632,23.110341115921
113.3298368331,23.110342944077
