113.28926037323,23.13331755613
113.28925201899,23.133312155694
113.28925201899,23.133312155694
113.28966227512,23.133311075607
113.28966227512,23.133310992523
113.28966227512,23.133310992523
113.28966227512,23.133051023591
113.28966227512,23.133001090222
113.28964260223,23.131881281716
113.28964269206,23.131651386634
113.28962292934,23.131041543757
113.28962319883,23.130291699046
113.28962328866,23.130141812681
113.28961349713,23.129681933002
113.28961349713,23.129631998365
113.28961358696,23.129442063782
113.28961367679,23.129192140696
113.28961367679,23.129122265175
113.28960397509,23.128602393464
113.28959427339,23.128162532381
113.28959373441,23.128161535339
113.28959373441,23.128161535339
113.2888933256,23.128343329255
113.28845324573,23.128374237519
113.28759302838,23.128455496309
113.28707299932,23.128495959512
113.28637303966,23.128546143837
113.28620317009,23.128566084624
113.28580324448,23.128605966187
113.28570335291,23.128635877351
113.28566346814,23.128665871596
113.28516356113,23.128825397657
113.28508370177,23.128845338401
113.28500384241,23.128865196056
113.28497392883,23.128875166425
113.28451408624,23.129014419173
113.28444419807,23.129044330246
113.28444285061,23.129044330246
113.28444285061,23.129044330246
113.28389308764,23.129043167038
113.28381322828,23.129043083951
113.28318369578,23.129061362937
113.28265414468,23.129069671566
113.28226454958,23.129068342185
113.28223463601,23.129068342185
113.28180506632,23.129076567727
113.28164525777,23.129065932683
113.28131566947,23.129074407484
113.28102605578,23.129073078104
113.28040676396,23.129079808092
113.28025701643,23.129069089962
113.28011724009,23.12905837183
113.27993757899,23.129047404439
113.27963808394,23.129025635826
113.27946839402,23.129004614987
113.27940856688,23.128994312282
113.27937874313,23.128984175749
113.27913916506,23.128942715658
113.27854017494,23.128728685005
113.27853837833,23.128727604881
113.27853837833,23.128727604881
113.27824849514,23.129485434695
113.27794873059,23.130313135109
113.27791881702,23.130362903319
113.27785890004,23.130552421156
113.27776906949,23.130851694278
113.27773915592,23.130981473251
113.27749939818,23.131979487588
113.27750936937,23.132089574458
113.27742959984,23.132079022739
113.27742906086,23.132078939655
113.27742906086,23.132078939655
113.27737911507,23.132078524233
113.27593176523,23.13200599153
113.27530313104,23.131960045822
113.27524330389,23.131959547316
113.2752430344,23.131959381147
113.2752430344,23.131959381147
113.27487383083,23.131935618984
113.27462446122,23.13192315631
113.27437509161,23.13191061055
113.27397606431,23.131896403098
113.27300840961,23.131845638449
113.27273909762,23.131832594175
113.27193116165,23.131792962836
113.27185148195,23.131782078755
113.27106357818,23.131752251385
113.27066473054,23.131727159831
113.27063490679,23.131736797647
113.27051534233,23.13172533197
113.27045560502,23.131724584208
113.27041581008,23.131724168785
113.2698275098,23.131706305589
113.2697478301,23.131705308574
113.2696781216,23.131704394643
113.26878080422,23.131651885142
113.26875098048,23.131651552804
113.26866132959,23.131630366211
113.26863150585,23.131619980625
113.26862961941,23.131618568186
113.26862961941,23.131618568186
113.26800152419,23.131579435291
113.26762279859,23.131543958113
113.26687522875,23.131512801333
113.26655633029,23.131498012246
113.26635708613,23.131485051021
113.2658189113,23.131456719111
113.26532062123,23.131418915525
113.26487218712,23.131391829873
113.26468291415,23.131388838819
113.26431424957,23.131362916348
113.26403523588,23.131368316863
113.26398546975,23.131367569099
113.26298897945,23.131361088481
113.26243095207,23.131361670075
113.26160388218,23.131367486014
113.26102600225,23.131377456196
113.2610061497,23.131377206941
113.26094641238,23.131376293008
113.26093653102,23.131376209923
113.26093491407,23.131374963651
113.26093491407,23.131374963651
113.26053633592,23.131407948329
113.26045674605,23.13141658915
113.25970953553,23.131463448979
113.25968968297,23.131363165602
113.25968932365,23.131363165602
113.25968932365,23.131363165602
113.25946034558,23.130639162242
113.25922157597,23.129845113616
113.25919184206,23.129714668844
113.25919184206,23.129714668844
113.2591916624,23.129714419586
113.25918510477,23.129711677752
