113.28425681154,23.079701171276
113.2842604946,23.079701503745
113.2842604946,23.079701503745
113.28427046579,23.079711560924
113.28469024395,23.080242346169
113.28469024395,23.080242346169
113.28469024395,23.080242346169
113.28475025076,23.080252403307
113.28486020335,23.080262543561
113.28496018476,23.080312663003
113.28525006795,23.080583041689
113.28531007475,23.080653108993
113.28530998492,23.080653108993
113.28530998492,23.080653108993
113.28545991211,23.080813274566
113.28548991552,23.080923320753
113.28548991552,23.080923320753
113.28548991552,23.080923320753
113.2855098579,23.080993304762
113.28479983722,23.081962355076
113.28377999098,23.083100205119
113.28377981132,23.083100288234
113.28377981132,23.083100288234
113.28391967749,23.083380551921
113.2841893488,23.083911073172
113.28429921156,23.084191252035
113.28434915735,23.084321325973
113.28437907092,23.084421395548
113.28466850496,23.08535185614
113.28468844734,23.085411864183
113.28482813385,23.085882037069
113.28501776614,23.086462249892
113.28503770852,23.086542287646
113.2850676221,23.086662302631
113.28522725099,23.087232455438
113.28522725099,23.087322466219
113.28522725099,23.087382473373
113.2852073086,23.087482457531
113.28503707971,23.088142201485
113.2849770729,23.088342085471
113.2849470695,23.088462015718
113.28493709831,23.088552025666
113.28493709831,23.088702042111
113.28492694745,23.089022021219
113.28491697626,23.08910197432
113.28491697626,23.089271936833
113.28491688643,23.089501905325
113.28491688643,23.089671867327
113.28491688643,23.089711843688
113.28492685762,23.089781823068
113.28494671018,23.089941811419
113.28496665256,23.089991844099
113.28501659834,23.090101882687
113.28505657294,23.090181918249
113.28513652213,23.090281983411
113.28525635608,23.090462083891
113.28536621885,23.090642184126
113.28543610702,23.090822201008
113.28546602059,23.090942212126
113.28549584433,23.091132201806
113.2854957545,23.09143214559
113.28548569348,23.091692112943
113.28548569348,23.091772064437
113.28548569348,23.091951996678
113.28548425619,23.091952162897
113.28548425619,23.091952162897
113.28546422398,23.092002111712
113.28540421717,23.092132011785
113.2852440493,23.092501765041
113.28512394585,23.092761564083
113.28491374236,23.09323121231
113.28481367113,23.09347106387
113.28429292343,23.094709957599
113.28391240121,23.09560901472
113.28376229436,23.095958563295
113.28365225194,23.09620821654
113.28358218411,23.096378003749
113.28357194342,23.096707937156
113.28357194342,23.096787885632
113.28358182478,23.096867917166
113.28363168074,23.097008034564
113.28374145367,23.09716826353
113.28374046554,23.09716826353
113.28374046554,23.09716826353
113.28408011485,23.097419077987
113.28421998102,23.097509331185
113.28460957612,23.097830037033
113.28489936947,23.098000487015
113.28513921705,23.098120740966
113.28522913743,23.09816079789
113.28525914083,23.098170853672
113.2853590324,23.098220966359
113.28545901381,23.098261023253
113.285748897,23.098361248541
113.28583881738,23.098401305392
113.28616867516,23.09852139277
113.28745837238,23.098970826087
113.28763830297,23.09904063438
113.28774825557,23.099080524816
113.28774816574,23.099080524816
113.28774816574,23.099080524816
113.28815815237,23.09919994674
113.28854810679,23.099349203216
113.28878813403,23.099438707159
113.28892809002,23.099508348996
113.2893981733,23.09967713473
113.28952824794,23.099716775661
113.28969829717,23.099786251144
113.28984831419,23.099835781489
113.28988828878,23.099845670935
113.2899383244,23.099875505478
113.28998836002,23.099895367468
113.29001836342,23.099915229455
113.29004836683,23.099925118895
113.29008834142,23.09995495342
113.29010837363,23.099974898502
113.29013837704,23.099994760477
113.29015831942,23.100024678091
113.2901782618,23.100054595698
113.29019820418,23.100084513298
113.29021814657,23.100134459055
113.29021814657,23.100154487215
113.29022811776,23.100174432267
113.29023808895,23.100234350511
113.29024806014,23.100274323694
113.29024806014,23.100304324349
113.29024806014,23.100334324997
113.29023808895,23.100374381253
113.29023808895,23.100444355017
113.29023808895,23.100474355634
113.29023808895,23.100554301842
113.29022811776,23.100654276087
113.29021814657,23.100754250256
113.29010783465,23.101064560292
113.29005779903,23.101194700814
113.28997758035,23.101434953511
113.28989727184,23.101745178852
113.28985720741,23.101905235897
113.28983708537,23.102105265381
113.28982702435,23.10224529415
113.28981705316,23.102295322197
113.28981678367,23.102615268562
113.28980663281,23.102875214029
113.28979585315,23.103725102511
113.28979576332,23.103905101662
113.28980537519,23.104295015883
113.28981525655,23.104394987312
113.28987472437,23.104924676734
113.28990454811,23.105104508056
113.28998413798,23.105544196274
113.29004396513,23.105783942497
113.29013361602,23.106163546723
113.29021338555,23.106423235941
113.29040292801,23.107042416088
113.29070233324,23.107881059457
113.2907821926,23.108080664441
113.29141109628,23.109737573658
113.29144109969,23.109797404488
113.29146104207,23.109867290187
113.29162076079,23.110286437415
113.29166073539,23.110376266377
113.29173062355,23.110555924118
113.2917290066,23.110556007216
113.2917290066,23.110556007216
113.29177895239,23.110715721249
113.29183886937,23.110875351991
113.29194873213,23.111164780901
113.29195870332,23.111214722489
113.29216836783,23.111763497041
113.29257772565,23.112841013095
113.29266764603,23.113070442198
113.29271759182,23.113220098563
113.29274759522,23.113289899365
113.29279754101,23.113409557795
113.29286742918,23.11360907137
113.2930571513,23.114107812445
113.29306712249,23.114157752926
113.2930871547,23.114187584253
113.29352651593,23.115504560008
113.29389607882,23.116591933888
113.29418560268,23.117639746382
113.29422557728,23.117769455189
113.29437523497,23.118418246597
113.29441511974,23.118597893452
113.29442509093,23.118657803381
113.29444512314,23.118697687923
113.29444512314,23.118727684415
113.29446506553,23.118797565412
113.29455480625,23.119286814452
113.29457474863,23.119366666239
113.29479420466,23.120484835481
113.29500368951,23.121583053466
113.29503360308,23.121732783322
113.29512352346,23.122062072082
113.29524344725,23.122461072912
113.29525341844,23.122490985462
113.29526338963,23.122520898006
113.29539328461,23.122929785182
113.29555327282,23.12336841727
113.29555318299,23.123368666539
113.29555318299,23.123368666539
113.29558318639,23.123408383486
113.29596316962,23.124425066792
113.29616322226,23.12492326868
113.29634324268,23.125391639896
113.29645328511,23.125630602469
113.29652335294,23.125769941712
113.29661336315,23.125999099195
113.29719375834,23.127463603911
113.29738383979,23.128031753606
113.29741384319,23.128141428318
113.29748391102,23.128290735337
113.29755397885,23.128440042188
113.29768414332,23.128648755767
113.29773417894,23.128738239952
113.2977343586,23.128738323039
113.2977343586,23.128738323039
113.29781448745,23.128767486395
113.29783451966,23.128807284812
113.29785455187,23.128837112844
113.29785455187,23.128837112844
113.29785455187,23.128837112844
113.29799477736,23.128925682952
113.29851579456,23.1291903128
113.29878636418,23.129297410883
113.29878636418,23.129297410883
113.29878636418,23.129297410883
113.29890655746,23.129356152774
113.29902684056,23.129394870895
113.29916715589,23.129453363485
113.29938760006,23.129530882743
113.29942766448,23.129540437633
113.29952791538,23.129579321872
113.29960813406,23.129598431643
113.2996682307,23.129627760982
113.30019939875,23.129791606349
113.30040987173,23.129859155116
113.30074062782,23.129965172545
113.30123182127,23.130139153941
113.3012619145,23.130148791872
113.30165285706,23.130273835658
113.30165285706,23.130273752572
113.30165285706,23.130273752572
113.30173307574,23.130292696072
113.30179326221,23.130301918565
113.30179326221,23.13030200165
113.30179326221,23.13030200165
113.30189351311,23.130270678407
113.30216417256,23.130327176559
113.30292620512,23.130477062715
113.30336736296,23.130581085602
113.30345764266,23.130589809562
113.3037685462,23.13065544696
113.30399923105,23.130702223972
113.30444047872,23.130785973892
113.30472128902,23.130831920006
113.30519262992,23.130925058464
113.30541325375,23.130961782084
113.30607521509,23.131081840001
113.30632602198,23.131128035268
113.30635611522,23.131137590042
113.30657682888,23.131184200714
113.30667716961,23.131202645575
113.30725900209,23.131323534123
113.30758005647,23.131298525573
113.30775064469,23.131285896669
113.30790111086,23.13126354683
113.30796129733,23.131232639239
113.30799139057,23.131212200344
113.30810179231,23.131130527818
113.30812182453,23.131100284876
113.30816197878,23.131039715886
113.30816188895,23.131039134291
113.30816188895,23.131039134291
113.30819207202,23.130898637391
113.30828244155,23.130567293434
113.3084833925,23.12978421171
113.30851348573,23.129673790583
113.30855363999,23.129483274458
113.30855372982,23.129313363422
113.30851375522,23.129164140641
113.30847378063,23.129074906002
113.30843380603,23.128995641663
113.30818326862,23.128469787216
113.30813332284,23.128250687505
113.30811347029,23.128011148044
113.30813368216,23.127730895465
113.30817392625,23.127540376548
113.30822414153,23.12736963215
113.30843506366,23.126876341623
113.30853549421,23.126654829733
113.30858570949,23.126494137831
113.30860583154,23.126333944261
113.30864598579,23.12626340253
113.30864535698,23.126261657681
113.30864535698,23.126261657681
113.30915712163,23.126213300429
113.3099297542,23.126140598342
113.31005012713,23.126128633652
113.31071244779,23.126067563863
113.31112387171,23.126030672711
113.31137476844,23.126006494046
113.31195687041,23.125946587435
113.31214758067,23.125923405813
113.31244869268,23.125898313157
113.31331178461,23.125823367513
113.31456635808,23.125701393802
113.31474700732,23.125698319531
113.31490762435,23.125705465133
113.31569040777,23.125691672459
113.31651334545,23.125687185685
113.31690473716,23.125680289347
113.31768761041,23.125566541265
113.31778795113,23.125574767024
113.31801881565,23.125550754452
113.31801881565,23.125549425037
113.31801881565,23.125549425037
113.31802905633,23.125149270254
113.31802905633,23.125109387651
113.31802905633,23.125109221473
113.31803309871,23.125108639852
