113.34579073896,23.148496065496
113.34584400847,23.148477124597
113.34584400847,23.148477124597
113.34571375417,23.147937224768
113.34564332702,23.147057297145
113.34564314736,23.14705704792
113.34564314736,23.14705704792
113.34503301826,23.147087785671
113.34385264482,23.147150091903
113.34257193065,23.147214059603
113.34085050781,23.147301786685
113.34046019406,23.147313915614
113.34014991934,23.147325712242
113.34004984811,23.147326293766
113.33999990232,23.147326626066
113.33989983109,23.147337259645
113.33940926645,23.147350302394
113.33934925964,23.147350717768
113.33919915279,23.147351714666
113.33913914598,23.14735213004
113.33874865257,23.147364840489
113.33871864917,23.147355120734
113.33753683844,23.147314164838
113.33696596529,23.147288993155
113.33664544988,23.147281848717
113.33626483784,23.147265316816
113.33598438686,23.147247954164
113.33567384265,23.147240975873
113.33540336286,23.147223696293
113.33535332724,23.147224194742
113.33499265758,23.147207828984
113.33491261856,23.147208659733
113.3348024863,23.147209822782
113.33455203873,23.147202512189
113.33227681053,23.147148181179
113.33217664947,23.147159396297
113.33161529835,23.147106394469
113.33086341664,23.147086041096
113.3304925063,23.147071004521
113.33042243847,23.147071918346
113.33034230962,23.147072998321
113.32964046352,23.147052561869
113.3295904279,23.147053226469
113.32953033127,23.147044171292
113.32941004816,23.147045832792
113.32897886151,23.147031959263
113.32860786134,23.147017338057
113.32852773249,23.147018501108
113.32826704423,23.147012353555
113.32819688657,23.147003464525
113.32760517273,23.146992249393
113.32727423698,23.146977295882
113.32689317578,23.146963173121
113.32677289267,23.146965000772
113.32669276382,23.14695627789
113.32565953282,23.14693243534
113.32554922091,23.146924293981
113.32496738843,23.146913660368
113.32494744605,23.146913992669
113.3243957068,23.146892974666
113.32332214189,23.146870710533
113.3228405603,23.146858830788
113.32273024839,23.1468507725
113.32235906855,23.146857003135
113.3217570242,23.146827345307
113.32175235301,23.146824354602
113.32175235301,23.146824354602
113.32150145628,23.146738621009
113.3214815139,23.146729067359
113.32144144947,23.146709876982
113.32144117998,23.146709710832
113.32144117998,23.146709710832
113.32135081045,23.14662123568
113.32134083926,23.14660146376
113.32125055955,23.146433070021
113.32125037989,23.146432903871
113.32125037989,23.146432903871
113.3212704121,23.146272568242
113.32129044432,23.146122284567
113.32140030708,23.145080346296
113.32146022406,23.14452938344
113.32150019865,23.144048701369
113.32153020206,23.143768233458
113.32155023427,23.14362799928
113.32155023427,23.143548079025
113.32155005461,23.143547497484
113.32155005461,23.143547497484
113.32150990035,23.143368133658
113.32157987835,23.142707002645
113.32157987835,23.142706919567
113.32157987835,23.142706919567
113.32168992078,23.141754928314
113.32177993099,23.140573382928
113.32180993439,23.140252946536
113.32181990558,23.140122844321
113.32178990218,23.140103403749
113.3217699598,23.140083797016
113.32175001742,23.140054220751
113.3217299852,23.140014674949
113.32172001401,23.13998493251
113.32171004282,23.139935167912
113.32171004282,23.139885237136
113.32173007503,23.139844943568
113.32175010725,23.139804649987
113.32178020048,23.139774242865
113.32183032593,23.139733450785
113.32182987677,23.13973245383
113.32182987677,23.13973245383
113.32182987677,23.139612403746
113.32181990558,23.139272607416
113.32181981575,23.139272607416
113.32181981575,23.139272607416
113.32180948524,23.137432707323
113.32180948524,23.137142754153
113.32180948524,23.137012815048
113.32176942081,23.135883569074
113.32175944962,23.135723802258
113.32172944622,23.135704361041
113.32168938179,23.135695138925
113.32164931737,23.13566589401
113.32162937499,23.13564628662
113.3216094326,23.135616709365
113.3215794292,23.135587298269
113.32155948682,23.135547751134
113.32154951563,23.135518007693
113.32153954443,23.135478294373
113.32153954443,23.135438414877
113.32153846647,23.135437334807
113.32153846647,23.135437334807
113.32137793927,23.135460099354
113.32129772059,23.135471481627
113.32108706795,23.135505129944
113.32083626105,23.135539442911
113.32051520666,23.13554500942
113.32011384376,23.135502055901
113.31974257409,23.135468656829
113.31915059076,23.135409086823
113.31882953637,23.135364803942
113.31825758525,23.135254969039
113.31760532562,23.135116553669
113.31715374744,23.134974648686
113.31691300157,23.134909013426
113.31682281169,23.134870712329
113.31612033679,23.134593299063
113.31587959091,23.134507640641
113.31557856873,23.134383099346
113.31486612263,23.134085828189
113.31452503603,23.133941928106
113.31440466309,23.133884102162
113.31391302049,23.133682874328
113.31385292385,23.133654044386
113.31367236444,23.133577275289
113.3135519915,23.133509479166
113.31341158635,23.133451985368
113.31329121341,23.133384189181
113.31316086928,23.133306589091
113.31298030988,23.13321984975
113.31279975047,23.133153050449
113.31197699245,23.132807421687
113.31168612113,23.132692516541
113.31110419882,23.132472592965
113.31098391571,23.132434706585
113.3106227969,23.132310911101
113.31013124412,23.132129288792
113.31000089999,23.13210153861
113.30992068131,23.132072957578
113.30979033718,23.132035237252
113.30959980658,23.13198846071
113.30915846909,23.131905874733
113.30915496569,23.131902883691
113.30915496569,23.131902883691
113.30894431305,23.131856356356
113.30816188895,23.131699160311
113.30812182453,23.131689854831
113.30810188215,23.131680300096
113.30801169227,23.131661855302
113.3079215024,23.131643410506
113.307891499,23.131633938853
113.30730975635,23.131493276414
113.30662767297,23.131363996451
113.30634686267,23.131308412675
113.30630679825,23.131299107167
113.30627679484,23.131299605677
113.30607629305,23.13126271598
113.30603622863,23.13125341047
113.30603506083,23.131252413451
113.30603506083,23.131252413451
113.30594478113,23.13125374281
113.30537318933,23.131132438773
113.3047715043,23.13101138388
113.30450084485,23.130955384531
113.30402959378,23.130872216314
113.3033477799,23.130741772552
113.30224493022,23.130506641116
113.30165348587,23.13038433937
113.30157335702,23.130385336396
113.30138300609,23.130297847374
113.30138219761,23.13029718269
113.30138219761,23.13029718269
113.30126182467,23.130258631004
113.30122185008,23.130249242338
113.30115178225,23.130220162393
113.30059052097,23.130027071396
113.30053051416,23.130007878601
113.29983899858,23.129776069297
113.29962861543,23.129708520489
113.29954848657,23.129679523511
113.29939828989,23.129631333677
113.2993583153,23.129611891567
113.29922815083,23.129573422768
113.29898776427,23.129466158735
113.29898668631,23.129465244789
113.29898668631,23.129465244789
113.29890655746,23.129426111258
113.29872626754,23.129348176508
113.29847581996,23.129250882634
113.29838571992,23.129201944869
113.29832571311,23.129162645088
113.29816545541,23.129084377838
113.29784494001,23.12891770666
113.29764470771,23.128809777405
113.2976147043,23.128790169001
113.2963427037,23.128032169041
113.29608237476,23.127874553027
113.29605246119,23.127864914931
113.2960025154,23.12782544858
113.29493119625,23.127124274972
113.29493002846,23.127123111747
113.29493002846,23.127123111747
113.29466969952,23.126965162303
113.29461975373,23.126935583112
113.29442958246,23.12682707063
113.29430956884,23.12675802474
113.2941494908,23.126659233386
113.29386930931,23.126481259205
113.29296848855,23.12596711023
113.29259829685,23.12569939968
113.29258832565,23.125759472579
113.29256838327,23.12581954545
113.29248843408,23.125770107889
113.29248744595,23.125769443182
113.29248744595,23.125769443182
113.2917669151,23.125333228603
113.29159686586,23.12522413319
113.29159677603,23.12522413319
113.29159677603,23.12522413319
113.29097640625,23.124846909973
113.29085639263,23.124787501373
113.29049635178,23.12455900651
113.2899362583,23.124161092152
113.28960631068,23.123892214704
113.2895863683,23.123882327049
113.28947650554,23.123772731905
113.28928660375,23.123653332089
113.28901666295,23.123464136752
113.28858673393,23.123175233208
113.28853678814,23.123135433102
113.28853597967,23.123134685292
113.28853597967,23.123134685292
113.28845594065,23.123074860475
113.28714639088,23.122066808251
113.28696655011,23.121946991445
113.28684671616,23.121857170315
113.2867968602,23.121817286723
113.28642711766,23.121567432361
113.2862772803,23.121447532014
113.28613741413,23.121367598388
113.28609752936,23.121307689683
113.28600769881,23.121177735062
113.28599781745,23.121167847205
113.28596799371,23.121007979569
113.28594814116,23.120888078716
113.28595847167,23.120428250045
113.28578923091,23.119598410642
113.28558998675,23.118788508305
113.28535094765,23.117778512365
113.2853310951,23.117678634109
113.28529130017,23.117548675934
113.28527144762,23.117488765505
113.28523165268,23.117388803937
113.28522177132,23.117358890237
113.28522015437,23.117356979083
113.28522015437,23.117356979083
113.28517020859,23.117296985474
113.28502064072,23.116936940152
113.28497078476,23.116846949443
113.2849309,23.116797009974
113.28491104745,23.116757041766
113.28489119489,23.116747070486
113.28487134234,23.116727127923
113.28484142877,23.116707185358
113.284801544,23.116697214074
113.28476165924,23.116687242789
113.28471180328,23.116677271503
113.28465188631,23.116687159695
113.28455199473,23.116726961735
113.28389218934,23.11696560754
113.28389093171,23.116964776601
113.28389093171,23.116964776601
113.28319106189,23.117232837152
113.28310114151,23.117322578319
113.28301122112,23.117372268309
113.28245139713,23.117690267188
113.28201158675,23.117938550079
113.28166187642,23.118007018907
113.28060277422,23.118271836723
113.28031316053,23.118350276539
113.27995356883,23.118438188906
113.27966395513,23.118506408197
113.27966332632,23.118506408197
113.27966332632,23.118506408197
113.27966305683,23.11882631549
113.27965308564,23.118886225315
113.27965299581,23.118886225315
113.27965299581,23.118886225315
113.27856442919,23.118938989148
113.27795546788,23.118924531029
113.27780581019,23.118903425496
113.27729674045,23.118859469474
113.27649832652,23.118772720686
113.27579980415,23.118646419666
113.27517125979,23.118510479749
113.27472237653,23.118386089618
113.27387455578,23.118037264834
113.27384473204,23.11802704437
113.27379496592,23.118006603441
113.27350580137,23.11788354233
113.2713020783,23.116927467449
113.27106285954,23.116834485351
113.27102306461,23.116814044238
113.27093341372,23.116772995813
113.27088364759,23.116752471596
113.2706046339,23.116618939468
113.27011622519,23.116392590986
113.26932886041,23.116021907121
113.26927909429,23.116001299693
113.26563188409,23.114277161288
113.26553235184,23.114235696601
113.26447630388,23.113778836328
113.26379898153,23.113477862768
113.26336069827,23.113290730326
113.2632811084,23.113259486163
113.26216550279,23.112810765984
113.26196634846,23.112727420198
113.2609005988,23.112299223129
113.26078112417,23.112257259243
113.25823137381,23.111232588444
113.25815178394,23.111201260698
113.25817181615,23.111131708091
113.25816876191,23.111128799678
113.25816876191,23.111128799678
113.25834842302,23.110802059816
113.25840825016,23.110733254879
113.25840825016,23.110733171782
113.25840825016,23.110733171782
113.25838848744,23.110582847829
113.25843870272,23.110203921025
113.25848873834,23.109974902459
113.25858880957,23.109556834528
113.25869903166,23.108948967557
113.25869903166,23.108948635161
113.25869903166,23.108948635161
113.25872921472,23.10868920018
113.25868950962,23.108608594077
113.25865977571,23.108548181017
113.25864001299,23.108517932927
113.25860030788,23.108467325531
113.25850077563,23.108455608545
113.25842118576,23.108424280144
113.2583316247,23.108422784358
113.25848146206,23.108065623443
113.25851146547,23.107976291514
113.25862150789,23.107568438559
113.25878158593,23.106941449452
113.258811769,23.106662149573
113.25882183002,23.106592428387
113.25883189104,23.106522707164
113.25887213513,23.106173601899
113.25888219615,23.106113852536
113.25891228939,23.10595446537
113.2589323216,23.105864882718
113.25893133346,23.105863303803
113.25893133346,23.105863303803
113.25891148091,23.105822999899
113.25887177581,23.105752364163
113.25880215713,23.105681229783
113.25868277233,23.105629208589
113.25862312484,23.105608267144
113.25853356378,23.105606771327
113.25823478737,23.105531564919
113.2580755178,23.105508795235
113.25802575168,23.105507964225
113.2580249432,23.105507299417
113.2580249432,23.105507299417
113.25796520589,23.105486274851
113.2579055584,23.105455278154
113.25783593972,23.105414143116
113.25706923597,23.10501060356
113.25650168655,23.104730634808
113.25630262205,23.104627173365
113.25570524889,23.104276650384
113.25538670975,23.104091083908
113.25355479533,23.102688897669
113.25333578844,23.102555185187
113.25240972529,23.101999142589
113.25171264022,23.101647199912
113.2511051162,23.101346863676
113.25072666009,23.101160545172
113.25072549229,23.101159381719
113.25072549229,23.101159381719
113.25040668367,23.101123979511
113.25002822756,23.101007717265
113.24910171525,23.100712365825
113.24895232705,23.100660010268
113.24887273718,23.100638818727
113.24887237786,23.100638486311
113.24887237786,23.100638486311
113.24864313029,23.100604746046
113.24857342178,23.100603665693
113.24844388613,23.100641561162
113.24839412,23.100670730693
113.24833438269,23.100719762085
113.24823476061,23.10079812917
113.24812498767,23.101006304499
113.24799527236,23.10124414753
113.24777563666,23.101680524394
113.24766586373,23.101858698043
113.24741649412,23.102154711758
113.24741559581,23.102154628655
113.24741559581,23.102154628655
113.24798359438,23.102323660335
113.24874086593,23.102565905459
113.24878075069,23.102586514972
113.2488504592,23.102627650887
113.24976682065,23.103162749022
113.25035449212,23.103492582472
113.25035449212,23.103492665574
113.25035449212,23.103492665574
113.24973564945,23.104392078751
113.24973564945,23.104392078751
113.24973564945,23.104392078751
113.24965596975,23.104330749653
113.24953658495,23.104238839054
113.24953649512,23.104238755952
113.24953649512,23.104238755952
113.24966630027,23.104001001387
113.24962659516,23.103940420027
113.24964653754,23.103910835703
113.24967645112,23.10386138998
113.24965659857,23.103841113072
113.24915875765,23.103442970388
113.24915857799,23.103442637978
113.24916001528,23.103437319429
