113.28086121672,23.109553510588
113.28086031841,23.109554840164
113.28086031841,23.109554840164
113.28056055386,23.109763251059
113.28056046403,23.109763167961
113.28056046403,23.109763167961
113.2809693727,23.110415156232
113.28126850844,23.110976481831
113.28129842201,23.111036644493
113.28154761196,23.111587663407
113.28185680871,23.112118902972
113.28189669348,23.112199091459
113.28192660705,23.112249198852
113.28200646641,23.112369522995
113.28215612411,23.112600116265
113.28233578521,23.112840763806
113.28247556155,23.113001222956
113.28281494137,23.113352304573
113.28371342654,23.114394741442
113.28376337233,23.114444848006
113.2837632825,23.114444931101
113.2837632825,23.114444931101
113.28377316386,23.114514897449
113.28378313505,23.114554949427
113.28382301981,23.114665050757
113.28385302322,23.11468515982
113.28435221159,23.115316100906
113.28461173205,23.115736477346
113.28499090681,23.1164968742
113.28502082038,23.116546896876
113.28520039165,23.117007071374
113.28528016118,23.117227103686
113.28532004594,23.117327148469
113.28535993071,23.117417138853
113.2853699019,23.117447135634
113.28538984428,23.117507129176
113.28569877155,23.118747211213
113.28590807673,23.119577222124
113.28607740732,23.120407144752
113.28607749715,23.120407144752
113.28607749715,23.120407144752
113.28619697178,23.121067057497
113.28627665148,23.121447033467
113.28629659386,23.121527050136
113.28629659386,23.121547075068
113.28629659386,23.121587041833
113.28630656506,23.121647033503
113.28631653625,23.121707025145
113.28638606509,23.122326964895
113.28639594645,23.122446947539
113.28649529904,23.123476766401
113.28659474146,23.124406620989
113.28659474146,23.124456640683
113.28660471265,23.124486635873
113.28660471265,23.124526601752
113.28661450418,23.124876572719
113.28660444316,23.125086538238
113.28656446857,23.125246567136
113.28653446516,23.125336552148
113.28648451938,23.12545653207
113.2864246024,23.125546516939
113.28629461759,23.125706462194
113.286184665,23.125826441781
113.28606474121,23.125926396991
113.28568475798,23.126196184284
113.28514478654,23.126575647036
113.28483487114,23.12679524804
113.28480495757,23.12681518909
113.28469500497,23.126925030983
113.28458505238,23.127064867392
113.28451507438,23.127184762662
113.28447509978,23.127294687337
113.2844551574,23.127454630484
113.28446512859,23.127594632508
113.28448507097,23.127684699015
113.28451498455,23.127804759899
113.2846048151,23.128074875719
113.28475465246,23.128355127572
113.2850643882,23.12881551037
113.28508433058,23.128845504574
113.28518422215,23.129025635826
113.28523416794,23.129135642061
113.28529408492,23.129305719497
113.28532399849,23.129435749241
113.28537385444,23.12971574896
113.28538382564,23.129855748598
113.28540367819,23.130355757968
113.28542344091,23.131025757597
113.2854334121,23.131115738688
113.28548335789,23.13142572848
113.28554327486,23.131655790122
113.28560319184,23.131775847411
113.28598299541,23.132436035932
113.28605297341,23.132576032698
113.2861029192,23.132736052559
113.2861329226,23.132886019076
113.2861329226,23.132975998905
113.28611298022,23.133115995101
113.28606303443,23.133345970727
113.28601308865,23.133455973378
113.28598317507,23.133505989659
113.28590322588,23.133655955305
113.28576326988,23.133865906924
113.28569338171,23.133985879129
113.28564343593,23.134095881249
113.28559349014,23.134275839204
113.28552351214,23.134665747267
113.28546359517,23.134895720205
113.28538364598,23.135125609661
113.28537376461,23.135165572334
113.28533387985,23.135245497644
113.28522401709,23.135475386494
113.28508415092,23.135705191863
113.28484430335,23.136094846477
113.28481438977,23.136154831584
113.28467452361,23.136374582889
113.28459466425,23.136504439538
113.28459134052,23.136504273375
113.28459134052,23.136504273375
113.2845713083,23.136544235632
113.28448138792,23.136714054321
113.28446144554,23.136754016515
113.28441158958,23.136843910637
113.28436173363,23.136953827305
113.28429184546,23.137083683387
113.28425196069,23.13716360754
113.28424207933,23.137203569598
113.28424207933,23.137243531645
113.28426211155,23.137293546497
113.28428214376,23.137333591598
113.28433208955,23.137363666956
113.28436209295,23.137363750037
113.28445210316,23.137363916199
113.28531187136,23.137375132145
113.28553186638,23.137405373656
113.28553114774,23.137405456737
113.28553114774,23.137405456737
113.28599108016,23.137405789062
113.28654102279,23.137405872143
113.28757110972,23.137415260302
113.28910164265,23.137432541161
113.28910173248,23.13743245808
113.28910173248,23.13743245808
113.2892117749,23.137432208837
113.28965203443,23.137441015428
113.2898921515,23.137440350779
113.29041253988,23.137438606078
113.29041253988,23.137438439916
113.29041253988,23.137438439916
113.2907228146,23.137327277433
113.29087292145,23.137316726131
113.29145340647,23.137134279868
113.29159354213,23.137143584965
113.29164357775,23.137133449055
113.29172361677,23.137123146982
113.29180365579,23.137102875157
113.29193382026,23.137082271005
113.2919939169,23.137072052009
113.29230428145,23.137040481121
113.29249445273,23.137049453901
113.29278478507,23.137047875356
113.2927848749,23.137047127625
113.2927848749,23.137047127625
113.29299507839,23.137125888663
113.29315524626,23.137184876329
113.29322531409,23.137214453234
113.29329538192,23.137233977311
113.2937760652,23.137420909814
113.29471748937,23.137784222766
113.29509810142,23.137891313908
113.29563897117,23.137986939828
113.29624002738,23.138061878597
113.29646047155,23.138089959855
113.29674101236,23.138117459542
113.29675107339,23.138127346135
113.29682123105,23.138136734244
113.29706170743,23.138184505584
113.2971518973,23.138203697195
113.29727209058,23.138242578893
113.29749253475,23.138310455676
113.29776310437,23.138407825983
113.29795354514,23.138525883229
113.29795336548,23.138525800149
113.29795336548,23.138525800149
113.29821396391,23.138793152483
113.29834421821,23.138951835559
113.29843440808,23.139060919678
113.29843449791,23.139060919678
113.29843449791,23.139060919678
113.29863490987,23.139268785741
113.29959726456,23.14049827942
113.29971754767,23.140646907892
113.29986792401,23.140815225905
113.29991804946,23.140864657857
113.30000823933,23.14086366091
113.30005836478,23.140863162437
113.30010849023,23.140872550352
113.30015861568,23.140891990811
113.3001986801,23.140911514346
113.30023874453,23.14094100734
113.30026883776,23.140970666485
113.300298931,23.141020347616
113.30029911066,23.141020264537
113.30029911066,23.141020264537
113.30034923611,23.141009630451
113.30041939377,23.140988860748
113.3005797413,23.140967011017
113.30221384885,23.140676650182
113.30239431843,23.140654385005
113.3028655695,23.14059822357
113.3030561001,23.140575709142
113.30321653746,23.140563579597
113.30321662729,23.140563081122
113.30321662729,23.140563081122
113.303306907,23.140551782366
113.30381831232,23.140544803722
113.30513217396,23.140585927869
113.30527257911,23.14059382038
113.30564366912,23.140588420241
113.30564375895,23.140588254082
113.30564546573,23.140587174055
