113.28143613224,23.136566086092
113.28144331869,23.13656442446
113.28144331869,23.13656442446
113.28140343392,23.136574228088
113.28131360337,23.136573895761
113.28109387784,23.136572898782
113.28077426074,23.136571403314
113.28077399125,23.136571154069
113.28077399125,23.136571154069
113.28078405227,23.136021152824
113.28080399466,23.13588132586
113.28083399806,23.135591535461
113.28085394044,23.135531716263
113.28088394385,23.135431934458
113.28105381342,23.13505291246
113.2811437338,23.134893476974
113.28122368299,23.134723988284
113.28127362878,23.134584326117
113.28131360337,23.13443461077
113.28143352716,23.134035230545
113.28154347975,23.133675812239
113.28163348996,23.133366326209
113.28174344256,23.132996936031
113.28177344596,23.132877129099
113.28177335613,23.132875882841
113.28177335613,23.132875882841
113.28286255156,23.132960046807
113.28314237373,23.132980900851
113.28355209087,23.133032080485
113.28362206887,23.133042299792
113.28377199606,23.133062655321
113.28389191985,23.13307295771
113.28399190125,23.133093147067
113.28513149162,23.133265130352
113.28521144081,23.133275183474
113.28521144081,23.133275266557
113.28521144081,23.133275266557
113.28590124961,23.133335751442
113.28597122761,23.133335751442
113.28606123782,23.133345804559
113.28612124463,23.133345804559
113.28618125144,23.133355857675
113.28631123624,23.133355857675
113.28648119565,23.133355857675
113.28719121632,23.133355691508
113.28738120794,23.133355608425
113.28792135904,23.133335086773
113.28859158478,23.133334006686
113.28877169504,23.133333674352
113.28883170184,23.133333591268
113.28886170525,23.133323621234
113.28966209546,23.133311574108
113.28974213448,23.133311407941
113.29028246524,23.133299693149
113.2907228146,23.133288144523
113.29097299269,23.133257237404
113.29127329622,23.13319600473
113.29171373541,23.13310403104
113.29265480026,23.132839159751
113.29318551916,23.132676065905
113.29326564801,23.132635687061
113.29326582767,23.132634357717
113.29326582767,23.132634357717
113.29389670763,23.132390256542
113.29408696874,23.132309000163
113.29448761299,23.132156208126
113.29531899474,23.131819965322
113.29541915581,23.131789224029
113.29557941351,23.131727990677
113.29594008317,23.131585085051
113.29603027305,23.131554426789
113.29639094271,23.131441348423
113.2967916768,23.131327854536
113.29744294829,23.131151797575
113.29786380442,23.131037721845
113.29794393327,23.131006980371
113.29831475379,23.130903290159
113.29864550988,23.130819872654
113.2989061083,23.130747173093
113.29918673895,23.130674224235
113.29978815448,23.130527578632
113.29987834436,23.130516611362
113.30058001079,23.130418487491
113.30063013624,23.13040793564
113.30114145173,23.130341799606
113.30116148395,23.130331663176
113.30138201795,23.130299010572
113.30145217561,23.130298179717
113.30157245872,23.130276743651
113.3016526774,23.13027582971
113.30165285706,23.130273752572
113.30165285706,23.130273752572
113.30173307574,23.130292696072
113.30179326221,23.130301918565
113.30179326221,23.13030200165
113.30179326221,23.13030200165
113.30335739177,23.130631186052
113.30630598977,23.131188271877
113.30633608301,23.131187856453
113.30636617624,23.131197411223
113.30666710859,23.131252745791
113.3071185071,23.131345717783
113.30732915975,23.131392411466
113.30732915975,23.131422405087
113.30732915975,23.131462368876
113.30731918855,23.131482558478
113.30730921736,23.13149269482
113.3073090377,23.13149269482
113.3073090377,23.13149269482
113.3066268645,23.131363331772
113.3063460542,23.131307747996
113.30630598977,23.131298442488
113.30627598637,23.131298940998
113.30627580671,23.131298691743
113.30627580671,23.131298691743
113.30624571347,23.131429134957
113.30619558802,23.131589903965
113.30617555581,23.131680217011
113.3061555236,23.131790553383
113.30614555241,23.131910693634
113.306115549,23.132041136246
113.30605536253,23.132312074281
113.30601529811,23.132462705951
113.30600532692,23.132502835594
113.30597532351,23.132663270964
113.30592519806,23.132854031772
113.30591522687,23.132934207727
113.30588522347,23.133034656083
113.30585522007,23.133135104362
113.30582521666,23.13325557573
113.30580527428,23.133315894457
113.30575514883,23.13352667745
113.30569505219,23.133757566281
113.30567501998,23.134007896177
113.30565498777,23.134298188536
113.30565337082,23.13429802237
113.3057712285,23.134306247588
