113.26598527748,23.140263165287
113.26598761307,23.140268814677
113.26598761307,23.140268814677
113.26598761307,23.140268814677
113.26623698268,23.140812733537
113.26624695387,23.140852860653
113.26625692506,23.140873048825
113.26645634889,23.141256125036
113.26654608961,23.141447538108
113.26673554224,23.141670437617
113.26686516772,23.141762405364
113.26759297485,23.142013384771
113.26782231224,23.142126786432
113.26819124632,23.142372198926
113.26824110227,23.142412907115
113.26828098704,23.142443479788
113.26834081418,23.142484354112
113.26834081418,23.142564358087
113.26828107687,23.142523566866
113.26824128193,23.142493077289
113.26818154462,23.142462255394
113.26818145479,23.142462172316
113.26818145479,23.142462172316
113.26801185471,23.142349684799
113.26796208858,23.142309059668
113.26777272578,23.14218635342
113.26761327655,23.142104023029
113.26756351043,23.142083336576
113.26709495427,23.141926401892
113.26681585075,23.14182222175
113.26667634391,23.141720201564
113.26647700991,23.14147719714
113.26643721498,23.141386641531
113.26638744885,23.141285950268
113.26617814367,23.140882769055
113.26593883508,23.140359121812
113.26591898253,23.140318911467
113.26568973496,23.139825336796
113.26568847734,23.139824090603
113.26568847734,23.139824090603
113.26522980254,23.138856791897
113.26516009404,23.13871572172
113.26514024148,23.13865548853
113.26512038893,23.138625247304
113.26507062281,23.138634469217
113.26504079906,23.13862408418
113.26499103294,23.138613366821
113.264951238,23.138582793265
113.26491144307,23.138552219701
113.26491081426,23.138551638139
113.26491081426,23.138551638139
113.26481110235,23.138550059612
113.26352553733,23.138618933202
113.26285791668,23.138667784411
113.26273844204,23.138675760117
113.26195125692,23.138742390475
113.26176198395,23.138749119973
113.26162256694,23.138766732979
113.26154297707,23.13877537332
113.26142350244,23.13878334902
113.26127411423,23.138790743158
113.26105501752,23.138806943795
113.26081597842,23.13883278173
113.2607662123,23.138832034008
113.26070647498,23.138841006666
113.26065670885,23.138840258945
113.26023827815,23.138892931759
113.25979990506,23.138935219539
113.25974016774,23.13894419219
113.25939153537,23.138978088866
113.25900301824,23.13902120742
113.25648237298,23.139336329679
113.25633298478,23.139353693368
113.25627333729,23.13936266599
113.25618377623,23.139381026633
113.25588499982,23.139475654521
113.25578546757,23.139503901638
113.25547671996,23.139608415921
113.25540710129,23.139627191928
113.25533748261,23.139655937491
113.25471989757,23.139844943568
113.25459045175,23.139892631212
113.25378350391,23.140148349682
113.25372385642,23.140167291771
113.25357446822,23.140214646983
113.25307635781,23.140375903812
113.25296685437,23.140413954081
113.25235915069,23.140613343959
113.25227956082,23.140631953666
113.25189104369,23.140765212381
113.25180148263,23.140793625382
113.25100441615,23.141049923665
113.25069557872,23.14114463344
113.24978891897,23.141459335259
113.24965947314,23.141497135981
113.24899194232,23.141746038931
113.24869307608,23.141851132994
113.24865328114,23.141860520839
113.24845403698,23.14193728514
113.24830464877,23.141984888953
113.24828479622,23.141994526023
113.24805563849,23.1420608224
113.24800587236,23.142080013451
113.24798601981,23.142089733592
113.24705923802,23.14239504536
113.24674033956,23.142490086485
113.24568384245,23.142843914691
113.24534500161,23.142948841728
113.24529523549,23.142968115727
113.24529029481,23.142967866494
113.24529029481,23.142967866494
113.24493142175,23.143072544201
113.24489162682,23.143111922935
113.24486180308,23.143121476846
113.24486162342,23.143121559923
113.24486162342,23.143121559923
113.24449277917,23.143256228452
113.24443304186,23.143265366965
113.2441938231,23.143341964297
113.24413408578,23.143361155162
113.24368556184,23.143504878867
113.2430973514,23.143696787154
113.24266868001,23.143831039713
113.2425989715,23.14385014743
113.24259843252,23.143849981276
113.24259843252,23.143849981276
113.24237897648,23.14389708594
113.2422793544,23.143915778263
113.24170102531,23.144088329044
113.24165125919,23.144107685955
113.24158155068,23.144126793632
113.24151184217,23.144145901306
113.24148201843,23.144155538219
113.24148147944,23.144155538219
113.24148147944,23.144155538219
113.24144159468,23.144155039758
113.24141177094,23.14414473823
113.24134206243,23.144123969019
113.24127235392,23.144093147503
113.24120264541,23.14406232598
113.24116285048,23.144031919834
113.24116222167,23.144031587527
113.24115611319,23.144034910603
