113.28963766155,23.131705723997
113.28964260223,23.131701154342
113.28964260223,23.131701154342
113.28964260223,23.131651220465
113.28962283951,23.131041377587
113.289623109,23.130291532875
113.28962319883,23.130141646509
113.2896134073,23.12968176683
113.2896134073,23.129631832193
113.28961349713,23.12944189761
113.28961358696,23.129191974524
113.28961358696,23.129122099003
113.28960388526,23.128602227291
113.28959418356,23.128162366207
113.28959373441,23.128161535339
113.28959373441,23.128161535339
113.2888933256,23.128343329255
113.28845324573,23.128374237519
113.28759302838,23.128455496309
113.28707299932,23.128495959512
113.28637303966,23.128546143837
113.28620317009,23.128566084624
113.28580324448,23.128605966187
113.28570335291,23.128635877351
113.28566346814,23.128665871596
113.28516356113,23.128825397657
113.28508370177,23.128845338401
113.28500384241,23.128865196056
113.28497392883,23.128875166425
113.28451408624,23.129014419173
113.28444419807,23.129044330246
113.28444285061,23.129044330246
113.28444285061,23.129044330246
113.28389308764,23.129043167038
113.28381322828,23.129043083951
113.28318369578,23.129061362937
113.28265414468,23.129069671566
113.28226454958,23.129068342185
113.28223463601,23.129068342185
113.28180506632,23.129076567727
113.28164525777,23.129065932683
113.28131566947,23.129074407484
113.28102605578,23.129073078104
113.28040676396,23.129079808092
113.28025701643,23.129069089962
113.28011724009,23.12905837183
113.27993757899,23.129047404439
113.27963808394,23.129025635826
113.27946839402,23.129004614987
113.27940856688,23.128994312282
113.27937874313,23.128984175749
113.27913916506,23.128942715658
113.27854017494,23.128728685005
113.27853837833,23.128727604881
113.27853837833,23.128727604881
113.27824849514,23.129485434695
113.27794873059,23.130313135109
113.27791881702,23.130362903319
113.27785890004,23.130552421156
113.27776906949,23.130851694278
113.27773915592,23.130981473251
113.27749939818,23.131979487588
113.27749894902,23.131979570673
113.27749894902,23.131979570673
113.27788836446,23.132012555201
113.27820789173,23.132055011345
113.2782777799,23.132075533194
113.27865722415,23.132198248802
113.27936616686,23.132482978484
113.27943605503,23.132503417183
113.27957583136,23.132544294572
113.2797855857,23.132605610631
113.28034487071,23.132718854172
113.28034487071,23.132718854172
113.28047494535,23.132229156168
