113.29054495011,23.114173707286
113.29053443994,23.11418043803
113.29053443994,23.11418043803
113.29059435691,23.114300178754
113.29066433491,23.114409864818
113.29076422649,23.114609459984
113.29086411806,23.114819026275
113.29102401644,23.115118334893
113.29106399103,23.115188134696
113.2910639012,23.115188134696
113.2910639012,23.115188134696
113.29029306525,23.115511041401
113.28850148474,23.116255817818
113.28779110474,23.116546896876
113.28673065509,23.116987627413
113.2866507059,23.117017624292
113.28543044769,23.117497074858
113.28539056293,23.117507046082
113.28529067135,23.11754693097
113.28526075778,23.117556902191
113.28525087642,23.11756687341
113.28426094375,23.117925255157
113.28399109277,23.118014663482
113.28308137878,23.118322191102
113.28219187667,23.118559005994
113.28164238319,23.118666694311
113.28132267626,23.118725191632
113.28084316078,23.118782857999
113.28059352168,23.118821579206
113.27975450433,23.118876752751
113.27965470259,23.118886142223
113.27966476361,23.11882631549
113.27966305683,23.11882631549
113.27966305683,23.11882631549
113.27966332632,23.118506408197
113.27955382288,23.118215831995
113.27949408556,23.118075570792
113.27932466514,23.11778457818
113.27930481259,23.11772450167
113.27913539217,23.117403511504
113.27898573447,23.117302635842
113.27898519549,23.117302220374
113.27898519549,23.117302220374
113.27895528192,23.117291999854
113.27890542596,23.117281779333
113.27858598852,23.117279618897
113.27853613257,23.117279369616
113.2782865833,23.117297567129
113.27801709164,23.117315515359
113.27771768642,23.117323159974
113.27752805412,23.117331635526
113.27734848285,23.117330306028
113.27719882515,23.117319171479
113.2767496724,23.117295489788
113.27625066369,23.117251117765
113.2760910348,23.117229762685
113.27602123646,23.117229181029
113.27586160757,23.117207742852
113.2756820363,23.117196109731
113.27562220915,23.117185639921
113.27545260907,23.117164118643
113.27499366479,23.117119663483
113.27480412233,23.117097809819
113.27474429518,23.117097311256
113.27452483914,23.117115010231
113.27437518145,23.117163453893
113.27421555256,23.117281779333
113.27421366611,23.117280449834
113.27421366611,23.117280449834
113.27417369152,23.117369941688
113.27393384395,23.117897252723
113.27390393038,23.117976939159
113.27388407782,23.118006686534
113.27387419646,23.118036600088
113.27351442511,23.118872515025
113.27313471137,23.119728117534
113.27312483001,23.119747976553
113.27310497745,23.119777723531
113.27309509609,23.119807636686
113.27307524354,23.119837383651
113.27305530116,23.119887155791
113.27286557904,23.120234895518
113.2726158501,23.12073186677
113.27251604836,23.120910679578
113.27229632284,23.121357959819
113.27223649569,23.121487249535
113.27226640926,23.121527631773
113.27227629062,23.121617702399
113.27225634824,23.121697469692
113.27219652109,23.121756713494
113.27211675156,23.121775741301
113.27206698544,23.121775242756
113.27201721931,23.121774744211
113.27201524304,23.121774578029
113.27201524304,23.121774578029
113.2719454447,23.121823684716
113.27185570398,23.121892566993
113.27160615471,23.122249441426
113.27129668846,23.122715495555
113.27111711719,23.122943162692
113.27086765775,23.123209881725
113.27070793903,23.123507758889
113.27066796444,23.123707174191
113.27072761192,23.124087890404
113.27083702553,23.124629216792
113.2709166154,23.125040174689
113.27093646795,23.125160404145
113.27098623408,23.125401028906
113.2709662917,23.125560725071
113.27093637812,23.125680289347
113.27088652217,23.125879618294
113.27085651876,23.126239223907
113.27073668481,23.126637630557
113.27073560684,23.126637796733
113.27073560684,23.126637796733
113.27016715912,23.126560275783
113.27005756584,23.126538922201
113.26971863517,23.126484416546
113.26964892667,23.12647353203
113.2694196791,23.126440463036
113.26938985536,23.126430160132
113.2691506366,23.126396924951
113.26899118737,23.126374740464
113.26872205504,23.126331036181
113.26864237534,23.126319985477
113.2683931854,23.126296471568
113.26836336165,23.126296139216
113.26832356672,23.126285670124
113.26810429034,23.126272542215
113.26767570878,23.126196350461
113.26715738651,23.12614865789
113.26676868971,23.126112846907
113.26665909644,23.126111268232
113.26623051488,23.126084763113
113.26621066233,23.126084513848
113.26584190792,23.126088751344
113.26556289423,23.12608443076
113.26533373649,23.126110769703
113.26484541762,23.126162949045
113.26420753087,23.126292566431
113.26403820028,23.126319819301
113.26387884089,23.1263572089
113.2637095103,23.126394432312
113.2636298306,23.12640307346
113.26351035597,23.126431074099
113.26340076269,23.126459240908
113.26322146092,23.126496215028
113.26288270991,23.126570495589
113.26232468252,23.126691056009
113.26192610437,23.126774226848
113.26126845491,23.126912900188
113.26084005301,23.126995489275
113.26020234593,23.127124358059
113.26001307296,23.127171053229
113.25989359832,23.127188917035
113.25987374577,23.127198555181
113.25981400846,23.127207528626
113.2598041271,23.127217332946
113.25980044404,23.127215338847
113.25980044404,23.127215338847
113.25964099481,23.127242591527
113.25944175065,23.127279066905
113.25927242006,23.127316040797
113.2590731759,23.127372540207
113.25895370127,23.127400457554
113.25890393514,23.127419567639
113.25851541801,23.127512708493
113.25803716016,23.127674230033
113.25763867183,23.127807086337
113.25755908197,23.127835668289
113.25717056483,23.127958720168
113.25697132067,23.128015136217
113.25691158335,23.12803408004
113.2566226883,23.128108941348
113.25648327129,23.12814641353
113.25630396951,23.128193191427
113.25620443726,23.128221440948
113.2559255134,23.128296468324
113.25581600995,23.128324468563
113.25458048056,23.128662465048
113.25431152789,23.128737658347
113.25373364795,23.128887380127
113.25361417332,23.12892526752
113.25361210722,23.12892526752
113.25361210722,23.12892526752
113.25331315114,23.129039926672
113.25319367651,23.129077814022
113.25302434592,23.129144864634
113.25254608807,23.129326491031
113.25200800307,23.129527143873
113.2517390504,23.129622443482
113.25121093659,23.129823345134
113.25103163481,23.129890229199
113.25061311427,23.130073100859
113.25005508689,23.130223651987
113.25001529196,23.130232957569
113.24962668499,23.130266441045
113.24942744083,23.130253230444
113.24915848816,23.130228886377
113.24852078108,23.130118465621
113.24851943362,23.130118133278
113.24851943362,23.130118133278
113.24857926077,23.130219165366
113.24844954545,23.130916999206
113.24845942681,23.131127121333
113.248469398,23.131167251381
113.24852913532,23.131428221024
113.24858887264,23.131539222283
113.2487084371,23.131731147893
113.2487881168,23.131842481237
113.24884785412,23.131933458787
113.24944567643,23.132793297416
113.24969477655,23.133147483839
113.24973466131,23.133218188076
113.2500933547,23.133754159863
113.25026277512,23.134006982262
113.25048196167,23.134330673989
113.25050190405,23.134360999277
113.25066135328,23.134683693147
113.25071120923,23.134844541291
113.25072118043,23.134884670214
113.25074112281,23.134955041194
113.25076106519,23.135115390514
113.25080094995,23.135346027331
113.2508607771,23.135697049814
113.25088071948,23.135797412994
113.25091063306,23.136077897771
113.25076124485,23.136095344968
113.25076097536,23.13609542805
113.25076097536,23.13609542805
113.25068120583,23.13556403525
113.25065138209,23.13538358055
113.25061158715,23.135133004003
113.2505917346,23.13498279078
113.25058185324,23.134962684793
113.25057197188,23.134912585979
113.25052220576,23.134761790927
113.25052220576,23.134761790927
113.25052184643,23.134761375513
113.2505164566,23.134754895061
