113.27362985736,23.099232274576
113.27363282177,23.099237510189
113.27363282177,23.099237510189
113.27398190329,23.099411282559
113.27422130171,23.099523806487
113.27447067132,23.099636413425
113.27487966982,23.099830629005
113.27528866832,23.100024678091
113.27598701102,23.100361333885
113.27686501483,23.100799126418
113.2772242472,23.100972148809
113.277553566,23.101134783003
113.27847172406,23.10159168679
113.27904062094,23.10185562322
113.27924022442,23.101956926138
113.28056791997,23.102654742411
113.28065775052,23.102695213482
113.28070760647,23.102755463
113.28070742681,23.102755379897
113.28070742681,23.102755379897
113.28056729115,23.103084549538
113.28039715209,23.103473552043
113.28016700622,23.103982137235
113.28001689937,23.104321192948
113.27992688916,23.10452063708
113.27992688916,23.104550636776
113.27996668409,23.104670884796
113.27989670609,23.104810412251
113.27975666026,23.105099521978
113.27975612128,23.105099521978
113.27975612128,23.105099521978
113.27931568209,23.106076540333
113.27905553281,23.10660472724
113.27902561924,23.10667453152
113.27858535971,23.107601262957
113.27850541052,23.10775067619
113.27845546473,23.107880311561
113.27845501558,23.107880228462
113.27845501558,23.107880228462
113.27855481732,23.107940974224
113.27873447842,23.108042189399
113.27875442081,23.108062299465
113.27912362437,23.108314755332
113.27916350913,23.10835497538
113.27949282793,23.108627042076
113.27967239921,23.10879814299
113.28008148753,23.109190535803
113.28010142992,23.109210645696
113.28015128587,23.109260920414
113.28056028437,23.109763084862
113.28096919304,23.110415073134
113.28126832877,23.110976398733
113.28129824235,23.111036561396
113.2815474323,23.11158758031
113.28185662905,23.112118819875
113.28189651382,23.112199008362
113.28192642739,23.112249115755
113.28200628675,23.112369439898
113.28215594445,23.112600033169
113.28233560555,23.112840680709
113.28247538189,23.11300113986
113.28281476171,23.113352221477
113.28371324688,23.114394658346
113.28376319267,23.11444476491
113.2837632825,23.114444931101
113.2837632825,23.114444931101
113.28377316386,23.114514897449
113.28378313505,23.114554949427
113.28382301981,23.114665050757
113.28385302322,23.11468515982
113.28435221159,23.115316100906
113.28461173205,23.115736477346
113.28499090681,23.1164968742
113.28502082038,23.116546896876
113.28520039165,23.117007071374
113.28528016118,23.117227103686
113.28532004594,23.117327148469
113.28535993071,23.117417138853
113.2853699019,23.117447135634
113.28538984428,23.117507129176
113.28569877155,23.118747211213
113.28590807673,23.119577222124
113.28607740732,23.120407144752
113.28607749715,23.120407144752
113.28607749715,23.120407144752
113.28615735651,23.120617117345
113.28630710404,23.120977069589
113.28643690919,23.121237062188
113.28659671774,23.121457004394
113.28666669573,23.121526967045
113.28677664833,23.121656921324
113.28686656871,23.121726883869
113.2869465179,23.121796846377
113.2870464993,23.121876779744
113.28713650952,23.121936688192
113.28832622533,23.122805149923
113.28862616954,23.1230245079
113.28877618656,23.123124215951
113.2889462358,23.123233811631
113.28909625282,23.12334340722
113.28967628868,23.123741739479
113.2897662989,23.123801480906
113.28976620907,23.123801480906
113.28976620907,23.123801480906
113.29014628213,23.124050167807
113.29117672838,23.12471604484
113.29176709476,23.125023224571
113.29186716599,23.125072745499
113.29256766463,23.125498990312
113.29263773246,23.125538623532
113.29307808182,23.125796031453
113.29394889918,23.126340342037
113.29400899582,23.126369921361
113.29404906024,23.12638961321
113.29437945701,23.126587279334
113.29447952824,23.126656574577
113.29465972833,23.126765253373
113.2947898928,23.126834299259
113.29489005386,23.126903511285
113.29526051505,23.127120619121
113.29579123395,23.127466262705
113.29621182059,23.127722669839
113.29628188842,23.127762053133
113.29631189182,23.127801768764
113.29650215293,23.127910031187
113.29706305489,23.128274865762
113.297543828,23.128640197852
113.29761398566,23.128679497788
113.29774423996,23.12875818071
113.29778430438,23.128777789118
113.29783442983,23.128807284812
113.29799468753,23.128905659134
113.29852567592,23.129170122849
113.29893647103,23.12933571359
113.29917694742,23.129433090488
113.29942748482,23.129530301141
113.2997382087,23.129626763951
113.30019921909,23.129791440178
113.30073047696,23.129985113117
113.30122167042,23.130159094487
113.30125176365,23.130168732417
113.30157254855,23.130274666513
113.30161261297,23.130294191612
113.30163264519,23.130303912617
113.30167270961,23.13030349719
113.30334715108,23.130651292695
113.30632584232,23.131227903397
113.30648636952,23.131255404508
113.30732898008,23.131422238918
113.30746938524,23.131449989242
113.3074695649,23.131450155412
113.3074695649,23.131450155412
113.30801133295,23.131551518824
113.30803136516,23.131561156652
113.30809155163,23.131570212887
113.30813170589,23.13157960146
113.30816179912,23.131579186037
113.30894431305,23.131736465309
113.30980713549,23.131942182659
113.30993756945,23.131979986095
113.31015828312,23.13203631735
113.31103125641,23.132331515995
113.31198453822,23.132715198476
113.3121250332,23.132762805601
113.31294788105,23.133128540747
113.31294788105,23.133128374579
113.31294788105,23.133128374579
113.31324899305,23.133253083221
113.31333927276,23.133291467869
113.31385103741,23.133532493295
113.31388113064,23.13355193483
113.31390116285,23.133561572513
113.31511549224,23.134080178535
113.31565743996,23.134310567904
113.31578787392,23.134358257539
113.31590833669,23.134416083276
113.31602879945,23.13445396909
113.31616929444,23.134511462454
113.31695207786,23.134817539421
113.31761448834,23.135015774561
113.31825677678,23.13516440918
113.31884893977,23.13524400216
113.32011348444,23.135351843096
113.32020376414,23.135350347613
113.32020376414,23.135350430696
113.32020376414,23.135350430696
113.32082602037,23.135369622717
113.32108697812,23.135345196507
113.32139806132,23.135309969584
113.32157871055,23.13529692565
113.32183957847,23.135262529538
113.32192985818,23.135261034055
113.32194989039,23.135250814918
113.32211041759,23.135238186391
113.32224085155,23.13515601785
113.3232142554,23.134689758189
113.32434809661,23.134121138521
113.32502029862,23.133840400354
113.32515073258,23.1337883902
113.32539147846,23.13372466527
113.32575268711,23.133619066264
113.32585302783,23.133597547652
113.32632454839,23.133520280021
113.32642488912,23.133508814498
113.32729759292,23.133435617909
113.32745812012,23.133403298403
113.32748821335,23.133392912957
113.32794958306,23.133346136894
113.32794967289,23.133344475222
113.32794967289,23.133344475222
113.32828060864,23.133309663185
113.33026631297,23.133152053444
113.33092809464,23.133113419504
113.33092809464,23.133113336421
113.33092809464,23.133113336421
113.33143941013,23.133076779564
113.33212113419,23.133028424797
113.33324383641,23.132955311027
113.33398556727,23.132907122384
113.33407575714,23.132896238395
113.33454673872,23.132861343157
113.33470708626,23.132849794493
113.33882446956,23.132524105131
113.33981583952,23.132447667717
113.33984584292,23.132447584632
113.33989587854,23.13244733538
113.34001607182,23.132436700606
113.34009620067,23.132426315083
113.34012620407,23.132426231999
113.34055667207,23.132433792659
113.34076687556,23.132422742463
113.34356922943,23.13220148909
113.34367927186,23.132181299598
113.34438965185,23.132139757423
113.34498989959,23.132118820161
113.34506993862,23.132108766951
113.34533996925,23.132098547572
113.34545998287,23.132098464488
113.34558996768,23.132088411276
113.34559005751,23.132086500335
113.34559005751,23.132086500335
113.34581005253,23.131976330379
113.34641012061,23.131966194074
113.3479299637,23.131887180717
113.34842978088,23.131858018047
113.34875963867,23.131838742432
113.34893956926,23.131839157855
113.34908949645,23.131819549899
113.34912947104,23.131819632983
113.34936931862,23.131800357363
113.34960916619,23.131791134975
113.34995896635,23.131762304622
113.35011886473,23.131742945909
113.35045860388,23.131724168785
113.35115802455,23.131687029953
113.35232689968,23.131612669173
113.35250674044,23.131593725861
113.35256665742,23.13158417112
113.35384512582,23.131492030142
113.35445426678,23.131396316453
113.35499351958,23.131280413066
113.35514326711,23.131241612411
113.35514335694,23.131239950712
113.35514335694,23.131239950712
113.35551283,23.131072866818
113.35639137278,23.130930375912
113.35646126095,23.130911100162
113.3569503883,23.130815635309
113.35754928859,23.13070139312
113.3577189785,23.130653120572
113.35774889207,23.130643482677
113.35778877684,23.130613987392
113.3578686362,23.130554830632
113.35788857858,23.13052508607
113.35788857858,23.130524421387
113.35788857858,23.130524421387
113.35801838372,23.130345704624
113.3580783007,23.130236364077
113.35810830411,23.130156768091
113.35813830751,23.130057148411
113.3581482787,23.13001735037
113.35819822449,23.129817944556
113.35822822789,23.129528390163
113.35826829232,23.129098917936
113.35827835334,23.128989077843
113.35827826351,23.128988413152
113.35827826351,23.128988413152
113.35827835334,23.128668447278
113.3583085364,23.1281288822
113.35836854321,23.127709625159
113.35841857883,23.127310224679
113.35848864666,23.126731104311
113.35851873989,23.126441543179
113.35853877211,23.126291818638
113.35855880432,23.126152147591
113.35858889755,23.125882609472
113.3586090196,23.125622958332
113.35860919926,23.125333062426
113.3586099179,23.123973310061
113.35861000773,23.123893377957
113.35860030603,23.123523379766
113.35846088902,23.123162021901
113.35839118051,23.123081424588
113.358321472,23.12305076436
113.35832111268,23.12304943492
113.35832111268,23.12304943492
113.35787204976,23.123044948056
113.35787204976,23.123044948056
113.35786396501,23.123039713382
