113.27548036671,23.112021513365
113.27548593621,23.112024255565
113.27548593621,23.112024255565
113.27545602263,23.112113917157
113.27569515156,23.112536131866
113.27569506173,23.112536214963
113.27569506173,23.112536214963
113.27585478045,23.112537710702
113.27602456019,23.112479376848
113.27614439415,23.112440570694
113.27614430432,23.1124404045
113.27614430432,23.1124404045
113.27631444338,23.11199201394
113.27686456567,23.11086712532
113.27698457929,23.110628302354
113.27710468274,23.11033945396
113.27717457091,23.110370034027
113.27717457091,23.110369784733
113.27717457091,23.110369784733
113.27769388132,23.110184060577
113.27798349502,23.110086420257
113.27830311212,23.109958947595
113.27899238193,23.109703918804
113.27983166877,23.109349420492
113.27989158575,23.109329892311
113.28002148073,23.109290752842
113.28005148413,23.109221033036
113.28008148753,23.109191283692
113.28010142992,23.109211393585
113.28015128587,23.109261668303
113.2801513757,23.109261003513
113.2801513757,23.109261003513
113.28056046403,23.109763167961
113.2809693727,23.110415156232
113.28126850844,23.110976481831
113.28129842201,23.111036644493
113.28154761196,23.111587663407
113.28185680871,23.112118902972
113.28189669348,23.112199091459
113.28192660705,23.112249198852
113.28200646641,23.112369522995
113.28215612411,23.112600116265
113.28233578521,23.112840763806
113.28247556155,23.113001222956
113.28281494137,23.113352304573
113.28371342654,23.114394741442
113.28376337233,23.114444848006
113.2837632825,23.114444931101
113.2837632825,23.114444931101
113.28377316386,23.114514897449
113.28378313505,23.114554949427
113.28382301981,23.114665050757
113.28385302322,23.11468515982
113.28435221159,23.115316100906
113.28461173205,23.115736477346
113.28499090681,23.1164968742
113.28502082038,23.116546896876
113.28520039165,23.117007071374
113.28528016118,23.117227103686
113.28532004594,23.117327148469
113.28535993071,23.117417138853
113.2853699019,23.117447135634
113.28538984428,23.117507129176
113.28569877155,23.118747211213
113.28590807673,23.119577222124
113.28607740732,23.120407144752
113.28607749715,23.120407144752
113.28607749715,23.120407144752
113.28615735651,23.120617117345
113.28630710404,23.120977069589
113.28643690919,23.121237062188
113.28659671774,23.121457004394
113.28666669573,23.121526967045
113.28677664833,23.121656921324
113.28686656871,23.121726883869
113.2869465179,23.121796846377
113.2870464993,23.121876779744
113.28713650952,23.121936688192
113.28832622533,23.122805149923
113.28862616954,23.1230245079
113.28877618656,23.123124215951
113.2889462358,23.123233811631
113.28909625282,23.12334340722
113.28967628868,23.123741739479
113.2897662989,23.123801480906
113.28976620907,23.123801480906
113.28976620907,23.123801480906
113.29013631094,23.123920215873
113.2909165791,23.124447168517
113.29119667076,23.124635947006
113.29119676059,23.124636030095
113.29119676059,23.124636030095
113.29178712697,23.124953180675
113.29178712697,23.124953180675
113.29178712697,23.124953180675
113.29189725923,23.12501267229
113.29222747633,23.12522097582
113.29258778667,23.125428946668
113.2926578545,23.125468579909
113.29271786131,23.125508213138
113.29278792914,23.125557816974
113.29313826829,23.125755733603
113.29371884314,23.126082021203
113.29373887535,23.126091908694
113.29373878552,23.126091742518
113.29373878552,23.126091742518
113.29393901782,23.126240387139
113.29436948582,23.126517319353
113.29446964688,23.12656659046
113.2947199148,23.126744730702
113.29483004705,23.126803889162
113.29500027595,23.126902597321
113.29532070152,23.127090042915
113.29560106267,23.127257796526
113.29638222914,23.127741115181
113.29643226476,23.127770694192
113.29643226476,23.127770611105
113.29643226476,23.127770611105
113.29657249025,23.127879372075
113.29683290902,23.128046958515
113.29710338881,23.128224432074
113.29752406528,23.128610369775
113.29759422294,23.128649669719
113.29773444843,23.128738239952
113.29781457728,23.128767403309
113.29783460949,23.128807201725
113.2978546417,23.128837029758
113.29785455187,23.128837112844
113.29785455187,23.128837112844
113.29799477736,23.128925682952
113.29851579456,23.1291903128
113.29878636418,23.129297410883
113.29878636418,23.129297410883
113.29878636418,23.129297410883
113.29890655746,23.129356152774
113.29902684056,23.129394870895
113.29916715589,23.129453363485
113.29938760006,23.129530882743
113.29942766448,23.129540437633
113.29952791538,23.129579321872
113.29960813406,23.129598431643
113.2996682307,23.129627760982
113.30019939875,23.129791606349
113.30040987173,23.129859155116
113.30074062782,23.129965172545
113.30123182127,23.130139153941
113.3012619145,23.130148791872
113.30165285706,23.130273835658
113.30165285706,23.130273752572
113.30165285706,23.130273752572
113.30173307574,23.130292696072
113.30179326221,23.130301918565
113.30179326221,23.13030200165
113.30179326221,23.13030200165
113.30335739177,23.130631186052
113.30630598977,23.131188271877
113.30633608301,23.131187856453
113.30636617624,23.131197411223
113.30666710859,23.131252745791
113.3071185071,23.131345717783
113.30732915975,23.131392411466
113.30751978018,23.131429384211
113.30806154823,23.131540717808
113.30813179572,23.131549607875
113.30817194998,23.13155899645
113.3083625704,23.131605939312
113.30875387228,23.131679552334
113.30895455374,23.1317262459
113.30918532842,23.131772440943
113.30961678456,23.131885269773
113.30981746601,23.131931963267
113.30993783895,23.131969932875
113.31002811865,23.13198846071
113.31015855261,23.132026264133
113.310479607,23.132130867395
113.31063007317,23.132188361766
113.3110414971,23.132331349827
113.31116187003,23.132379289426
113.31132239723,23.132436534437
113.31173382115,23.132579439146
113.31185419409,23.132627378656
113.31196459584,23.132675484317
113.31216527729,23.132752004684
113.31216518746,23.1327519216
113.31216518746,23.1327519216
113.31290781662,23.133089075962
113.31290781662,23.133089075962
113.31290781662,23.133089075962
113.31307840484,23.133156041463
113.31334933378,23.133271278542
113.31341958127,23.133300025483
113.3137607577,23.133474002504
113.31385103741,23.133492447046
113.31390125269,23.133521526273
113.31404174767,23.133579020041
113.31421233588,23.133656038388
113.31492487181,23.133963446662
113.31563740774,23.134280824185
113.31577790273,23.134338317624
113.31604883167,23.134453470593
113.31616929444,23.134501326342
113.31695207786,23.134807403333
113.31703238637,23.134835983776
113.3170324762,23.134836233024
113.3170324762,23.134836233024
113.31764467141,23.135015359148
113.31824680559,23.135144718633
113.31917008399,23.135238435638
113.31974212494,23.135278398277
113.31974212494,23.135278481359
113.31974212494,23.135278481359
113.31985252669,23.135286540352
113.31994280639,23.135285044869
113.31998296065,23.135294350096
113.32005320814,23.135293186943
113.32011339461,23.13530215984
113.32040444559,23.135317114668
113.32080589832,23.1353301586
113.32107682727,23.135305566218
113.32143812574,23.135229462736
113.32166890043,23.135205618077
113.32170905468,23.135175043735
113.32173914792,23.135164575345
113.32177930217,23.135153940788
113.32183948864,23.135142973901
113.32185952086,23.135142724654
113.32189967511,23.135142143076
113.32191970733,23.135141893829
113.32194980056,23.135151365231
113.3219798938,23.135160836633
113.32202004805,23.13517014187
113.32207026333,23.135199303812
113.32211041759,23.135238601803
113.32214051082,23.135268096059
113.32216054303,23.135287786588
113.32217060405,23.135307643278
113.32218066508,23.135337469848
113.3221907261,23.135357326531
113.3221907261,23.135397289134
113.32220078712,23.135427115684
113.32220078712,23.135467078266
113.32219081593,23.13549723713
113.32218084474,23.135537365855
113.32216090236,23.135567690867
113.32214095997,23.135598015872
113.32212101759,23.135628340871
113.32209101419,23.135658832026
113.32206101078,23.135679353318
113.32203100738,23.135699874606
113.32199094295,23.135710592201
113.32196093955,23.135721143631
113.32194099717,23.135731445813
113.32189087172,23.135732276634
113.32185080729,23.135732941291
113.32180068185,23.135733772112
113.32176061742,23.135724549997
113.32173061402,23.13570510878
113.32169054959,23.135695886664
113.32165048516,23.135666641749
113.32163054278,23.135647034359
113.3216106004,23.135617457105
113.321580597,23.135588046008
113.32156065461,23.135548498874
113.32155068342,23.135518755433
113.32154071223,23.135479042114
113.32154071223,23.135439162617
113.32153846647,23.135437334807
113.32153846647,23.135437334807
113.32152849528,23.135437500972
113.32152849528,23.135437500972
113.3215364902,23.135436171655
