113.33951158344,23.09812697389
113.33951212243,23.09812448072
113.33951212243,23.09812448072
113.33943190375,23.098314958761
113.33941187153,23.098405045139
113.33939192915,23.098455157738
113.33936192575,23.098475352362
113.33936165625,23.098475435468
113.33936165625,23.098475435468
113.33936129693,23.098775362671
113.33940100204,23.099105040808
113.33948068173,23.099524471326
113.33949065293,23.099584389863
113.33951059531,23.099644225268
113.33968037505,23.100103045586
113.33984027343,23.10037197123
113.33993019381,23.100551393197
113.340080121,23.100800456081
113.3401900736,23.101009794861
113.3401997753,23.101279715913
113.34021953802,23.101529525364
113.3402694838,23.101669222326
113.34015944138,23.101679859567
113.34007940236,23.101690330599
113.34000942436,23.101690746117
113.34000933453,23.101690663013
113.34000933453,23.101690663013
113.33975897678,23.101722242313
113.33964893436,23.10172290714
113.33843721005,23.101871163542
113.33728540273,23.101980195049
113.33688475847,23.102023574939
113.33650414643,23.102046926942
113.33641404639,23.102047757974
113.33632394634,23.10205856139
113.33613368524,23.102050417277
113.33599354958,23.102051746928
113.33549265442,23.102046594529
113.33483141174,23.102043270401
113.33429036233,23.102039032137
113.33421023348,23.102039863169
113.33402994356,23.102041774543
113.33394981471,23.102042605575
113.33367933492,23.102045597291
113.33232621733,23.102051248309
113.33201549346,23.102054987953
113.33153436103,23.102051082102
113.3304516334,23.10206504344
113.32975984832,23.102064461718
113.32964962624,23.102065957575
113.32955943636,23.102067204123
113.3292987481,23.102070860664
113.32921861925,23.102071941005
113.32788481523,23.102091054738
113.32730316241,23.102099697468
113.32650079593,23.102111913634
113.32595920754,23.102120307054
113.32566842605,23.102104932968
113.32543783102,23.102068699981
113.32531754792,23.102050666586
113.32500664438,23.102005707745
113.32462558318,23.101941967549
113.32462243911,23.101941053413
113.32462243911,23.101941053413
113.3242613203,23.101897008671
113.32309765534,23.101756314707
113.32233517362,23.10171925059
113.32231523124,23.101719583004
113.32224507358,23.101720746452
113.32215488371,23.101712353007
113.3218840446,23.101697061977
113.32182394796,23.101698059218
113.32177382251,23.101698890253
113.32147289017,23.101694153357
113.32142276472,23.101694984391
113.32140282234,23.101695316805
113.32126241718,23.101687837496
113.32003820644,23.101659166809
113.31866343968,23.101643377153
113.31853309555,23.10164570405
113.31850309215,23.10164620267
113.3184529667,23.101647116808
113.31835271581,23.101638972669
113.31736934077,23.101616451629
113.31724896783,23.101608639902
113.31607488253,23.101529525364
113.31536243643,23.101472267018
113.31481060735,23.10144210042
113.31446952075,23.101418249688
113.31446736482,23.101417003134
113.31446736482,23.101417003134
113.31446718516,23.101576977472
113.3144670055,23.101816897064
113.3144670055,23.10187689767
113.3144670055,23.101956843034
113.31449691907,23.102116318102
113.31456671741,23.102525018835
113.31462663438,23.102843884311
113.31465654796,23.103003358314
113.31467640051,23.103222998328
113.31469616323,23.103532554673
113.31469598357,23.103812525952
113.3146854734,23.104372549841
113.3146852039,23.104742435224
113.31468511407,23.104882378111
113.31468466492,23.104882378111
113.31468466492,23.104882378111
113.31469418696,23.105382149189
113.31469373781,23.105922056069
113.31469373781,23.106042053544
113.31468304797,23.106742092056
113.31468286831,23.107002029443
113.31465142762,23.108432257668
113.3146313954,23.108512614581
113.31459133098,23.108513362474
113.31459061233,23.108513279374
113.31459061233,23.108513279374
113.31398838832,23.108583830543
113.31299486243,23.108681222671
113.31287448949,23.108693355133
113.31215198237,23.10874587372
113.31106817677,23.108824485365
113.31086758515,23.108837864298
113.3105063765,23.108863957368
113.30948293704,23.108931101295
113.30895123,23.108969825376
113.30860017221,23.108995586025
113.30859927391,23.108995586025
113.30859927391,23.108995586025
113.30824812628,23.109021263569
113.30800738041,23.109035141075
113.30740551571,23.109074696114
113.30728523261,23.109086579243
113.30663324247,23.109126715958
113.30657314583,23.109137601898
113.3064428017,23.109139596268
113.30626233212,23.109152393478
113.30604170829,23.109155717428
113.30556030637,23.109153058268
113.30450722282,23.109158459687
113.30393563102,23.109156714613
113.30364484953,23.109160786452
113.30351459523,23.109152642774
113.30311359165,23.109158127292
113.30251199645,23.109226185156
113.30174996389,23.109356068383
113.30152942988,23.109398864172
113.30139917558,23.109430524737
113.30132910776,23.109441410651
113.30038669544,23.10963286964
113.29963490356,23.109791504504
113.29937430514,23.109844438149
113.29923398981,23.109895959102
113.29907364228,23.109957701121
113.29887323032,23.110019858602
113.29876300824,23.110060992213
113.29844222334,23.110214308288
113.29803115874,23.110518446969
113.29800115533,23.1105487777
113.29799864008,23.110548611505
113.29799864008,23.110548611505
113.29777801624,23.110720790213
113.29765773314,23.110831974994
113.29692579381,23.111428864494
113.29655488346,23.111742224175
113.29643469019,23.111833298608
113.29605380865,23.112156545863
113.29540226766,23.112691854882
113.29535223205,23.112732239796
113.29448033672,23.113368757606
113.2944002977,23.113419363134
113.29400962463,23.113642060466
113.29315812084,23.114137477592
113.29308805301,23.114187916635
113.29297792075,23.114248576415
113.29294791735,23.114268768637
113.29177616764,23.114885003858
113.29106533849,23.115188217791
113.29029450254,23.115511207591
113.28850292203,23.116255984006
113.28779254203,23.116547063065
113.28673209238,23.116987793601
113.28665214319,23.117017790479
113.28543188498,23.117497241045
113.28539200022,23.117507212269
113.28529210864,23.117547097157
113.28526219507,23.117557068378
113.28525231371,23.117567039597
113.28426238104,23.117925421343
113.28399253006,23.118014829669
113.28308281607,23.118322357288
113.28219331396,23.11855917218
113.28164382048,23.118666860497
113.28132411355,23.118725357817
113.28084459807,23.118783024185
113.28059495896,23.118821745391
113.27975594162,23.118876918937
113.27965613988,23.118886308408
113.2796662009,23.118826481675
113.27966305683,23.11882631549
113.27966305683,23.11882631549
113.27966332632,23.118506408197
113.27955382288,23.118215831995
113.27949408556,23.118075570792
113.27932466514,23.11778457818
113.27930481259,23.11772450167
113.27913539217,23.117403511504
113.27898573447,23.117302635842
113.27898519549,23.117302220374
113.27898519549,23.117302220374
113.27895528192,23.117291999854
113.27890542596,23.117281779333
113.27858598852,23.117279618897
113.27853613257,23.117279369616
113.2782865833,23.117297567129
113.27801709164,23.117315515359
113.27771768642,23.117323159974
113.27752805412,23.117331635526
113.27734848285,23.117330306028
113.27719882515,23.117319171479
113.2767496724,23.117295489788
113.27625066369,23.117251117765
113.2760910348,23.117229762685
113.27602123646,23.117229181029
113.27586160757,23.117207742852
113.2756820363,23.117196109731
113.27562220915,23.117185639921
113.27545260907,23.117164118643
113.27499366479,23.117119663483
113.27480412233,23.117097809819
113.27474429518,23.117097311256
113.27452483914,23.117115010231
113.27437518145,23.117163453893
113.27421555256,23.117281779333
113.27421366611,23.117280449834
113.27421366611,23.117280449834
113.27417369152,23.117369941688
113.27393384395,23.117897252723
113.27390393038,23.117976939159
113.27388407782,23.118006686534
113.27387419646,23.118036600088
113.27351442511,23.118872515025
113.27313471137,23.119728117534
113.27312483001,23.119747976553
113.27310497745,23.119777723531
113.27309509609,23.119807636686
113.27307524354,23.119837383651
113.27305530116,23.119887155791
113.27286557904,23.120234895518
113.2726158501,23.12073186677
113.27251604836,23.120910679578
113.27229632284,23.121357959819
113.27223649569,23.121487249535
113.27226640926,23.121527631773
113.27227629062,23.121617702399
113.27225634824,23.121697469692
113.27219652109,23.121756713494
113.27211675156,23.121775741301
113.27206698544,23.121775242756
113.27201721931,23.121774744211
113.27201524304,23.121774578029
113.27201524304,23.121774578029
113.2719454447,23.121823684716
113.27185570398,23.121892566993
113.27160615471,23.122249441426
113.27129668846,23.122715495555
113.27111711719,23.122943162692
113.27086765775,23.123209881725
113.27070793903,23.123507758889
113.27066796444,23.123707174191
113.27072761192,23.124087890404
113.27083702553,23.124629216792
113.2709166154,23.125040174689
113.27093646795,23.125160404145
113.27098623408,23.125401028906
113.2709662917,23.125560725071
113.27093637812,23.125680289347
113.27088652217,23.125879618294
113.27085651876,23.126239223907
113.27073668481,23.126637630557
113.27073560684,23.126637796733
113.27073560684,23.126637796733
113.27016715912,23.126560275783
113.27005756584,23.126538922201
113.26971863517,23.126484416546
113.26964892667,23.12647353203
113.2694196791,23.126440463036
113.26938985536,23.126430160132
113.2691506366,23.126396924951
113.26899118737,23.126374740464
113.26872205504,23.126331036181
113.26864237534,23.126319985477
113.2683931854,23.126296471568
113.26836336165,23.126296139216
113.26832356672,23.126285670124
113.26810429034,23.126272542215
113.26767570878,23.126196350461
113.26715738651,23.12614865789
113.26676868971,23.126112846907
113.26665909644,23.126111268232
113.26630031322,23.126085843259
113.26629887593,23.126084098407
113.26629968441,23.126080774881
