113.27591155336,23.093414799354
113.27591326014,23.093421863586
113.27591326014,23.093421863586
113.2762127552,23.093394687069
113.27627267217,23.093385295795
113.27631255694,23.093385628229
113.27688154365,23.093330693415
113.27688154365,23.093330527198
113.27688154365,23.093330527198
113.27719145905,23.092763226264
113.27731147267,23.092544316934
113.27736150828,23.092404859702
113.27748125241,23.092445832551
113.27748125241,23.092445666333
113.27748125241,23.092445666333
113.2777008881,23.092507416465
113.27793049499,23.092599168964
113.27814006967,23.092710784464
113.27819998664,23.092741202373
113.27831973077,23.092822067434
113.2787987971,23.093125414863
113.27884865305,23.09316572262
113.27895842599,23.093276423448
113.27899831075,23.09330667501
113.27901825313,23.093316814268
113.27932762955,23.093578855646
113.27944737368,23.093689639239
113.28010610111,23.094233582844
113.28027579102,23.094334559143
113.28063511322,23.094666492213
113.28079483194,23.094797303867
113.28197286979,23.095752623947
113.28228242586,23.095993800666
113.28248211918,23.096164502324
113.28285159223,23.096455708542
113.28299136857,23.096596158801
113.28331098567,23.096827111893
113.28337090265,23.096877308194
113.28331089584,23.097017093157
113.28331080601,23.097017176263
113.28331080601,23.097017176263
113.28323067716,23.097216880684
113.28315063814,23.097436613374
113.28293037363,23.097975804608
113.28288042784,23.098095643053
113.28267013452,23.098614803222
113.28212953427,23.099722592988
113.28205955627,23.099882320052
113.28160905605,23.100840179782
113.28158911367,23.100880069678
113.28154913908,23.100969905004
113.28141906444,23.101239244411
113.28098868627,23.102156955543
113.28083857942,23.102476154315
113.2807585404,23.102665711984
113.28070859461,23.102755463
113.28056845895,23.10308463264
113.28039831989,23.103473635145
113.28016817402,23.103982220337
113.28001806717,23.10432127605
113.27992805695,23.104520720182
113.27992805695,23.104550719878
113.27996785189,23.104670967897
113.27989787389,23.104810495352
113.27975782806,23.105099605079
113.27975612128,23.105099521978
113.27975612128,23.105099521978
113.27931568209,23.106076540333
113.27905553281,23.10660472724
113.27902561924,23.10667453152
113.27858535971,23.107601262957
113.27850541052,23.10775067619
113.27845546473,23.107880311561
113.27845501558,23.107880228462
113.27845501558,23.107880228462
113.27855481732,23.107940974224
113.27873447842,23.108042189399
113.27874444961,23.108052244432
113.27874444961,23.108052327532
113.27875019877,23.108057728996
