113.27111460194,23.160267144122
113.2711156799,23.160264901321
113.2711156799,23.160264901321
113.2710459714,23.160274038661
113.27064712375,23.160288824537
113.27007885568,23.160361258694
113.27007858619,23.160361258694
113.27007858619,23.160361258694
113.27015889471,23.160862398968
113.27014919301,23.161052288522
113.27014928284,23.161152300233
113.2701494625,23.161302317659
113.27010984722,23.161521861127
113.27010966756,23.161521861127
113.27010966756,23.161521861127
113.27010975739,23.161601853605
113.2700900845,23.161761589219
113.27004076753,23.162210974391
113.27000124209,23.16252047612
113.2698930861,23.163919288651
113.26989272678,23.163919371715
113.26989272678,23.163919371715
113.26979409284,23.165008258959
113.26975438773,23.165067732594
113.2697145928,23.165097220211
113.26968476906,23.165096887956
113.26962503174,23.165086172738
113.26958523681,23.165055688355
113.26957535545,23.165035669995
113.26952549949,23.164955015081
113.26952478085,23.164954516698
113.26952478085,23.164954516698
113.26957445714,23.164795200256
113.2696340148,23.164536040669
113.26964380633,23.164346239175
113.2696437165,23.164206275974
113.26976265214,23.163467832659
113.26980226742,23.163188402641
113.2698319115,23.162938875455
113.2698813183,23.162469557072
113.26991096238,23.162209977605
113.26994060647,23.161960448576
113.26997034038,23.161770892588
113.26994958952,23.160880507432
113.26985957931,23.160509283418
113.26981960471,23.160328779621
113.26954984357,23.159665075099
113.26946989438,23.159414046063
113.2694099774,23.159253227741
113.26939012485,23.15921302313
113.26934026889,23.159122396576
113.26928044175,23.159021635724
113.26917066881,23.158830164973
113.26901095009,23.158567920203
113.26900987213,23.158566175779
113.26900987213,23.158566175779
113.26899981111,23.158405937903
113.26898983991,23.158285821669
113.26897986872,23.158195775957
113.26897986872,23.158125832658
113.2689592077,23.157245474298
113.26895911787,23.157085567099
113.2689689094,23.156935794102
113.26896872974,23.15668583979
113.26892848565,23.156215253206
113.26888815173,23.155554684716
113.26850771935,23.153618980765
113.2685070007,23.153618150056
113.2685070007,23.153618150056
113.26826670398,23.152274471437
113.26823679041,23.152094122562
113.26822681922,23.152024009897
113.26821684802,23.1518839506
113.26820696666,23.151833858183
113.26807662253,23.150641852423
113.26804670896,23.150501459374
113.26798652249,23.14984061317
113.26784611734,23.148338473812
113.26772583423,23.147066601546
113.26770589185,23.146846369517
113.26770589185,23.146766451203
113.26769601049,23.14671635685
113.26770580202,23.146336536366
113.2677257444,23.14625686697
113.26773571559,23.146177114451
113.26774568678,23.146097361884
113.26788501397,23.145659469591
113.26795472248,23.14544056444
113.26798454622,23.145341039322
113.26810393102,23.14474280705
113.26812378357,23.144513183502
113.26814363612,23.144373531649
113.26814228867,23.144371787039
113.26814228867,23.144371787039
113.26816214122,23.144212030454
113.26818181411,23.143632319293
113.26821154802,23.143042802448
113.26822151921,23.142933056985
113.26824146159,23.142863437938
113.26824146159,23.142493492678
113.26824146159,23.142413571739
113.26824146159,23.142153620657
113.26825116329,23.14138381686
113.26826095482,23.140834001741
113.26826095482,23.140694096774
113.26826095482,23.140644166284
113.26826095482,23.140614257829
113.26826095482,23.140544305248
113.26827074635,23.139814536455
113.26830048027,23.138405001248
113.26830048027,23.138125102959
113.26830048027,23.138085224259
113.26830048027,23.138035292786
113.26830048027,23.137955369158
113.26831045146,23.137885581336
113.26838015997,23.137066651726
113.26839013116,23.136886863722
113.26845992949,23.135877919497
113.26843010575,23.135797579158
113.26846001933,23.13534810439
113.26846001933,23.135298171886
113.26847996171,23.134978553568
113.26849990409,23.134698897293
113.26854984988,23.133679717159
113.26854949055,23.13367730774
113.26854949055,23.13367730774
113.26863950077,23.131948663249
113.26865953298,23.131629036856
113.26866950417,23.131579269121
113.26866950417,23.131559328788
113.26868953638,23.131239701458
113.2687095686,23.130900049839
113.26875960421,23.130270844579
113.26879966864,23.129651523558
113.26877990592,23.129521327853
113.26878987711,23.129421541525
113.26878987711,23.12933164237
113.26884000256,23.128682488903
113.26891025005,23.127643653954
113.2689504043,23.127074339371
113.2689504043,23.127024403752
113.26897043652,23.126754784319
113.26897052635,23.126654912821
113.26899064839,23.126375322079
113.26901077043,23.126075706503
113.26901086026,23.125945839641
113.26903098231,23.125606257553
113.2690612552,23.124936812168
113.26904158231,23.124586675181
113.26904158231,23.124566733797
113.26902190942,23.124316552257
113.26902163993,23.124314724293
113.26902163993,23.124314724293
113.26901193823,23.123854658231
113.26901193823,23.123784779898
113.26901202806,23.123574895408
113.26902208908,23.123475104605
113.2690721247,23.123135931642
113.26912216032,23.122866719755
113.26915216372,23.12271724045
113.26915225355,23.122716741909
113.26915225355,23.122716741909
113.26922223155,23.122417782792
113.26923220274,23.122407978118
113.26947267913,23.120731617495
113.26951274355,23.120522309816
113.26973327755,23.119045680045
113.26977334198,23.118836369707
113.26978331317,23.118816593643
113.26983334879,23.118657387917
113.26992326917,23.118458712862
113.26993324036,23.118438936742
113.26995318274,23.118399301401
113.27000312853,23.118320113776
113.27049252537,23.117496908671
113.27088203064,23.116842213088
113.27092200524,23.116792855275
113.27093197643,23.116773078907
113.27095191881,23.11674341435
113.27096189,23.116703612314
113.27104183919,23.116514739444
113.27113175957,23.116315978087
113.27113193923,23.116314316201
113.27113193923,23.116314316201
113.27123183081,23.116095611886
113.27130189864,23.115836606347
113.27131195966,23.115776861334
113.27138211732,23.115397866264
113.27149251906,23.114659483371
113.2715226123,23.114469942828
113.27156285639,23.114060614103
113.27158306826,23.113760970716
113.27155360384,23.113400749609
113.27159366827,23.113271368917
113.27159357843,23.113270704148
113.27159357843,23.113270704148
113.27190277519,23.113224585759
113.27268097725,23.113114067752
113.27281069257,23.113095703473
113.27297032146,23.113067616924
113.27327969788,23.113011277614
113.27335955724,23.11299224855
113.2735791031,23.112954772088
113.27421779832,23.112851815633
113.2742777153,23.112822565682
113.27446734759,23.112764647435
113.27466695108,23.112726838522
113.27522596659,23.112602609163
113.27569515156,23.112537212123
113.27585487028,23.112538707862
113.27602465002,23.112480374008
113.27614448398,23.112441567854
113.27614430432,23.1124404045
113.27614430432,23.1124404045
113.27631444338,23.11199201394
113.27686456567,23.11086712532
113.27698457929,23.110628302354
113.27710468274,23.11033945396
113.27717457091,23.110370034027
113.27717457091,23.110369784733
113.27717457091,23.110369784733
113.27769388132,23.110184060577
113.27798349502,23.110086420257
113.27830311212,23.109958947595
113.27899238193,23.109703918804
113.27983166877,23.109349420492
113.27989158575,23.109329892311
113.28002148073,23.109290752842
113.28005148413,23.109221033036
113.28008148753,23.109191283692
113.28012146213,23.10916161744
113.2804612911,23.108943649228
113.28059127591,23.108854484088
113.28110115412,23.108497241235
113.2812910559,23.108388298178
113.28158093909,23.108199745872
113.28162091369,23.108169996299
113.28162100352,23.108168749809
113.28162100352,23.108168749809
113.28167103913,23.108098946314
113.28172107475,23.108049252852
113.28216097496,23.107771201799
113.28222098177,23.107731563272
113.28258093278,23.107523066087
113.28306080759,23.107324789863
113.28311075337,23.107305012085
113.28322070597,23.107255401425
113.28364057396,23.107176705751
113.28367057737,23.107176788851
113.28374055537,23.107167066151
113.28377055877,23.107167149251
113.28381053337,23.107177204351
113.28384053677,23.107167398551
113.28476040161,23.106969371097
113.28515035603,23.106880038431
113.28603042594,23.106680847144
113.2864504736,23.106591015681
113.28650050922,23.106591015681
113.28705072134,23.106440936339
113.28740088083,23.106320773024
113.28778122338,23.106110528509
113.28790132683,23.106030502545
113.28819165917,23.105810202369
113.28899267819,23.105128856733
113.28899258836,23.105127028504
113.28899258836,23.105127028504
113.28907271721,23.105046918846
113.28916281725,23.10496680914
113.28924294611,23.104906726829
113.28935307836,23.104806506481
113.289413175,23.104746424097
113.28947327164,23.104686341686
113.28957352253,23.104516149591
113.289633709,23.104366067904
113.28966380224,23.104266096454
113.28967395309,23.10416620803
113.28966416156,23.104056347297
113.28967440224,23.103806459499
113.28967512089,23.103136654832
113.28968563106,23.102626819858
113.28969596157,23.102266984053
113.28976647856,23.101796952258
113.2899371566,23.10118663975
113.2900374075,23.101026415632
113.29003731767,23.101024919762
113.29003731767,23.101024919762
113.29012759737,23.100774693843
113.29013765839,23.100734720811
113.29017781265,23.100634663523
113.29021796691,23.100504605556
113.29021796691,23.100504439348
113.29021796691,23.100504439348
113.29023799912,23.100474355634
113.29030815678,23.100384187555
113.29035828223,23.10032410317
113.29038837546,23.10029410252
113.29039843648,23.100274157485
113.2904184687,23.100254212447
113.29042852972,23.100234267407
113.29046859414,23.100194211108
113.29049859755,23.100174182954
113.29056866538,23.10011401537
113.2906087298,23.100083931567
113.29064879423,23.100063903397
113.29068885865,23.100033819583
113.29072892308,23.100023763942
113.29079899091,23.100003569553
113.29084902653,23.099983458266
113.29093912657,23.099973153308
113.29097919099,23.099963097662
113.2912094267,23.099922210236
113.29131955895,23.099911822169
113.291409659,23.099901517205
113.29148978785,23.09989121224
113.2921606424,23.099748023012
113.29242097134,23.099696747435
113.29321201917,23.099562283998
113.29351250236,23.09950045404
113.29425360441,23.099375547466
113.29451402318,23.099323773116
113.29490469624,23.099260945788
113.29504492173,23.099229947637
113.29544565582,23.09916687095
113.29671810557,23.098936088137
113.29697861417,23.098883814985
113.2975297246,23.098788659511
113.29763994669,23.098767633882
113.29773013656,23.098746857566
113.29782032643,23.098726081246
113.29852199287,23.098529038467
113.29922374913,23.098331579869
113.30000572408,23.098112845927
113.3000457885,23.098102457718
113.30017613263,23.098071043769
113.30241237437,23.097423482611
113.30251271509,23.097392234713
113.30300417804,23.097255774394
113.30323486289,23.097192696769
113.30326477647,23.097332232081
113.30326459681,23.097328492304
113.30326459681,23.097328492304
113.30296375429,23.097412512605
113.30021610723,23.098207087723
113.3000457885,23.09824905605
113.29964487476,23.098363658601
113.29899333377,23.098540839435
113.29856241662,23.098665414374
113.29776058912,23.098893538291
113.29775987047,23.098893538291
113.29775987047,23.098893538291
113.29775987047,23.098893538291
113.29775987047,23.098893538291
113.29775834335,23.098883233248
