113.24042848573,23.098309806218
113.24042920437,23.098307562368
113.24042920437,23.098307562368
113.24053843832,23.098828799339
113.24053843832,23.098828716234
113.24053843832,23.098828716234
113.24047861117,23.098838024019
113.24039884164,23.098847082487
113.24034907552,23.098856473375
113.24034889586,23.098856473375
113.24034889586,23.098856473375
113.24049792474,23.099508099682
113.24051777729,23.099578323216
113.24056754342,23.099738881501
113.2407565469,23.100261027002
113.24077639945,23.100331250138
113.24084601813,23.100522057431
113.24103502161,23.101074283438
113.24119420134,23.101506173269
113.24119420134,23.101506173269
113.24119420134,23.101506173269
113.24133352853,23.101867839409
113.24138329465,23.102018422539
113.2420597187,23.10379665345
113.24228851711,23.104399474806
113.24231834086,23.104469861957
113.2423481646,23.104550221268
113.24243772566,23.104761382369
113.24280576143,23.105676077525
113.24284546653,23.105836545336
113.2430047361,23.106108617194
113.24304453103,23.106189141714
113.24311414971,23.106400050908
113.24313400226,23.106450326691
113.243163826,23.106560684045
113.24321341247,23.106791287406
113.24323317519,23.106951504569
113.24333252778,23.107282824405
113.24347185496,23.107534700056
113.24349179734,23.107575003439
113.24365106691,23.107857126783
113.24408908068,23.108613164527
113.2441388468,23.108693853727
113.24471618775,23.109651982284
113.24480574881,23.109823248074
113.24518393543,23.110538639758
113.24549250338,23.111063152619
113.24590060357,23.111749204335
113.24623890542,23.112384231118
113.24632846648,23.112575602765
113.24633834784,23.112625710016
113.24636817159,23.112706147487
113.24646743435,23.113167581746
113.2464872869,23.113287905056
113.2464872869,23.113307931232
113.24650695979,23.113588214279
113.2464969886,23.113728064745
113.24643698179,23.114047069505
113.24639709702,23.114156423396
113.24638721566,23.114206280763
113.24633735971,23.114335494352
113.24630744613,23.114415016737
113.24620773422,23.114563425155
113.24617791048,23.114602978547
113.24608816976,23.114691558158
113.24601846125,23.114750472707
113.2457092645,23.114965772339
113.24552978305,23.115103045408
113.24506095741,23.115456032646
113.24503113367,23.115485614396
113.24500130992,23.115535138885
113.24500130992,23.11557510746
113.24500130992,23.115615076024
113.24502116248,23.115675319678
113.24503113367,23.115715454401
113.24505107605,23.11574570085
113.24514072694,23.115876990304
113.24524025919,23.116038442917
113.24523864224,23.116038609106
113.24523864224,23.116038609106
113.2454475881,23.11653169065
113.2455272678,23.116652841851
113.24559697631,23.116763855474
113.24575624587,23.117016211696
113.245806012,23.117086924533
113.24596528157,23.11734933447
113.24611466977,23.117531558671
113.24620432066,23.117622878412
113.24642341738,23.117856204633
113.24660271916,23.118028955514
113.24660271916,23.118029038607
113.24660271916,23.118029038607
113.24676225821,23.117961483816
113.24686197013,23.117913123539
113.2468918837,23.117903650905
113.24703148038,23.117845901062
113.24708133633,23.117826789598
113.24724087539,23.117779426392
113.24743032802,23.117712536221
113.24799859609,23.117561721613
113.24804845204,23.117542610108
113.24845718105,23.117449296067
113.24867645742,23.117432926633
113.24902526945,23.117408746401
113.24948376459,23.11737642299
113.24972298334,23.117360469015
113.25019144967,23.117328394874
113.25061994139,23.117325735877
113.25113817384,23.117314684422
113.25143712992,23.117339778702
113.25150683842,23.117350996342
113.25184558943,23.117386809691
113.25220428282,23.117423038497
113.25278225259,23.117443147143
113.25278234242,23.117441983833
113.25278234242,23.117441983833
113.25337019354,23.117422290655
113.2534200495,23.117423204685
113.25353961396,23.117445307576
113.25359935128,23.117476384566
113.25370894455,23.117538289246
113.25375871068,23.117559145715
113.25388824633,23.117591469081
113.25436650418,23.117599944616
113.25448606865,23.117602105046
113.25522339781,23.117625205028
113.25534296227,23.117627365458
113.2560901728,23.117680711445
113.25625950338,23.117693757111
113.25628941696,23.117694255672
113.25637906785,23.117695834447
113.25648866112,23.117697828689
113.25660822558,23.117680046698
113.25660831541,23.117679880511
113.25660831541,23.117679880511
113.25713642922,23.117639247822
113.25899942502,23.1179123757
113.25925849633,23.117946942498
113.25935811841,23.117958741739
113.25955736257,23.118002282593
113.25964701346,23.118023886829
113.25980646269,23.118046654365
113.26002564923,23.11808047329
113.260065534,23.118071249947
113.26012536115,23.118072330159
113.26015527472,23.118062940629
113.26015518489,23.11806269135
113.26015518489,23.11806269135
113.26022498323,23.118073908929
113.26028472054,23.118084960321
113.26127105999,23.118252060575
113.26162975338,23.118318202637
113.2617991738,23.118351107469
113.26246670463,23.118542470512
113.2626559776,23.118595649945
113.26279548444,23.118627973059
113.26359264075,23.11881127571
113.26412075456,23.118930015143
113.26431011736,23.118983111328
113.26442968183,23.119005047774
113.26447953778,23.119015849811
113.26488808713,23.119112486451
113.26492797189,23.119123122294
113.26498779904,23.119134090506
113.26532663988,23.119219509579
113.26539643822,23.119230643968
113.26552597387,23.11926271765
113.26556585863,23.11927335348
113.2657951062,23.119326948083
113.265984469,23.119369906841
113.26607411989,23.11940131575
113.26620365555,23.11942333522
113.26645284549,23.119477179038
113.26665217949,23.119530275004
113.26672197783,23.119541326275
113.26682168974,23.119562847167
113.26714067802,23.119637713256
113.2673599544,23.119690975342
113.26753934601,23.119733684707
113.26787827668,23.119808716883
113.26794798518,23.1198797606
113.26817714292,23.120043119457
113.26826679381,23.120094387174
113.26840630066,23.12016642784
113.2686554906,23.120239964119
113.26927361463,23.120418694499
113.26945300624,23.120501204538
113.26951283338,23.120522060541
113.26958263172,23.120542999633
113.26964245887,23.120573826624
113.26964245887,23.120573909715
113.26964245887,23.120573909715
113.26961236563,23.12076344154
113.26945210793,23.121821108901
113.26940207231,23.122200334896
113.26937206891,23.122429913998
113.26933209431,23.122669297358
113.26932221295,23.122729122358
113.26930227057,23.122828830631
113.26927244683,23.122888406289
113.26917246543,23.12345690794
113.26916249423,23.12360671877
113.26916249423,23.123686734136
113.26916249423,23.123826740138
113.26916249423,23.123906755371
113.26917219593,23.124316884614
113.2691712078,23.124316801525
113.2691712078,23.124316801525
113.26920094171,23.124567232332
113.2692206146,23.124957501296
113.26917039932,23.125716682066
113.26917039932,23.125866656521
113.26917039932,23.125996606549
113.26916042813,23.126096478542
113.26915036711,23.126396343335
113.26913042473,23.126636051889
113.26913042473,23.12667601712
113.26912054337,23.126755864459
113.26908047894,23.127375282089
113.2690203823,23.128224348987
113.2689903789,23.128693871757
113.26896037549,23.129073410449
113.26893037209,23.129522989573
113.26892938395,23.129522989573
113.26892938395,23.129522989573
113.26888949919,23.129652354417
113.26884952459,23.130271758519
113.26879957881,23.130911017077
113.26877963643,23.131250751752
113.26874972285,23.131550272553
113.26874972285,23.131590236303
113.26874972285,23.131650223449
113.26872978047,23.131939939378
113.26867983468,23.132909199481
113.26863994992,23.133678637075
113.26863923127,23.133678637075
113.26863923127,23.133678637075
113.26862917025,23.133908445558
113.26860922787,23.13439813736
113.26858937532,23.134797848823
113.26857949396,23.135037708355
113.26855964141,23.1352674314
113.26855964141,23.135297424145
113.26855964141,23.135357409613
113.26854976005,23.135517259953
113.26852990749,23.135806967432
113.26852936851,23.135807050514
113.26852936851,23.135807050514
113.26849945494,23.135876590185
113.26849945494,23.135916552631
113.26842974643,23.136895587268
113.26840989388,23.137065322426
113.26836021758,23.137874614675
113.26835033622,23.13795445527
113.26835033622,23.138024492299
113.26835033622,23.138074506856
113.26835033622,23.138154513493
113.26834045486,23.138404336604
113.2683208718,23.139844112773
113.2683111701,23.140534003439
113.2683111701,23.140614008591
113.2683111701,23.140644000126
113.2683111701,23.140683961135
113.2683111701,23.140834001741
113.2683014684,23.141453852076
113.2682917667,23.142153786813
113.26828197517,23.142443645944
113.26828197517,23.142493658834
113.26828197517,23.142523649944
113.268282065,23.142863687171
113.2682920362,23.142943857072
113.2682920362,23.143043882456
113.2682823345,23.143613793085
113.26828242433,23.143733839545
113.26832239892,23.143884458236
113.26831269722,23.144224325819
113.2682532294,23.144763493088
113.26813393443,23.145371777472
113.26810420051,23.145471385643
113.26790522584,23.146118546164
113.26777578002,23.146256617744
113.2677742529,23.146256534668
113.2677742529,23.146256534668
113.26770454439,23.146335456384
113.26770454439,23.146335456384
113.26770454439,23.146335456384
113.267275873,23.146449103574
113.267275873,23.146449103574
113.26726985436,23.14644411905
