113.28493054068,23.087480712172
113.28502728818,23.087522268326
113.28502728818,23.087522268326
113.2848071135,23.088051858812
113.28480702367,23.088051858812
113.28480702367,23.088051858812
113.28495695086,23.08811203186
113.28503690005,23.088142118373
113.28497689324,23.088342002359
113.28497680341,23.088342085471
113.28497680341,23.088342085471
113.28494671018,23.088462015718
113.28493673898,23.088552025666
113.28493673898,23.088702042111
113.28492658813,23.089022021219
113.28491661694,23.08910197432
113.28491661694,23.089271936833
113.28491652711,23.089501905325
113.28491652711,23.089671867327
113.28491652711,23.089711843688
113.2849264983,23.089781823068
113.28494635085,23.089941811419
113.28496629324,23.089991844099
113.28501623902,23.090101882687
113.28505621362,23.090181918249
113.28513616281,23.090281983411
113.28525599676,23.090462083891
113.28536585953,23.090642184126
113.28543574769,23.090822201008
113.28546566127,23.090942212126
113.28549548501,23.091132201806
113.28549539518,23.09143214559
113.28548533416,23.091692112943
113.28548533416,23.091772064437
113.28548533416,23.091951996678
113.28548425619,23.091952162897
113.28548425619,23.091952162897
113.28546422398,23.092002111712
113.28540421717,23.092132011785
113.2852440493,23.092501765041
113.28512394585,23.092761564083
113.28491374236,23.09323121231
113.28481367113,23.09347106387
113.28429292343,23.094709957599
113.28391240121,23.09560901472
113.28376229436,23.095958563295
113.28365225194,23.09620821654
113.28358218411,23.096378003749
113.28357194342,23.096707937156
113.28357194342,23.096787885632
113.28358182478,23.096867917166
113.28363168074,23.097008034564
113.28374145367,23.09716826353
113.28374046554,23.09716826353
113.28374046554,23.09716826353
113.28408011485,23.097419077987
113.28421998102,23.097509331185
113.28460957612,23.097830037033
113.28489936947,23.098000487015
113.28513921705,23.098120740966
113.28522913743,23.09816079789
113.28525914083,23.098170853672
113.2853590324,23.098220966359
113.28545901381,23.098261023253
113.285748897,23.098361248541
113.28583881738,23.098401305392
113.28616867516,23.09852139277
113.28745837238,23.098970826087
113.28763830297,23.09904063438
113.28774825557,23.099080524816
113.28774816574,23.099080524816
113.28774816574,23.099080524816
113.28815815237,23.09919994674
113.28854810679,23.099349203216
113.28878813403,23.099438707159
113.28892809002,23.099508348996
113.2893981733,23.09967713473
113.28952824794,23.099716775661
113.28969829717,23.099786251144
113.28984831419,23.099835781489
113.28988828878,23.099845670935
113.2899383244,23.099875505478
113.28998836002,23.099895367468
113.29001836342,23.099915229455
113.29004836683,23.099925118895
113.29008834142,23.09995495342
113.29010837363,23.099974898502
113.29013837704,23.099994760477
113.29015831942,23.100024678091
113.2901782618,23.100054595698
113.29019820418,23.100084513298
113.29021814657,23.100134459055
113.29021814657,23.100154487215
113.29022811776,23.100174432267
113.29023808895,23.100234350511
113.29024806014,23.100274323694
113.29024806014,23.100304324349
113.29024806014,23.100334324997
113.29023808895,23.100374381253
113.29023808895,23.100444355017
113.29023808895,23.100474355634
113.29023808895,23.100554301842
113.29022811776,23.100654276087
113.29021814657,23.100754250256
113.29010783465,23.101064560292
113.29005779903,23.101194700814
113.28997758035,23.101434953511
113.28989727184,23.101745178852
113.28985720741,23.101905235897
113.28983708537,23.102105265381
113.28982702435,23.10224529415
113.28981705316,23.102295322197
113.28981678367,23.102615268562
113.28980663281,23.102875214029
113.28979585315,23.103725102511
113.28979576332,23.103905101662
113.28980537519,23.104295015883
113.28981525655,23.104394987312
113.28987472437,23.104924676734
113.28990454811,23.105104508056
113.28998413798,23.105544196274
113.29004396513,23.105783942497
113.29013361602,23.106163546723
113.29021338555,23.106423235941
113.29040292801,23.107042416088
113.29070233324,23.107881059457
113.2907821926,23.108080664441
113.29141109628,23.109737573658
113.29144109969,23.109797404488
113.29146104207,23.109867290187
113.29162076079,23.110286437415
113.29166073539,23.110376266377
113.29173062355,23.110555924118
113.2917290066,23.110556007216
113.2917290066,23.110556007216
113.29177895239,23.110715721249
113.29183886937,23.110875351991
113.29194873213,23.111164780901
113.29195870332,23.111214722489
113.29216836783,23.111763497041
113.29257772565,23.112841013095
113.29266764603,23.113070442198
113.29271759182,23.113220098563
113.29274759522,23.113289899365
113.29279754101,23.113409557795
113.29286742918,23.11360907137
113.2930571513,23.114107812445
113.29306712249,23.114157752926
113.2930871547,23.114187584253
113.29352651593,23.115504560008
113.29389607882,23.116591933888
113.29418560268,23.117639746382
113.29422557728,23.117769455189
113.29437523497,23.118418246597
113.29441511974,23.118597893452
113.29442509093,23.118657803381
113.29444512314,23.118697687923
113.29444512314,23.118727684415
113.29446506553,23.118797565412
113.29455480625,23.119286814452
113.29457474863,23.119366666239
113.29479420466,23.120484835481
113.29500368951,23.121583053466
113.29503360308,23.121732783322
113.29512352346,23.122062072082
113.29524344725,23.122461072912
113.29525341844,23.122490985462
113.29526338963,23.122520898006
113.29539328461,23.122929785182
113.29555327282,23.12336841727
113.29555318299,23.123368666539
113.29555318299,23.123368666539
113.29558318639,23.123408383486
113.29596316962,23.124425066792
113.29616322226,23.12492326868
113.29634324268,23.125391639896
113.29645328511,23.125630602469
113.29652335294,23.125769941712
113.29661336315,23.125999099195
113.29719375834,23.127463603911
113.29738383979,23.128031753606
113.29741384319,23.128141428318
113.29748391102,23.128290735337
113.29755397885,23.128440042188
113.29768414332,23.128648755767
113.29773417894,23.128738239952
113.2977343586,23.128738323039
113.2977343586,23.128738323039
113.29781448745,23.128767486395
113.29783451966,23.128807284812
113.29785455187,23.128837112844
113.29785455187,23.128837112844
113.29785455187,23.128837112844
113.29799477736,23.128925682952
113.29851579456,23.1291903128
113.29878636418,23.129297410883
113.29878636418,23.129297410883
113.29878636418,23.129297410883
113.29890655746,23.129356152774
113.29902684056,23.129394870895
113.29916715589,23.129453363485
113.29938760006,23.129530882743
113.29942766448,23.129540437633
113.29952791538,23.129579321872
113.29960813406,23.129598431643
113.2996682307,23.129627760982
113.30019939875,23.129791606349
113.30040987173,23.129859155116
113.30074062782,23.129965172545
113.30123182127,23.130139153941
113.3012619145,23.130148791872
113.30165285706,23.130273835658
113.30165285706,23.130273752572
113.30165285706,23.130273752572
113.30173307574,23.130292696072
113.30179326221,23.130301918565
113.30179326221,23.13030200165
113.30179326221,23.13030200165
113.30335739177,23.130631186052
113.30630598977,23.131188271877
113.30633608301,23.131187856453
113.30636617624,23.131197411223
113.30666710859,23.131252745791
113.3071185071,23.131345717783
113.30732915975,23.131392411466
113.30751978018,23.131429384211
113.30806154823,23.131540717808
113.30813179572,23.131549607875
113.30817194998,23.13155899645
113.3083625704,23.131605939312
113.30875387228,23.131679552334
113.30895455374,23.1317262459
113.30918532842,23.131772440943
113.30961678456,23.131885269773
113.30981746601,23.131931963267
113.30993783895,23.131969932875
113.31002811865,23.13198846071
113.31015855261,23.132026264133
113.310479607,23.132130867395
113.31063007317,23.132188361766
113.3110414971,23.132331349827
113.31116187003,23.132379289426
113.31132239723,23.132436534437
113.31173382115,23.132579439146
113.31185419409,23.132627378656
113.31196459584,23.132675484317
113.31216527729,23.132752004684
113.31216518746,23.1327519216
113.31216518746,23.1327519216
113.31290781662,23.133089075962
113.31290781662,23.133089075962
113.31290781662,23.133089075962
113.31307840484,23.133156041463
113.31334933378,23.133271278542
113.31341958127,23.133300025483
113.3137607577,23.133474002504
113.31385103741,23.133492447046
113.31390125269,23.133521526273
113.31404174767,23.133579020041
113.31421233588,23.133656038388
113.31492487181,23.133963446662
113.31563740774,23.134280824185
113.31577790273,23.134338317624
113.31604883167,23.134453470593
113.31616929444,23.134501326342
113.31695207786,23.134807403333
113.31703238637,23.134835983776
113.3170324762,23.134836233024
113.3170324762,23.134836233024
113.31764467141,23.135015359148
113.31824680559,23.135144718633
113.31917008399,23.135238435638
113.31974212494,23.135278398277
113.31974212494,23.135278481359
113.31974212494,23.135278481359
113.31986258771,23.13525638144
113.31998305048,23.135224394708
113.32005329797,23.135223231554
113.32010351325,23.135232370621
113.32054512023,23.135254719792
113.3206053067,23.135253722803
113.32080598815,23.135250316424
113.3210769171,23.135215754135
113.32126762736,23.135182521156
113.32149840204,23.13514862351
113.3215385563,23.135118049154
113.32159874277,23.135067119574
113.32165892924,23.135036212869
113.32171911571,23.135025245972
113.32173914792,23.135015026818
113.32175918013,23.13501477757
113.32179933439,23.135004143001
113.32182942762,23.135003727589
113.32191970733,23.135002232102
113.32193973954,23.135001982855
113.32196983277,23.135011454267
113.32202004805,23.135020593349
113.32206020231,23.135029898595
113.32212038878,23.135058894403
113.32216054303,23.135088222534
113.32221075831,23.135117384494
113.32224085155,23.135156848675
113.32227094478,23.135196312844
113.32229097699,23.135216003382
113.32230103801,23.135245829973
113.32232107023,23.135275490393
113.32234110244,23.135315120691
113.32235116346,23.13534494726
113.32235116346,23.135394962829
113.32235116346,23.135454948253
113.32235116346,23.135494910826
113.32234119227,23.135535039552
113.32233122108,23.135565198401
113.3223112787,23.135615546215
113.32229133632,23.135655924151
113.32227139393,23.135686249136
113.32224139053,23.135726793215
113.32221138712,23.135747314496
113.32219144474,23.135767669609
113.32217150236,23.13578802472
113.32215155998,23.135798326897
113.32212155657,23.135818848167
113.32208149215,23.135849505443
113.32208041418,23.135848093048
113.32208041418,23.135848093048
113.32210044639,23.136037769209
113.32210044639,23.136287762474
113.32210044639,23.136287762474
113.32210044639,23.136287762474
113.3222510024,23.136285186939
113.32237137534,23.136283192977
113.32237137534,23.136283192977
113.32237137534,23.136283192977
113.32253199236,23.136580459206
113.32312406552,23.137680537854
113.32324452829,23.137928534083
113.32340514532,23.13820585729
113.32374641158,23.138700268794
113.32376644379,23.13872992844
113.32397718627,23.139096477925
113.32424820504,23.139572027015
113.32424811521,23.139572027015
113.32424811521,23.139572027015
113.32499056471,23.139520019109
113.32537180557,23.139503984718
113.32576310745,23.139487867246
113.32577316847,23.139607751284
113.32577316847,23.139607668204
113.32577316847,23.139607668204
113.32650546712,23.139546272303
113.32787969489,23.139485707172
113.32798003562,23.139474325245
113.32837115784,23.139458706247
113.32855171724,23.139446161201
113.32858181048,23.139445828881
113.32870218342,23.139434197711
113.32879246312,23.139433034594
113.32920361755,23.139407279855
113.32950446007,23.139393156287
113.32986548905,23.139368315419
113.33011620612,23.139355022645
113.33011602646,23.139354108767
113.33011602646,23.139354108767
113.33010605527,23.13922417183
113.33009608407,23.139144415079
113.33009608407,23.138974516423
113.33009608407,23.138884623745
113.33008611288,23.138724860546
113.33008611288,23.138634967699
113.33008611288,23.137994998655
113.3300058942,23.136896168838
113.33000544505,23.136895504187
113.33000544505,23.136895504187
113.33059706906,23.13685761907
113.33094803702,23.136833110053
113.33100822349,23.136832445402
113.3315395712,23.136795806489
113.33197066801,23.136770549727
113.33205088669,23.136769635831
113.33229145291,23.136746788427
113.33229145291,23.136746206857
113.33229145291,23.136746206857
113.33232154614,23.137525924225
113.33235163938,23.13799558022
113.33235163938,23.13799558022
113.33234310548,23.137995081736
