113.29262901889,23.113317819675
113.29262731211,23.113310673405
113.29262731211,23.113310673405
113.29260745956,23.113250844159
113.2925675748,23.113151211784
113.29254772225,23.113091382466
113.29246795272,23.112861953399
113.2920885983,23.111834295773
113.29184911005,23.111195693167
113.29173933712,23.110906347423
113.29166953878,23.110746799815
113.29160971163,23.110587168918
113.2915299421,23.110387650802
113.2913802844,23.109968503894
113.29125056909,23.109649240036
113.29099113846,23.108910575865
113.29087148416,23.10858125447
113.29087022654,23.108580257281
113.29087022654,23.108580257281
113.29074033156,23.108390791156
113.29066056203,23.108211213583
113.29063073829,23.108111411227
113.29057100097,23.107921778233
113.29037157715,23.107282741305
113.29011232618,23.10645390001
113.29005258886,23.106224210169
113.29003273631,23.106164377729
113.28990329049,23.10562497044
113.28989340913,23.105565137729
113.28987355657,23.105525332342
113.28985370402,23.105485526942
113.28969389547,23.105296139501
113.28965401071,23.105236389744
113.28964412935,23.105196501156
113.28964287172,23.105195337739
113.28964287172,23.105195337739
113.2895928361,23.105185448691
113.28953291912,23.105175725846
113.28948297334,23.105155947747
113.28943302755,23.105146141797
113.28937311057,23.105126363694
113.28932316479,23.105106585588
113.28926324781,23.105086807479
113.28926270883,23.105086391972
113.28926270883,23.105086391972
113.28920270202,23.105116557743
113.28906265619,23.105166917113
113.28902268159,23.105196999764
113.28896267479,23.105227165509
113.28857227121,23.105537963698
113.28837212874,23.105698348574
113.28832218296,23.105738403213
113.28823217275,23.105838539756
113.28794193024,23.106048950903
113.28780188441,23.106139115135
113.28741166049,23.106349525805
113.28706159084,23.106479744247
113.28698164165,23.10649977145
113.28646161259,23.106629906645
113.28645173123,23.106590018477
113.28644184987,23.106550130296
113.28644050241,23.106549797894
113.28644050241,23.106549797894
113.28704066032,23.106409690564
113.28738084861,23.10628952722
113.28747094866,23.106239500678
113.28776119117,23.106079282656
113.28788129461,23.105999256673
113.28791129802,23.105969340406
113.28821160155,23.105749040127
113.28821160155,23.105748541522
113.28821160155,23.105748541522
113.28813165236,23.105678653654
113.28811179981,23.105628793084
113.28810200828,23.105528905686
113.2880720947,23.105489017186
113.28793222854,23.105389295885
113.28773235556,23.105279685468
113.28770244199,23.105239796893
113.28769256063,23.105179880908
113.28770271148,23.105059965755
113.28769283012,23.105020077114
113.28765294535,23.104990243727
113.28747310459,23.104900494222
113.2873231774,23.104850716461
113.28730332485,23.104820799935
113.28729344349,23.104790883402
113.2870435349,23.104771105246
113.28664360928,23.104751327086
113.28664235166,23.104750163665
113.28664235166,23.104750163665
113.28664235166,23.10471019183
113.28665286183,23.104220390445
113.28623308366,23.104100474426
113.28520335606,23.104029920875
113.2852031764,23.104029588467
113.2852031764,23.104029588467
113.28519320521,23.104079615841
113.28519320521,23.104079615841
113.28520003233,23.104085516079
