113.26848256679,23.108007869319
113.26847735662,23.108009614408
113.26847735662,23.108009614408
113.26848732781,23.108009780607
113.2692164824,23.106760457214
113.26941626554,23.106413430085
113.26963599107,23.106056596167
113.26969590805,23.105937512813
113.26986568779,23.105659955943
113.27007553195,23.105282926414
113.27021539812,23.105044924415
113.2702353405,23.105015257236
113.2702753151,23.104965895025
113.27031528969,23.104896505354
113.27032526089,23.104876727213
113.27040503041,23.104897751875
113.27040512025,23.104897003962
113.27040512025,23.104897003962
113.27076408313,23.105001711715
113.27138229698,23.105199659003
113.27187088535,23.105345750893
113.27209025155,23.105418464373
113.2722597618,23.105460513522
113.27243924324,23.105512617883
113.27254892634,23.105533891747
113.27301766216,23.105669346349
113.27398522702,23.105940088937
113.27438425433,23.106044297263
113.27450399846,23.106085515207
113.27455385441,23.106106041073
113.27467359854,23.106147258998
113.27475336807,23.106168034157
113.27491299695,23.106229611708
113.27505268346,23.106280967862
113.27508259703,23.106291272331
113.27513245299,23.10632177023
113.27541173617,23.106444509659
113.27599033475,23.106699960213
113.27651907737,23.10693471834
113.27728739808,23.107311161478
113.27818552393,23.107738128144
113.27826538329,23.107778680765
113.27829529686,23.107788902018
113.27836518503,23.107829371523
113.27835521384,23.10786925932
113.27832530026,23.107929007892
113.27830535788,23.107958840619
113.27829547652,23.107988756438
113.27827553414,23.108028561087
113.27827517482,23.108028893485
113.27827517482,23.108028893485
113.27813503916,23.108337773832
113.27796498992,23.108696429797
113.27786500852,23.10889561806
113.27759497788,23.109473403601
113.27725487942,23.110200514003
113.27717493023,23.110369784733
113.276934903,23.110897622168
113.27640481291,23.11205275782
113.2762847993,23.112411569942
113.27622488232,23.112571032451
113.27620493994,23.112610835726
113.27617502636,23.112690525337
113.27617403823,23.112690608434
113.27617403823,23.112690608434
113.27615400602,23.112750437933
113.27611412125,23.112830044363
113.27584400078,23.113557385666
113.27567404138,23.113975690283
113.27543401415,23.114563258965
113.27542404296,23.114603144737
113.27517413437,23.115160630254
113.27505421058,23.115449385061
113.27494434782,23.115658202174
113.27473441382,23.116126024437
113.27469452905,23.116225571484
113.27461466969,23.116394751436
113.27454478153,23.116534017286
113.27452483914,23.116573819372
113.27421501357,23.117280449834
113.27417512881,23.117370024782
113.27393528124,23.117897335816
113.27390536766,23.117977022252
113.27388551511,23.118006769627
113.27387563375,23.118036683182
113.27351586239,23.118872598118
113.27313614866,23.119728200626
113.2731262673,23.119748059645
113.27310641474,23.119777806623
113.27309653338,23.119807719778
113.27307668083,23.119837466743
113.27305673845,23.119887238883
113.27286701633,23.12023497861
113.27261728739,23.120731949861
113.27251748565,23.12091076267
113.27229776012,23.12135804291
113.27223793298,23.121487332626
113.27226784655,23.121527714864
113.27227772791,23.12161778549
113.27225778553,23.121697552783
113.27219795838,23.121756796585
113.27219481431,23.121756713494
113.27219481431,23.121756713494
113.27305233675,23.122336769575
113.2735608675,23.1228324866
113.27377026252,23.123054752683
113.27385003204,23.123175648658
113.27386000324,23.123195756432
113.27387985579,23.123295962893
113.27389961851,23.123536175588
113.27392953208,23.123636464883
113.27400930161,23.12370734037
113.2741689305,23.123809042058
113.27424870003,23.123859892873
113.2745379544,23.124042939026
113.27511655298,23.124388756808
113.27534607004,23.124491039598
113.27543590059,23.124531919456
113.27559552948,23.124583434707
113.27601467883,23.124737398715
113.27627410946,23.124919778947
113.27625416708,23.125009598003
113.27625398742,23.125009431825
113.27625398742,23.125009431825
113.27614394499,23.125398370071
113.27598422627,23.125596868557
113.27591424828,23.12596619626
113.27579432449,23.126374989728
113.27572443632,23.126584288172
113.27566451934,23.126783698848
113.27564457696,23.12689345768
113.27554468539,23.127212430786
113.2755347142,23.127312301864
113.27553417521,23.127312468039
113.27553417521,23.127312468039
113.27549420062,23.127282141139
113.27549420062,23.127282141139
113.27551629893,23.127260621499
