113.28926037323,23.13331755613
113.28925201899,23.133312155694
113.28925201899,23.133312155694
113.28966227512,23.133311075607
113.28974231414,23.133310909439
113.2902826449,23.133299194647
113.29072299426,23.133287646021
113.29097317235,23.133256738902
113.29127347588,23.133195506227
113.29171391507,23.133103532537
113.29265497992,23.132838661247
113.29318569882,23.132675567401
113.29326582767,23.132635188557
113.29326582767,23.132634357717
113.29326582767,23.132634357717
113.29389670763,23.132390256542
113.29408696874,23.132309000163
113.29412703316,23.132408701235
113.29412703316,23.132408618151
113.29412703316,23.132408618151
113.29348609218,23.132662938628
113.29343614639,23.132683294215
113.29322594291,23.13274461021
113.29322576324,23.132744527126
113.29322576324,23.132744527126
113.29314563439,23.132775018945
113.29268516299,23.132917757121
113.29173421678,23.13318279442
113.29140399967,23.133254329475
113.29097371133,23.133336249944
113.29093373674,23.133346386145
113.2907336841,23.133367240128
113.29028345338,23.133418918114
113.28994326508,23.133420081284
113.28974321244,23.133420745952
113.28967323444,23.133420995203
113.28886287304,23.133443178512
113.28880295607,23.133443344679
113.28845288641,23.133444092431
113.28788282173,23.133455059459
113.28739279608,23.133475581091
113.28631276336,23.133475996509
113.28625284639,23.133466109569
113.2861029192,23.133466109569
113.28608297681,23.133466109569
113.28605306324,23.133456222628
113.28601317848,23.133456222628
113.28597329371,23.133456222628
113.28592334793,23.133456222628
113.28521359674,23.133395737798
113.28513373738,23.133385767769
113.28513140179,23.1333851031
113.28513140179,23.1333851031
113.28489146439,23.133344807556
113.28436173363,23.133264050264
113.28407194027,23.133223505432
113.2838620961,23.1331930968
113.28375223334,23.133172907459
113.28353241798,23.133152385779
113.28333263484,23.133121894047
113.28313285169,23.13310137236
113.28286309055,23.133080601418
113.28246343442,23.133049278831
113.2817441612,23.132996520612
113.28177416461,23.13287671368
113.28177335613,23.132875882841
113.28177335613,23.132875882841
113.28179356801,23.132066061572
113.28180362903,23.131926230436
113.28181369005,23.131606354736
113.28182366124,23.131526510317
113.28183363243,23.131496599805
113.28183372226,23.131286727518
113.28183381209,23.130996843992
113.28183399175,23.130426962206
113.28184405278,23.130157100433
113.28183417141,23.12998719026
113.28182437988,23.129767262198
113.28182420022,23.129766265167
113.28182420022,23.129766265167
113.28141457291,23.129774490666
113.28105498122,23.129772828949
113.28105489138,23.129772745863
113.28073545395,23.130093872272
