113.27812138491,23.101417917274
113.27812210356,23.101419080724
113.27812210356,23.101419080724
113.27847136474,23.101591603687
113.27844145117,23.101661410602
113.27844145117,23.101661410602
113.27844145117,23.101661410602
113.27750335072,23.101204340847
113.27740363881,23.101153647559
113.27719415397,23.101042039154
113.2768549538,23.100869266165
113.27594712626,23.100421335149
113.2756379295,23.100278562014
113.27513928011,23.100033819583
113.27484014438,23.099900935473
113.27443132554,23.099706803101
113.27432173227,23.099645721153
113.27413227964,23.099563779884
113.27394291683,23.099471865986
113.27359392514,23.099308149391
113.27352421664,23.099267427974
113.27356419123,23.099208007923
113.27356302343,23.099206761348
113.27356302343,23.099206761348
113.27367297603,23.098988028848
113.27373289301,23.098888801296
113.27379280998,23.098789573669
113.273872849,23.098580563811
113.27429262717,23.097845328508
113.27477250197,23.096920606643
113.27515239537,23.096224671698
113.27566209392,23.095409889634
113.27602186528,23.094843428656
113.27609184327,23.094734141966
113.27614178906,23.094644717961
113.27633169085,23.094306551733
113.27642161123,23.094157455806
113.27648161804,23.094048085443
113.27658159944,23.093899072334
113.27688154365,23.093331856937
113.27719145905,23.092764639117
113.27731147267,23.09254572979
113.27731147267,23.092544316934
113.27731147267,23.092544316934
113.27697209284,23.092471430187
113.27511583434,23.092224429418
113.27479657656,23.092181295657
113.27470683584,23.092160435201
113.27426792377,23.092055966652
113.27417827288,23.092025133039
113.2740786508,23.09198416006
113.27391911174,23.091922492794
113.27381948966,23.091871463525
113.27359015226,23.091759016224
113.27358934379,23.091758268237
113.27358934379,23.091758268237
113.27256213144,23.091246561167
113.27242262459,23.091165030266
113.27236288727,23.091124389462
113.27178464802,23.090767431354
113.27175482427,23.090747152448
113.27093736626,23.090286886934
113.27079785941,23.090205189223
113.2707381221,23.090204524338
113.27073749328,23.090203859453
113.27073749328,23.090203859453
113.27055801184,23.090221562014
113.27055801184,23.090221562014
113.27055801184,23.090221562014
113.27052800844,23.090271095926
113.27036837955,23.090488928565
113.27015889471,23.090756045248
113.27011900994,23.090815469079
113.2700492116,23.090904480111
113.2699095251,23.091092558313
113.26988967254,23.091092392093
113.2698598488,23.091072030126
113.26980011148,23.091041279395
113.26979948267,23.091041196285
113.26979948267,23.091041196285
113.26971971314,23.090980110352
113.26956035374,23.090858021512
113.26948067405,23.090816965063
113.26869321944,23.090475963336
113.26843414813,23.0903923542
113.26792588687,23.090235025931
113.26715846447,23.090013702225
113.2665107862,23.089743924501
113.26651015739,23.089743425836
113.26650629467,23.089741348063
