113.28996105153,23.091810793522
113.28995539221,23.091816860524
113.28995539221,23.091816860524
113.29022551267,23.091875951442
113.29136627084,23.09212137378
113.29186662701,23.09228900537
113.29223690854,23.092427049867
113.29223690854,23.092497027818
113.29223690854,23.092497027818
113.29223690854,23.092497027818
113.29210611526,23.093317562246
113.292065961,23.093527743905
113.29203586777,23.093717896104
113.29202589657,23.093817958603
113.29198574232,23.094068114521
113.29192546602,23.094428388079
113.29191549483,23.094518393985
113.29191495584,23.094518310878
113.29191495584,23.094518310878
113.29184470835,23.094688682001
113.29166423878,23.095139458007
113.29147379801,23.095530312145
113.29147361835,23.095530312145
113.29147361835,23.095530312145
113.29041316869,23.095014796654
113.29009310244,23.094896035829
113.28971293955,23.094857307644
113.2892829207,23.094738629786
113.28923297491,23.094718850133
113.2890429833,23.094659428048
113.28888299509,23.094629924765
113.28833287279,23.094641061216
113.28817288458,23.09464131054
113.28779290135,23.094631919353
113.28759293855,23.094642141618
113.28662285843,23.094662752361
113.28637294983,23.0946727253
113.28579309363,23.09469250496
113.28550321044,23.094712284617
113.28485346606,23.094711619755
113.2843937133,23.094710954893
113.28429382173,23.094710871785
113.28429238444,23.094709957599
113.28429238444,23.094709957599
113.2839117724,23.09560901472
113.28376166555,23.095958563295
113.28365162312,23.09620821654
113.28358155529,23.096378003749
113.28349154508,23.096577709131
113.28337144163,23.096877308194
113.28331143483,23.097017093157
113.28331080601,23.097017176263
113.28331080601,23.097017176263
113.28323067716,23.097216880684
113.28315063814,23.097436613374
113.28293037363,23.097975804608
113.28288042784,23.098095643053
113.28267013452,23.098614803222
113.28212953427,23.099722592988
113.28205955627,23.099882320052
113.28160905605,23.100840179782
113.28158911367,23.100880069678
113.28154913908,23.100969905004
113.28141906444,23.101239244411
113.28098868627,23.102156955543
113.28083857942,23.102476154315
113.2807585404,23.102665711984
113.28070859461,23.102755463
113.28056845895,23.10308463264
113.28039831989,23.103473635145
113.28016817402,23.103982220337
113.28001806717,23.10432127605
113.27992805695,23.104520720182
113.27992805695,23.104550719878
113.27992652983,23.104550636776
113.27992652983,23.104550636776
113.27980642639,23.104769858723
113.27977651281,23.104839663968
113.27969656362,23.105009107736
113.27896597175,23.10658403525
113.27853577324,23.107490823368
113.27841575963,23.107729901279
113.27836581384,23.107829537722
113.27835584265,23.107869425519
113.27832592908,23.107929174091
113.27830598669,23.107959006818
113.27829610533,23.107988922637
113.27827616295,23.108028727286
113.27813611712,23.108337607633
113.27796606789,23.108696263599
113.27786608649,23.108895451863
113.27759605585,23.109473237403
113.27725595738,23.110200347807
113.27717600819,23.110369618537
113.27693598096,23.110897455973
113.27640589088,23.112052591626
113.27628587726,23.112411403748
113.27622596029,23.112570866258
113.2762060179,23.112610669533
113.27617610433,23.112690359144
113.27617403823,23.112690608434
113.27617403823,23.112690608434
113.27615400602,23.112750437933
113.27611412125,23.112830044363
113.27584400078,23.113557385666
113.27567404138,23.113975690283
113.27543401415,23.114563258965
113.27542404296,23.114603144737
113.27517413437,23.115160630254
113.27505421058,23.115449385061
113.27494434782,23.115658202174
113.27473441382,23.116126024437
113.27469452905,23.116225571484
113.27461466969,23.116394751436
113.27454478153,23.116534017286
113.27452483914,23.116573819372
113.27421501357,23.117280449834
113.27417512881,23.117370024782
113.27393528124,23.117897335816
113.27390536766,23.117977022252
113.27388551511,23.118006769627
113.27387563375,23.118036683182
113.27351586239,23.118872598118
113.27313614866,23.119728200626
113.2731262673,23.119748059645
113.27310641474,23.119777806623
113.27309653338,23.119807719778
113.27307668083,23.119837466743
113.27305673845,23.119887238883
113.27286701633,23.12023497861
113.27261728739,23.120731949861
113.27251748565,23.12091076267
113.27229776012,23.12135804291
113.27223793298,23.121487332626
113.27226784655,23.121527714864
113.27227772791,23.12161778549
113.27225778553,23.121697552783
113.27219795838,23.121756796585
113.27211818885,23.121775824392
113.27206842273,23.121775325847
113.2720186566,23.121774827302
113.27201524304,23.121774578029
113.27201524304,23.121774578029
113.2719454447,23.121823684716
113.27185570398,23.121892566993
113.27160615471,23.122249441426
113.27129668846,23.122715495555
113.27111711719,23.122943162692
113.27086765775,23.123209881725
113.27070793903,23.123507758889
113.27066796444,23.123707174191
113.27072761192,23.124087890404
113.27083702553,23.124629216792
113.2709166154,23.125040174689
113.27093646795,23.125160404145
113.27098623408,23.125401028906
113.2709662917,23.125560725071
113.27093637812,23.125680289347
113.27088652217,23.125879618294
113.27085651876,23.126239223907
113.27073668481,23.126637630557
113.27073560684,23.126637796733
113.27073560684,23.126637796733
113.27016715912,23.126560275783
113.27005756584,23.126538922201
113.26971863517,23.126484416546
113.26964892667,23.12647353203
113.2694196791,23.126440463036
113.26938985536,23.126430160132
113.2691506366,23.126396924951
113.26899118737,23.126374740464
113.26872205504,23.126331036181
113.26864237534,23.126319985477
113.2683931854,23.126296471568
113.26836336165,23.126296139216
113.26832356672,23.126285670124
113.26810429034,23.126272542215
113.26767570878,23.126196350461
113.26715738651,23.12614865789
113.26676868971,23.126112846907
113.26665909644,23.126111268232
113.26623051488,23.126084763113
113.26621066233,23.126084513848
113.26584190792,23.126088751344
113.26556289423,23.12608443076
113.26533373649,23.126110769703
113.26484541762,23.126162949045
113.26420753087,23.126292566431
113.26403820028,23.126319819301
113.26387884089,23.1263572089
113.2637095103,23.126394432312
113.2636298306,23.12640307346
113.26351035597,23.126431074099
113.26340076269,23.126459240908
113.26322146092,23.126496215028
113.26288270991,23.126570495589
113.26232468252,23.126691056009
113.26192610437,23.126774226848
113.26126845491,23.126912900188
113.26084005301,23.126995489275
113.26020234593,23.127124358059
113.26001307296,23.127171053229
113.25989359832,23.127188917035
113.25987374577,23.127198555181
113.25981400846,23.127207528626
113.2598041271,23.127217332946
113.25980044404,23.127215338847
113.25980044404,23.127215338847
113.25964099481,23.127242591527
113.25944175065,23.127279066905
113.25927242006,23.127316040797
113.2590731759,23.127372540207
113.25895370127,23.127400457554
113.25890393514,23.127419567639
113.25851541801,23.127512708493
113.25803716016,23.127674230033
113.25763867183,23.127807086337
113.25755908197,23.127835668289
113.25717056483,23.127958720168
113.25697132067,23.128015136217
113.25691158335,23.12803408004
113.2566226883,23.128108941348
113.25648327129,23.12814641353
113.25630396951,23.128193191427
113.25620443726,23.128221440948
113.2559255134,23.128296468324
113.25581600995,23.128324468563
113.25458048056,23.128662465048
113.25431152789,23.128737658347
113.25373364795,23.128887380127
113.25361417332,23.12892526752
113.25361210722,23.12892526752
113.25361210722,23.12892526752
113.25331315114,23.129039926672
113.25319367651,23.129077814022
113.25302434592,23.129144864634
113.25254608807,23.129326491031
113.25200800307,23.129527143873
113.2517390504,23.129622443482
113.25121093659,23.129823345134
113.25103163481,23.129890229199
113.25061311427,23.130073100859
113.25005508689,23.130223651987
113.25001529196,23.130232957569
113.24962668499,23.130266441045
113.24942744083,23.130253230444
113.24915848816,23.130228886377
113.24852078108,23.130118465621
113.24851943362,23.130118133278
113.24851943362,23.130118133278
113.24857926077,23.130219165366
113.24844954545,23.130916999206
113.24845942681,23.131127121333
113.248469398,23.131167251381
113.24852913532,23.131428221024
113.24858887264,23.131539222283
113.24839959967,23.131536231232
113.24839950984,23.131536148148
113.24839950984,23.131536148148
113.2479410147,23.131518700351
113.24786133501,23.131517537164
113.24731318898,23.131508896349
113.24674510058,23.131500089365
113.24618698337,23.131491531634
113.24615715962,23.13149111621
113.24597776801,23.131488457497
113.24585820355,23.131486712717
113.2456090136,23.131492944075
113.24501092179,23.131464113657
113.24501020315,23.131463532063
113.24501020315,23.131463532063
113.24505008791,23.1317240857
113.24505008791,23.131774102634
113.2450300557,23.132643746214
113.24502008451,23.133103615621
113.24501011332,23.133463450896
113.24500023196,23.133593310396
113.24499987263,23.133593310396
113.24500086077,23.133591731811
