113.29959986965,23.125540700745
113.29959986965,23.125538872798
113.29959986965,23.125538872798
113.29956995608,23.125449303365
113.2995400425,23.125409753207
113.29953986284,23.125409503942
113.29953986284,23.125409503942
113.29922904913,23.125493007938
113.2989384473,23.125566208911
113.29681395477,23.125957471995
113.29661363264,23.125999265371
113.29661345298,23.125999182283
113.29661345298,23.125999182283
113.29719384817,23.127463686999
113.29738392962,23.128031836693
113.29741393302,23.128141511405
113.29748400085,23.128290818424
113.29755406868,23.128440125274
113.29768423315,23.128648838854
113.29773426877,23.128738323039
113.2977343586,23.128738323039
113.2977343586,23.128738323039
113.29781448745,23.128767486395
113.29783451966,23.128807284812
113.29785455187,23.128837112844
113.29785455187,23.128837112844
113.29785455187,23.128837112844
113.29799477736,23.128925682952
113.29851579456,23.1291903128
113.29878636418,23.129297410883
113.29878636418,23.129297410883
113.29878636418,23.129297410883
113.29898677614,23.129415226984
113.29898677614,23.129445221052
113.29898677614,23.129465244789
113.29898668631,23.129465244789
113.29898668631,23.129465244789
113.29892658967,23.129515927263
113.29873623873,23.129647950863
113.29860607426,23.129569434641
113.29835571652,23.129442146868
113.2983553572,23.129441980696
113.2983553572,23.129441980696
113.29766411111,23.12907897723
113.29758407209,23.129039843585
113.29739381098,23.129041671484
113.29708326676,23.129134645026
113.2968528514,23.129196793524
113.29685249208,23.129196710438
113.29685249208,23.129196710438
113.29694259212,23.129355903516
113.29704275319,23.129514930231
113.2972230431,23.129803238366
113.29734323638,23.130002062602
113.29734323638,23.130052080186
113.29718297868,23.130153610837
113.29713294306,23.130204043792
113.29744330761,23.13115104981
113.29744294829,23.131150966725
113.29744294829,23.131150966725
113.29786380442,23.131036890994
113.29794393327,23.131006149521
113.29831475379,23.130902459308
113.29864550988,23.130819041802
113.2989061083,23.13074634224
113.29918673895,23.130673393382
113.29978815448,23.130526747778
113.29987834436,23.130515780508
113.30058001079,23.130417656637
113.30063013624,23.130407104785
113.30114145173,23.130340968751
113.30116148395,23.130330832321
113.30138201795,23.130298179717
113.30145217561,23.130297348861
113.30157245872,23.130275912796
113.3016526774,23.130274998855
113.30167270961,23.130304743472
113.30165276723,23.130355010198
113.30165276723,23.130385004054
113.30157263838,23.130386001079
113.30157263838,23.130384754797
113.30157263838,23.130384754797
113.30116157378,23.130439923534
113.30107147373,23.130461027231
113.30092118722,23.130472908445
113.29990879691,23.130624871569
113.29980863585,23.130636005
113.29922734235,23.130772514087
113.29922680337,23.130772514087
113.29922680337,23.130772514087
113.29946727976,23.131179880296
113.29968772393,23.131577358173
113.29973784938,23.131656787138
113.29978788499,23.131816226516
113.29978788499,23.132016210916
113.29970766631,23.132517126065
113.29966760188,23.132707554748
113.29966733239,23.132707471664
113.29966733239,23.132707471664
113.30016849704,23.132921745147
113.30016849704,23.132921745147
113.30016580212,23.132918754127
