113.33455293703,23.154626793081
113.33485584565,23.154379492665
113.33485584565,23.154379492665
113.3349359745,23.154378745031
113.33493606433,23.15437866196
113.33493606433,23.15437866196
113.33491576263,23.154098880481
113.33487533888,23.15359929296
113.33486518803,23.153339446894
113.33485521683,23.153309624375
113.33484524564,23.153249813174
113.33484515581,23.152999851906
113.33484497615,23.152669892341
113.33485440836,23.151969763935
113.33486402023,23.151409691776
113.33482368631,23.151000144779
113.33481371512,23.150910343331
113.33482368631,23.150790303373
113.33488360329,23.150489746101
113.33488360329,23.150429850554
113.33488360329,23.150309893234
113.33489312533,23.149639741855
113.33490255754,23.148769628263
113.33492232026,23.148269439126
113.33491189991,23.147529494681
113.33484174225,23.147390261381
113.33479170664,23.147320810826
113.33472163881,23.147281599492
113.33455132008,23.147203426013
113.33455006245,23.14720151529
113.33455006245,23.14720151529
113.33227474443,23.147147184279
113.33217458336,23.147158399398
113.33161323225,23.147105397569
113.33086135054,23.147085044196
113.33049044019,23.147070007621
113.33042037236,23.147070921446
113.33034024351,23.147072001421
113.32963839742,23.147051564969
113.3295883618,23.147052229569
113.32952826516,23.147043174392
113.32940798205,23.147044835892
113.32897679541,23.147030962363
113.32860579523,23.147016341157
113.32852566638,23.147017504207
113.32826497812,23.147011356654
113.32819482046,23.147002467624
113.32760310662,23.146991252492
113.32727217087,23.146976298982
113.32689110968,23.14696217622
113.32677082657,23.146964003872
113.32669069772,23.146955280989
113.32565746672,23.146931438439
113.3255471548,23.14692329708
113.32496532233,23.146912663467
113.32494537994,23.146912995767
113.3243936407,23.146891977764
113.32332007578,23.146869713631
113.3228384942,23.146857833887
113.32272818228,23.146849775598
113.32235700245,23.146856006234
113.3217549581,23.146826348405
113.32175235301,23.146824354602
113.32175235301,23.146824354602
113.32150145628,23.146738621009
113.3214815139,23.146729067359
113.32144144947,23.146709876982
113.32144117998,23.146709710832
113.32144117998,23.146709710832
113.32135081045,23.14662123568
113.32134083926,23.14660146376
113.32125055955,23.146433070021
113.32125037989,23.146432903871
113.32125037989,23.146432903871
113.3212704121,23.146272568242
113.32129044432,23.146122284567
113.32140030708,23.145080346296
113.32146022406,23.14452938344
113.32150019865,23.144048701369
113.32153020206,23.143768233458
113.32155023427,23.14362799928
113.32155023427,23.143548079025
113.32155005461,23.143547497484
113.32155005461,23.143547497484
113.32150990035,23.143368133658
113.32157987835,23.142707002645
113.32157987835,23.142706919567
113.32157987835,23.142706919567
113.32168992078,23.141754928314
113.32177993099,23.140573382928
113.32180993439,23.140252946536
113.32181990558,23.140122844321
113.32178990218,23.140103403749
113.3217699598,23.140083797016
113.32175001742,23.140054220751
113.3217299852,23.140014674949
113.32172001401,23.13998493251
113.32171004282,23.139935167912
113.32171004282,23.139885237136
113.32173007503,23.139844943568
113.32175010725,23.139804649987
113.32178020048,23.139774242865
113.32183032593,23.139733450785
113.32182987677,23.13973245383
113.32182987677,23.13973245383
113.32182987677,23.139612403746
113.32181990558,23.139272607416
113.32181981575,23.139272607416
113.32181981575,23.139272607416
113.32180948524,23.137432707323
113.32180948524,23.137142754153
113.32180948524,23.137012815048
113.32176942081,23.135883569074
113.32175944962,23.135723802258
113.32172944622,23.135704361041
113.32168938179,23.135695138925
113.32164931737,23.13566589401
113.32162937499,23.13564628662
113.3216094326,23.135616709365
113.3215794292,23.135587298269
113.32155948682,23.135547751134
113.32154951563,23.135518007693
113.32153954443,23.135478294373
113.32153954443,23.135438414877
113.32153846647,23.135437334807
113.32153846647,23.135437334807
113.32137793927,23.135460099354
113.32129772059,23.135471481627
113.32108706795,23.135505129944
113.32083626105,23.135539442911
113.32051520666,23.13554500942
113.32011384376,23.135502055901
113.31974257409,23.135468656829
113.31915059076,23.135409086823
113.31882953637,23.135364803942
113.31825758525,23.135254969039
113.31760532562,23.135116553669
113.31715374744,23.134974648686
113.31691300157,23.134909013426
113.31682281169,23.134870712329
113.31612033679,23.134593299063
113.31587959091,23.134507640641
113.31557856873,23.134383099346
113.31486612263,23.134085828189
113.31452503603,23.133941928106
113.31440466309,23.133884102162
113.31391302049,23.133682874328
113.31385292385,23.133654044386
113.31367236444,23.133577275289
113.3135519915,23.133509479166
113.31341158635,23.133451985368
113.31329121341,23.133384189181
113.31316086928,23.133306589091
113.31298030988,23.13321984975
113.31279975047,23.133153050449
113.31197699245,23.132807421687
113.31168612113,23.132692516541
113.31110419882,23.132472592965
113.31098391571,23.132434706585
113.3106227969,23.132310911101
113.31013124412,23.132129288792
113.31000089999,23.13210153861
113.30992068131,23.132072957578
113.30979033718,23.132035237252
113.30959980658,23.13198846071
113.30915846909,23.131905874733
113.30915496569,23.131902883691
113.30915496569,23.131902883691
113.30894431305,23.131856356356
113.30816188895,23.131699160311
113.30812182453,23.131689854831
113.30810188215,23.131680300096
113.30801169227,23.131661855302
113.3079215024,23.131643410506
113.307891499,23.131633938853
113.30730975635,23.131493276414
113.30662767297,23.131363996451
113.30634686267,23.131308412675
113.30630679825,23.131299107167
113.30627679484,23.131299605677
113.30607629305,23.13126271598
113.30603622863,23.13125341047
113.30603506083,23.131252413451
113.30603506083,23.131252413451
113.30594478113,23.13125374281
113.30537318933,23.131132438773
113.3047715043,23.13101138388
113.30450084485,23.130955384531
113.30402959378,23.130872216314
113.3033477799,23.130741772552
113.30224493022,23.130506641116
113.30165348587,23.13038433937
113.30157335702,23.130385336396
113.30138300609,23.130297847374
113.30138219761,23.13029718269
113.30138219761,23.13029718269
113.30126182467,23.130258631004
113.30122185008,23.130249242338
113.30115178225,23.130220162393
113.30059052097,23.130027071396
113.30053051416,23.130007878601
113.29983899858,23.129776069297
113.29962861543,23.129708520489
113.29954848657,23.129679523511
113.29939828989,23.129631333677
113.2993583153,23.129611891567
113.29922815083,23.129573422768
113.29898776427,23.129466158735
113.29898668631,23.129465244789
113.29898668631,23.129465244789
113.29890655746,23.129426111258
113.29872626754,23.129348176508
113.29847581996,23.129250882634
113.29838571992,23.129201944869
113.29832571311,23.129162645088
113.29816545541,23.129084377838
113.29784494001,23.12891770666
113.29764470771,23.128809777405
113.29756466869,23.128680660999
113.2975447263,23.128640945631
113.29752478392,23.128611200641
113.29752397545,23.128610369775
113.29752397545,23.128610369775
113.2974438466,23.128481170089
113.29725376515,23.128093154838
113.29705371251,23.127545195608
113.29704383115,23.127505396813
113.29648355801,23.126050780052
113.29639363762,23.125831676345
113.29627371384,23.125502895473
113.29624380026,23.125443237901
113.2962039155,23.125333644046
113.29597394929,23.124785756505
113.2958540255,23.124446919249
113.29571406951,23.124118218034
113.29545409989,23.123520471624
113.29545418972,23.123440539248
113.29529429134,23.122991936587
113.29514445398,23.122523307627
113.29514301669,23.122522061271
113.29514301669,23.122522061271
113.2951330455,23.122482177879
113.29500324036,23.122093314173
113.29492347083,23.121774079484
113.29488358606,23.121604490936
113.29467419105,23.12050635622
113.29466430969,23.120446530218
113.29445491467,23.119398324426
113.29444503331,23.119318472658
113.29434541123,23.118809364577
113.29433552987,23.11874953781
113.2943056163,23.118679822973
113.29429573494,23.118599970773
113.29425594,23.118430378168
113.29411634333,23.117801529224
113.29407645856,23.117661932331
113.29378702453,23.116624174395
113.29341755147,23.115556826617
113.29297828008,23.114249905944
113.29296839872,23.114210020065
113.29294854616,23.11417021727
113.29275891387,23.113651533404
113.29267914434,23.113442131461
113.29263925958,23.113322473059
113.2926372833,23.113320644944
113.2926372833,23.113320644944
113.2926072799,23.113250844159
113.29256739514,23.113151211784
113.29254754258,23.113091382466
113.29246777305,23.112861953399
113.29208841864,23.111834295773
113.29184893039,23.111195693167
113.29173915746,23.110906347423
113.29166935912,23.110746799815
113.29160953197,23.110587168918
113.29152976244,23.110387650802
113.29138010474,23.109968503894
113.29125038943,23.109649240036
113.2909909588,23.108910575865
113.2908713045,23.10858125447
113.29087022654,23.108580257281
113.29087022654,23.108580257281
113.29070062646,23.1081010238
113.29033151272,23.107062692507
113.2901320889,23.106433623499
113.2900524092,23.106164045326
113.28996284814,23.105794496307
113.28991317185,23.105564805325
113.28989331929,23.105484945235
113.28988352776,23.105395112963
113.28983385147,23.105155366038
113.28982397011,23.105105505271
113.2897942362,23.10493572922
113.28977447348,23.104745925488
113.2897348582,23.104406206046
113.28972506667,23.104276317977
113.28971554463,23.103906514397
113.2897157243,23.10372659835
113.2897263243,23.103186765645
113.28972497684,23.103185519108
113.28972497684,23.103185519108
113.28973548702,23.102685573556
113.28973557685,23.102615684077
113.28974590736,23.102285765346
113.2897963023,23.101885789725
113.28981642434,23.101735871272
113.28989682269,23.10141575658
113.2899771312,23.101185642505
113.29003731767,23.101025584593
113.29012759737,23.100775441779
113.29013765839,23.100735468747
113.29017781265,23.10063541146
113.29021796691,23.100505353494
113.29021796691,23.100504439348
113.29021796691,23.100504439348
113.29023799912,23.100444355017
113.29032827882,23.100194128004
113.29033833984,23.100164210428
113.29035837206,23.100104209048
113.29036843308,23.100084263985
113.29038855512,23.100014290032
113.29041864836,23.099944316041
113.29042870938,23.099924370954
113.2906895773,23.099273577739
113.29068948747,23.0992729129
113.29068948747,23.0992729129
113.29072973155,23.099082768653
113.29083016211,23.098692506706
113.29087031637,23.098542418438
113.29120134195,23.097761225375
113.29136177931,23.097420657003
113.29142187595,23.097330486851
113.29143193697,23.097300568631
113.29155230991,23.097030140854
113.29161249638,23.096899996251
113.29165265064,23.096809908852
113.29165265064,23.096809244
113.29165265064,23.096809244
113.29127239791,23.096681010632
113.29100236728,23.09659225279
113.29100227745,23.096592169684
113.29100227745,23.096592169684
113.29111258936,23.096351742012
113.29136330643,23.095830827748
113.29147370818,23.095530478359
113.29147361835,23.095530312145
113.29147361835,23.095530312145
113.29041316869,23.095014796654
113.29009310244,23.094896035829
113.28971293955,23.094857307644
113.2892829207,23.094738629786
113.28923297491,23.094718850133
113.2890429833,23.094659428048
113.28888299509,23.094629924765
113.28833287279,23.094641061216
113.28817288458,23.09464131054
113.28779290135,23.094631919353
113.28759293855,23.094642141618
113.28662285843,23.094662752361
113.28662196012,23.094662170606
113.28662196012,23.094662170606
113.28666175505,23.094932104559
113.28666175505,23.094932104559
113.28643969393,23.095052028857
