113.2818044375,23.085436133356
113.28181018666,23.085443364239
113.28181018666,23.085443364239
113.28181018666,23.085443364239
113.28181018666,23.085443364239
113.28181018666,23.085443364239
113.28141035088,23.08586159119
113.28097063033,23.086389442922
113.28085079637,23.086538796904
113.28057097421,23.086957269746
113.28055103182,23.086987190296
113.27999129766,23.087853885967
113.27987146371,23.088033158619
113.27971156533,23.088282161863
113.27967168056,23.088341919247
113.2795618178,23.08855119455
113.27898196159,23.089647266483
113.2788320344,23.089936159885
113.27864213262,23.09028480917
113.27856218343,23.090454188397
113.27850226645,23.090563727939
113.27840237488,23.0907629434
113.27840102742,23.09076302651
113.27840102742,23.09076302651
113.27848052746,23.091333494162
113.27852023256,23.091663772537
113.27856990885,23.091984076951
113.27866926144,23.092654685844
113.27879870727,23.093125497972
113.27879870727,23.093125497972
113.27879870727,23.093125497972
113.27884856322,23.093165805729
113.27895833616,23.093276506557
113.27899822092,23.093306758119
113.2790181633,23.093316897377
113.27932753972,23.093578938755
113.27944728384,23.093689722347
113.28010601128,23.094233665952
113.28027570119,23.094334642251
113.28063502339,23.094666575321
113.28079474211,23.094797386974
113.28197277995,23.095752707054
113.28228233603,23.095993883773
113.28248202935,23.096164585431
113.2828515024,23.096455791649
113.28299127874,23.096596241908
113.28331089584,23.096827195
113.28337081282,23.0968773913
113.28331080601,23.097017176263
113.28331080601,23.097017176263
113.28331080601,23.097017176263
113.28323067716,23.097216880684
113.28315063814,23.097436613374
113.28293037363,23.097975804608
113.28288042784,23.098095643053
113.28267013452,23.098614803222
113.28212953427,23.099722592988
113.28205955627,23.099882320052
113.28160905605,23.100840179782
113.28158911367,23.100880069678
113.28154913908,23.100969905004
113.28141906444,23.101239244411
113.28098868627,23.102156955543
113.28083857942,23.102476154315
113.2807585404,23.102665711984
113.28070859461,23.102755463
113.28056845895,23.10308463264
113.28039831989,23.103473635145
113.28016817402,23.103982220337
113.28001806717,23.10432127605
113.27992805695,23.104520720182
113.27992805695,23.104550719878
113.27992652983,23.104550636776
113.27992652983,23.104550636776
113.27980642639,23.104769858723
113.27977651281,23.104839663968
113.27969656362,23.105009107736
113.27896597175,23.10658403525
113.27853577324,23.107490823368
113.27841575963,23.107729901279
113.27836581384,23.107829537722
113.27835584265,23.107869425519
113.27832592908,23.107929174091
113.27830598669,23.107959006818
113.27829610533,23.107988922637
113.27827616295,23.108028727286
113.27813611712,23.108337607633
113.27796606789,23.108696263599
113.27786608649,23.108895451863
113.27759605585,23.109473237403
113.27725595738,23.110200347807
113.27717600819,23.110369618537
113.27693598096,23.110897455973
113.27640589088,23.112052591626
113.27628587726,23.112411403748
113.27622596029,23.112570866258
113.2762060179,23.112610669533
113.27617610433,23.112690359144
113.27617403823,23.112690608434
113.27617403823,23.112690608434
113.27615400602,23.112750437933
113.27611412125,23.112830044363
113.27584400078,23.113557385666
113.27567404138,23.113975690283
113.27543401415,23.114563258965
113.27542404296,23.114603144737
113.27517413437,23.115160630254
113.27505421058,23.115449385061
113.27494434782,23.115658202174
113.27473441382,23.116126024437
113.27469452905,23.116225571484
113.27461466969,23.116394751436
113.27454478153,23.116534017286
113.27452483914,23.116573819372
113.27421501357,23.117280449834
113.27417512881,23.117370024782
113.27393528124,23.117897335816
113.27390536766,23.117977022252
113.27388551511,23.118006769627
113.27387563375,23.118036683182
113.27351586239,23.118872598118
113.27313614866,23.119728200626
113.2731262673,23.119748059645
113.27310641474,23.119777806623
113.27309653338,23.119807719778
113.27307668083,23.119837466743
113.27305673845,23.119887238883
113.27286701633,23.12023497861
113.27261728739,23.120731949861
113.27251748565,23.12091076267
113.27229776012,23.12135804291
113.27223793298,23.121487332626
113.27226784655,23.121527714864
113.27227772791,23.12161778549
113.27225778553,23.121697552783
113.27219795838,23.121756796585
113.27219481431,23.121756713494
113.27219481431,23.121756713494
113.27305233675,23.122336769575
113.2735608675,23.1228324866
113.27377026252,23.123054752683
113.27385003204,23.123175648658
113.27386000324,23.123195756432
113.27387985579,23.123295962893
113.27389961851,23.123536175588
113.27392953208,23.123636464883
113.27400930161,23.12370734037
113.2741689305,23.123809042058
113.27424870003,23.123859892873
113.2745379544,23.124042939026
113.27511655298,23.124388756808
113.27534607004,23.124491039598
113.27543590059,23.124531919456
113.27559552948,23.124583434707
113.27601467883,23.124737398715
113.27627410946,23.124919778947
113.27627401963,23.124919612769
113.27627401963,23.124919612769
113.27784075427,23.125872721966
113.27790067125,23.125913185957
113.2782101375,23.126025521243
113.278419802,23.126057094753
113.27874930046,23.126099469716
113.27975791789,23.126216042336
113.27990775525,23.126236980529
113.28009747737,23.126278109113
113.28014742316,23.126278358377
113.28018739775,23.126288578205
113.28056693183,23.12638063971
113.28081666076,23.126441958619
113.28090658115,23.126452427698
113.28112630667,23.126483502579
113.28126617284,23.126504191466
113.2813760356,23.126514743628
113.28173571713,23.126546317022
113.28189552568,23.126576976442
113.28209530883,23.126617772569
113.28220517159,23.126668206868
113.28225511738,23.126698367733
113.28231503435,23.126728611679
113.28252487852,23.126779378287
113.28257482431,23.126789514988
113.283424262,23.126802227408
113.28346423659,23.126802310496
113.28357418919,23.126822583895
113.28362413497,23.126832720593
113.28378403335,23.126893125329
113.2840837979,23.127003798034
113.2841537759,23.127023905227
113.28413383352,23.127063870341
113.28413383352,23.127063870341
113.28413383352,23.127063870341
113.28410374028,23.1271838487
113.28407373688,23.127443746047
113.28406376569,23.127563724062
113.28404382331,23.12773363734
113.28399378769,23.128133451978
113.2839838165,23.1282834237
113.28396387412,23.128443365655
113.28395399276,23.128483330342
113.28390386731,23.128973208351
113.28389389612,23.129043167038
113.28381403676,23.129043083951
113.28382409778,23.128963237989
113.28382310964,23.12896298873
113.28382310964,23.12896298873
113.28384314186,23.128783106652
113.28388329611,23.128463306456
113.28388329611,23.12846322337
113.28387952323,23.128457074956
