113.28251409885,23.09201856739
113.28252550733,23.092025465477
113.28252550733,23.092025465477
113.2822554767,23.092484395221
113.28225538687,23.092484312112
113.28225538687,23.092484312112
113.28249505478,23.092725245438
113.28279454984,23.093046212163
113.28279454984,23.093046212163
113.28279454984,23.093046212163
113.28325439243,23.092857721182
113.28413428267,23.092410095584
113.2845842439,23.092201075688
113.28540421717,23.091942272864
113.28548434602,23.091772479986
113.28548434602,23.091952412226
113.28548425619,23.091952162897
113.28548425619,23.091952162897
113.28546422398,23.092002111712
113.28540421717,23.092132011785
113.2852440493,23.092501765041
113.28512394585,23.092761564083
113.28491374236,23.09323121231
113.28481367113,23.09347106387
113.28429292343,23.094709957599
113.28391240121,23.09560901472
113.28376229436,23.095958563295
113.28365225194,23.09620821654
113.28358218411,23.096378003749
113.28357194342,23.096707937156
113.28357194342,23.096787885632
113.28358182478,23.096867917166
113.28363168074,23.097008034564
113.28374145367,23.09716826353
113.28374046554,23.09716826353
113.28374046554,23.09716826353
113.28408011485,23.097419077987
113.28421998102,23.097509331185
113.28460957612,23.097830037033
113.28489936947,23.098000487015
113.28513921705,23.098120740966
113.28522913743,23.09816079789
113.28525914083,23.098170853672
113.2853590324,23.098220966359
113.28545901381,23.098261023253
113.285748897,23.098361248541
113.28583881738,23.098401305392
113.28616867516,23.09852139277
113.28745837238,23.098970826087
113.28763830297,23.09904063438
113.28774825557,23.099080524816
113.28774816574,23.099080524816
113.28774816574,23.099080524816
113.28815815237,23.09919994674
113.28854810679,23.099349203216
113.28878813403,23.099438707159
113.28892809002,23.099508348996
113.2893981733,23.09967713473
113.28952824794,23.099716775661
113.28969829717,23.099786251144
113.28984831419,23.099835781489
113.28988828878,23.099845670935
113.2899383244,23.099875505478
113.28998836002,23.099895367468
113.29001836342,23.099915229455
113.29004836683,23.099925118895
113.29008834142,23.09995495342
113.29010837363,23.099974898502
113.29013837704,23.099994760477
113.29015831942,23.100024678091
113.2901782618,23.100054595698
113.29019820418,23.100084513298
113.29021814657,23.100134459055
113.29021814657,23.100154487215
113.29022811776,23.100174432267
113.29023808895,23.100234350511
113.29024806014,23.100274323694
113.29024806014,23.100304324349
113.29024806014,23.100334324997
113.29023808895,23.100374381253
113.29023808895,23.100444355017
113.29023808895,23.100474355634
113.29023808895,23.100554301842
113.29022811776,23.100654276087
113.29021814657,23.100754250256
113.29010783465,23.101064560292
113.29005779903,23.101194700814
113.28997758035,23.101434953511
113.28989727184,23.101745178852
113.28985720741,23.101905235897
113.28983708537,23.102105265381
113.28982702435,23.10224529415
113.28981705316,23.102295322197
113.28981678367,23.102615268562
113.28980663281,23.102875214029
113.28979585315,23.103725102511
113.28979576332,23.103905101662
113.28980537519,23.104295015883
113.28981525655,23.104394987312
113.28987472437,23.104924676734
113.28990454811,23.105104508056
113.28998413798,23.105544196274
113.29004396513,23.105783942497
113.29013361602,23.106163546723
113.29021338555,23.106423235941
113.29040292801,23.107042416088
113.29070233324,23.107881059457
113.2907821926,23.108080664441
113.29141109628,23.109737573658
113.29144109969,23.109797404488
113.29146104207,23.109867290187
113.29162076079,23.110286437415
113.29166073539,23.110376266377
113.29173062355,23.110555924118
113.2917290066,23.110556007216
113.2917290066,23.110556007216
113.29177895239,23.110715721249
113.29183886937,23.110875351991
113.29194873213,23.111164780901
113.29195870332,23.111214722489
113.29216836783,23.111763497041
113.29257772565,23.112841013095
113.29266764603,23.113070442198
113.29271759182,23.113220098563
113.29274759522,23.113289899365
113.29279754101,23.113409557795
113.29286742918,23.11360907137
113.2930571513,23.114107812445
113.29306712249,23.114157752926
113.2930871547,23.114187584253
113.29352651593,23.115504560008
113.29389607882,23.116591933888
113.29418560268,23.117639746382
113.29422557728,23.117769455189
113.29437523497,23.118418246597
113.29441511974,23.118597893452
113.29442509093,23.118657803381
113.29444512314,23.118697687923
113.29444512314,23.118727684415
113.29446506553,23.118797565412
113.29446479603,23.118797731597
113.29446479603,23.118797731597
113.29460493169,23.118936745647
113.29475512837,23.119015600533
113.29485528944,23.119054820227
113.29496542169,23.119083985713
113.29508561497,23.119083154787
113.29546631685,23.119030224827
113.29558651012,23.118999314385
113.29587702213,23.118936994925
113.29614759174,23.118854816284
113.29620777821,23.118794407888
113.29625790366,23.118764079041
113.29627793587,23.118733999465
113.29633812234,23.118653565648
113.29634818337,23.118573547246
113.29634809353,23.118572633225
113.29634809353,23.118572633225
113.29635815456,23.118432621678
113.29636821558,23.118362657396
113.29636830541,23.11836249121
113.29636830541,23.11836249121
113.29695939043,23.118357173258
113.29747034661,23.118342382704
113.29779104167,23.118309311683
113.29807167232,23.118226551003
113.29905405922,23.117846316529
113.29931474748,23.117773526763
113.29958540693,23.117730567488
113.30038732426,23.117711372914
113.30295405259,23.11762886114
113.30307442553,23.117627282365
113.30312455098,23.117616646402
113.30342539349,23.117572606861
113.3036059529,23.117530229175
113.30382666656,23.117477215502
113.30417772436,23.117402348194
113.30421787861,23.117391878401
113.30466927713,23.117285518548
113.30500030271,23.117220788565
113.30569253694,23.117060666892
113.3058229709,23.117028758865
113.3061640575,23.116953725116
113.30616396767,23.11695231252
113.30616648292,23.116940762471
