113.24263831728,23.128398914274
113.24274764106,23.12839193499
113.24274764106,23.12839193499
113.242728058,23.127721838968
113.24276794277,23.127642490733
113.24276794277,23.127642241472
113.24276794277,23.127642241472
113.24276794277,23.127612246996
113.24277791396,23.127572448221
113.24282785974,23.127333239884
113.2429476937,23.12704492638
113.24297760727,23.126965411565
113.24301749204,23.126886062879
113.24306743782,23.126686818532
113.24311738361,23.126487573886
113.24310759208,23.126237562145
113.24309789038,23.125937530817
113.24308809885,23.125687518039
113.24308809885,23.125617640671
113.24306842596,23.125307471126
113.24302890052,23.124797056604
113.24300922763,23.124456889951
113.24297958354,23.124076590244
113.24295002929,23.123556366397
113.24292047504,23.123146068622
113.24289101062,23.122595845516
113.24289029198,23.12259443298
113.24289029198,23.12259443298
113.2418530186,23.122650768221
113.24158379644,23.122667303191
113.24139434381,23.122645034989
113.24129472173,23.122603905279
113.24119509965,23.122552721621
113.2409459097,23.122409723018
113.24077648928,23.122307770986
113.24062701124,23.122226092977
113.24055730274,23.122185378589
113.23976957863,23.121706360418
113.23969987013,23.121665645871
113.23944061916,23.121512841572
113.23890217483,23.121167099384
113.23883246633,23.121126467763
113.23883129853,23.121125387577
113.23883129853,23.121125387577
113.23887109346,23.121315749524
113.23866133913,23.121703452237
113.23819188467,23.122508434447
113.23812208633,23.122627669113
113.23802228459,23.122816616372
113.23778261668,23.123254168665
113.23777273532,23.123284081037
113.23775288277,23.123323881098
113.23763304881,23.123552710448
113.23751321486,23.123841530081
113.23745329788,23.12404094488
113.23709361635,23.124877403608
113.23705373159,23.124947032099
113.2370037858,23.125106562633
113.23699390444,23.125126503936
113.23696390104,23.125346190428
113.23693389763,23.125565876557
113.23693389763,23.125605842111
113.23693389763,23.125645807653
113.23693389763,23.125775757897
113.23692383661,23.126035658003
113.23693353831,23.126685655303
113.23693353831,23.126715649989
113.23692356712,23.12695552414
113.23693353831,23.127055644674
113.23693353831,23.127165652543
113.23692347729,23.12751553346
113.23693299933,23.128795486535
113.23693299933,23.129075487606
113.23694279086,23.12969555909
113.23692293831,23.129765351223
113.2369329095,23.129935427851
113.23693066373,23.129935510937
113.23693066373,23.129935510937
113.23695051628,23.13031571076
113.23695051628,23.13031571076
113.23695051628,23.13031571076
113.23701034343,23.130486285195
113.23702031462,23.130526415436
113.237040257,23.130546605181
113.23707017058,23.130626865616
113.23708014177,23.130666995815
113.23708014177,23.130687019368
113.23708014177,23.130726983379
113.23709011296,23.130867065034
113.23709011296,23.130917082292
113.23709011296,23.13094707602
113.23709011296,23.131137091532
113.23709011296,23.131227072548
113.23709011296,23.131397064217
113.23709011296,23.131557085501
113.23709011296,23.131617072661
113.2370802316,23.131656953307
113.23707035024,23.131716857338
113.23706046888,23.131756737953
113.23705058752,23.131786648407
113.23702076378,23.13184638621
113.23692105186,23.131915429451
113.23690119931,23.131925233422
113.23690021118,23.131925150338
113.23690021118,23.131925150338
113.23688017896,23.132264965499
113.23685017556,23.133144658992
113.2368402942,23.133344558305
113.2368402942,23.133554593501
113.2368402942,23.133744605277
113.2368402942,23.134144567959
113.2368402942,23.13451453652
113.2368402942,23.134654531091
113.2368402942,23.134734539792
113.2368402942,23.135294516261
113.23683993488,23.135294516261
113.23683993488,23.135294516261
113.23681999249,23.136634379141
113.23682996369,23.136774454556
113.23682008232,23.136864348664
113.23683014335,23.13744442175
113.23683014335,23.137784388928
113.23683014335,23.137884418205
113.23683014335,23.138224467335
113.23683014335,23.138384480378
113.23684011454,23.138524553943
113.23687011794,23.138724860546
113.23690012135,23.138855130293
113.23693012475,23.138965377614
113.23703001632,23.139216279237
113.2370899333,23.139316805912
113.23725962321,23.139578424152
113.23732951138,23.139679116713
113.23741934193,23.139779975356
113.23760897422,23.139991828104
113.23762891661,23.140021985939
113.23796829643,23.140395344344
113.23800827102,23.140445773403
113.23813807617,23.140587090976
113.23827785251,23.140728491477
113.23866717811,23.141142556472
113.238896785,23.14138497996
113.23892669858,23.14142527306
113.23927604959,23.141789073506
113.23927586993,23.141789322741
113.23927586993,23.141789322741
113.23931584452,23.141899733777
113.2393457581,23.141970101034
113.23957527515,23.142212689164
113.23963519213,23.142273336127
113.23963528196,23.142273336127
113.23963528196,23.142273336127
113.23968513792,23.142323930628
113.23977496847,23.142414984063
113.24041366369,23.143102452101
113.24104238771,23.14378011348
113.24104247754,23.143780030403
113.24104247754,23.143780030403
113.24111227588,23.143830956636
113.24110239452,23.143870833607
113.24109251316,23.143890689011
113.24107266061,23.143910461336
113.24104283686,23.143920098266
113.24100304193,23.143929569041
113.24100259278,23.143929569041
113.24100259278,23.143929569041
113.24094276563,23.143868839759
113.24092291308,23.143858704363
113.24081322998,23.143747464188
113.24058380275,23.143514765058
113.24042417386,23.143352930506
113.24036434671,23.143272262388
113.24036434671,23.14322233287
113.24022475004,23.143080768874
113.23994537702,23.142787588029
113.23974586337,23.142585376776
113.23948643274,23.142312548944
113.2394166344,23.142241849557
113.23941573609,23.142240935698
113.23941573609,23.142240935698
113.23932590554,23.142139912772
113.2392660784,23.142079348826
113.23812828464,23.140877285848
113.23802857273,23.140766375487
113.23788888622,23.140625058105
113.23770931495,23.140433311528
113.23729007577,23.139949291423
113.23723024862,23.139928770792
113.23712056552,23.139897782142
113.2371199367,23.139897200585
113.2371199367,23.139897200585
113.23706999092,23.139836718694
113.23700019258,23.139736109333
113.23681056029,23.139444416525
113.23677067552,23.139364161428
113.23674085178,23.139323950781
113.23670096701,23.13922367335
113.23670051786,23.13922334103
113.23670051786,23.13922334103
113.23653082795,23.139281829284
113.23634128549,23.139430126801
113.23628154817,23.139549595492
113.23625172443,23.139649374198
113.23610215656,23.139958097846
113.23610179724,23.139958097846
113.23609865317,23.139964079567
