113.28963766155,23.131946669221
113.2896425124,23.131941102561
113.2896425124,23.131941102561
113.2896425124,23.131881198631
113.28964260223,23.13165130355
113.28962283951,23.131041460672
113.289623109,23.130291615961
113.28962319883,23.130141729595
113.2896134073,23.129681849916
113.2896134073,23.129631915279
113.28961349713,23.129441980696
113.28961358696,23.12919205761
113.28961358696,23.129122182089
113.28960388526,23.128602310377
113.28959418356,23.128162449294
113.28959373441,23.128161535339
113.28959373441,23.128161535339
113.2888933256,23.128343329255
113.28845324573,23.128374237519
113.28759302838,23.128455496309
113.28707299932,23.128495959512
113.28637303966,23.128546143837
113.28620317009,23.128566084624
113.28580324448,23.128605966187
113.28570335291,23.128635877351
113.28566346814,23.128665871596
113.28516356113,23.128825397657
113.28508370177,23.128845338401
113.28500384241,23.128865196056
113.28497392883,23.128875166425
113.28451408624,23.129014419173
113.28444419807,23.129044330246
113.28444285061,23.129044330246
113.28444285061,23.129044330246
113.28389308764,23.129043167038
113.28381322828,23.129043083951
113.28318369578,23.129061362937
113.28265414468,23.129069671566
113.28226454958,23.129068342185
113.28223463601,23.129068342185
113.28180506632,23.129076567727
113.28164525777,23.129065932683
113.28131566947,23.129074407484
113.28102605578,23.129073078104
113.28040676396,23.129079808092
113.28025701643,23.129069089962
113.28011724009,23.12905837183
113.27993757899,23.129047404439
113.27963808394,23.129025635826
113.27946839402,23.129004614987
113.27940856688,23.128994312282
113.27937874313,23.128984175749
113.27913916506,23.128942715658
113.27854017494,23.128728685005
113.2784703766,23.128698275342
113.27788144751,23.128483995035
113.27784156275,23.128473775376
113.27762201688,23.128372160351
113.27734264387,23.128250022811
113.27714313021,23.128148490702
113.27663424014,23.127834255809
113.27658447402,23.127803929028
113.27646481972,23.127752996638
113.27578632957,23.127416908844
113.27553695996,23.127314628311
113.27553417521,23.127312468039
113.27553417521,23.127312468039
113.27509517331,23.126978207056
113.27481597996,23.126765502636
113.27473630026,23.126694794959
113.27427744581,23.12657008015
113.2737587642,23.126464558535
113.27330997077,23.126339677333
113.27307066218,23.126277028969
113.27224287366,23.126057344018
113.27118574773,23.125804340286
113.27112601042,23.125793621891
113.2710662731,23.125792957184
113.27099656459,23.125832091786
113.27088688149,23.125880698442
113.27088562386,23.125879867559
113.27088562386,23.125879867559
113.27085553063,23.126239390083
113.27073569667,23.126637796733
113.27073560684,23.126637796733
113.27073560684,23.126637796733
113.27016715912,23.126560275783
113.27005756584,23.126538922201
113.26971863517,23.126484416546
113.26964892667,23.12647353203
113.2694196791,23.126440463036
113.26938985536,23.126430160132
113.2691506366,23.126396924951
113.26899118737,23.126374740464
113.26872205504,23.126331036181
113.26864237534,23.126319985477
113.2683931854,23.126296471568
113.26836336165,23.126296139216
113.26832356672,23.126285670124
113.26810429034,23.126272542215
113.26767570878,23.126196350461
113.26715738651,23.12614865789
113.26676868971,23.126112846907
113.26665909644,23.126111268232
113.26630031322,23.126085843259
113.26629887593,23.126084098407
113.26629968441,23.126080774881
