113.27476172231,23.103694936425
113.27476594434,23.103698759125
113.27476594434,23.103698759125
113.27521464794,23.104063244759
113.27521464794,23.104063244759
113.27521464794,23.104063244759
113.2750945445,23.104351940605
113.27499456309,23.104590857964
113.27487463931,23.10486958049
113.27475471552,23.105128275024
113.27469479855,23.105237636262
113.27423513562,23.105922720875
113.27423477629,23.105922803976
113.27423477629,23.105922803976
113.27471357313,23.106057759577
113.27469363075,23.106087509623
113.27467368837,23.106147258998
113.27467359854,23.106147342098
113.27467359854,23.106147342098
113.27475336807,23.106168117257
113.27491299695,23.106229694808
113.27505268346,23.106281050963
113.27508259703,23.106291355432
113.27513245299,23.10632185333
113.27541173617,23.10644459276
113.27599033475,23.106700043313
113.27651907737,23.10693480144
113.27728739808,23.107311244578
113.27818552393,23.107738211243
113.27826538329,23.107778763864
113.27829529686,23.107788985117
113.27836518503,23.107829454623
113.27845501558,23.107880062263
113.27845501558,23.107880228462
113.27845501558,23.107880228462
113.27855481732,23.107940974224
113.27873447842,23.108042189399
113.27875442081,23.108062299465
113.27912362437,23.108314755332
113.27916350913,23.10835497538
113.27949282793,23.108627042076
113.27967239921,23.10879814299
113.28008148753,23.109190535803
113.28008157737,23.109190618902
113.28008157737,23.109190618902
113.28012155196,23.109160869551
113.28046138093,23.108942901338
113.28059136574,23.108853736198
113.28110124395,23.108496493343
113.28129114573,23.108387550285
113.28158102892,23.108198997978
113.28162100352,23.108169248405
113.28162100352,23.108168749809
113.28162100352,23.108168749809
113.28207087492,23.107870672012
113.28218082751,23.10780120076
113.28224083432,23.107761562242
113.28243082593,23.107662424345
113.28260078534,23.107563120175
113.28308066014,23.107354872025
113.28318064154,23.107315233374
113.28323058733,23.107295455594
113.28367048754,23.107176788851
113.28374046554,23.107157094151
113.28377046894,23.107147288349
113.28383047575,23.107137482547
113.28418036574,23.107058371303
113.28448030995,23.106989065826
113.28476031178,23.106929649231
113.28506025599,23.106870149509
113.2852602188,23.106820455586
113.28548021382,23.106770761646
113.28603024628,23.106651180331
113.28644032275,23.106551376802
113.28704048066,23.106411352573
113.28738066895,23.106291189231
113.287470769,23.106241162689
113.28776101151,23.10608094467
113.28788111495,23.106000918688
113.28791111836,23.105971002421
113.28821142189,23.105750702145
113.28852178644,23.105490263702
113.28873207976,23.105299962155
113.2889624053,23.105099605079
113.28910272062,23.104889358631
113.28914278504,23.104849386838
113.28915284606,23.104819470311
113.28915284606,23.104799525956
113.28916290708,23.104769609419
113.28917296811,23.104739692874
113.28919300032,23.104709693221
113.28921303253,23.104659749185
113.28924312577,23.104599749837
113.289273219,23.104539750461
113.28931328343,23.104479751058
113.28933331564,23.104449751346
113.28936331904,23.104419751627
113.28938335126,23.104389751902
113.28942341568,23.104349696857
113.28950354453,23.104299586482
113.2895037242,23.104295930003
113.2895037242,23.104295930003
113.28958376322,23.104275653162
113.28962382764,23.104265597843
113.28966389207,23.104265597843
113.28971392768,23.104275403857
113.28972389888,23.104275403857
113.28975390228,23.104275403857
113.28978390568,23.104285292972
113.2898039379,23.104295265189
113.2898339413,23.104315126518
113.2898739159,23.104344960056
113.28989394811,23.104364904479
113.28989385828,23.104364738276
113.28989385828,23.104364738276
113.28992386168,23.104404627113
113.28993383287,23.104434626835
113.28994380406,23.10446462655
113.28995377526,23.104494626258
113.28995377526,23.10452462596
113.28996374645,23.104584542241
113.28997362781,23.104674458163
113.28998350917,23.104784401485
113.28999348036,23.104854372925
113.28999348036,23.104884372545
113.28998350917,23.104914372159
113.28998350917,23.104934399598
113.28998350917,23.1049643992
113.28997353798,23.104994398795
113.28997353798,23.105024398384
113.28996356679,23.105054397966
113.28996320746,23.105054314865
113.28996320746,23.105054314865
113.28997317865,23.105094286596
113.28997317865,23.105134258316
113.29000282274,23.105474058996
113.29002267529,23.105614001112
113.29014223975,23.106133464291
113.29015221094,23.106163463622
113.29023198047,23.106433124896
113.29042152293,23.107032277878
113.29083079092,23.10807044321
113.29087067569,23.108180217522
113.29087067569,23.108180300621
113.29087067569,23.108180300621
113.29115094701,23.1081291945
113.29138118271,23.108098281519
113.29220214412,23.107944381304
113.29280293084,23.107831116615
113.29287299867,23.107820812265
113.29331361752,23.107738211243
113.29344378199,23.10771743633
113.29402462633,23.107613727916
113.29433517055,23.107521653391
113.29492616574,23.107427418206
113.29492625557,23.107426587207
113.29492625557,23.107426587207
113.29486669792,23.106927156226
113.29487684877,23.106817214678
113.29487747758,23.106167452452
113.29487747758,23.106167286251
113.29487478267,23.106163048119
