113.26932697397,23.097595096598
113.26932535702,23.097593683796
113.26932535702,23.097593683796
113.26932544685,23.097513818912
113.26932544685,23.097513652699
113.26932544685,23.097513652699
113.26809908017,23.097416169274
113.26808928864,23.097346110808
113.26808919881,23.097346027702
113.26808919881,23.097346027702
113.26925564852,23.097442680119
113.26952487068,23.097456392623
113.26982400641,23.097480493384
113.26991374713,23.097491712702
113.2701729981,23.097545232993
113.27039236431,23.097628172779
113.27073129498,23.097792639397
113.27157866656,23.098203431076
113.27191768706,23.098367647665
113.27216696684,23.098490643763
113.2722168228,23.098511253909
113.27303446047,23.098930852512
113.27356302343,23.099206761348
113.27363282177,23.099237510189
113.27363282177,23.099237510189
113.27363282177,23.099237510189
113.27398190329,23.099411282559
113.27422130171,23.099523806487
113.27447067132,23.099636413425
113.27487966982,23.099830629005
113.27528866832,23.100024678091
113.27598701102,23.100361333885
113.27686501483,23.100799126418
113.2772242472,23.100972148809
113.277553566,23.101134783003
113.27847172406,23.10159168679
113.27904062094,23.10185562322
113.27924022442,23.101956926138
113.28056791997,23.102654742411
113.28065775052,23.102695213482
113.28070760647,23.102755463
113.28070742681,23.102755379897
113.28070742681,23.102755379897
113.28056729115,23.103084549538
113.28039715209,23.103473552043
113.28016700622,23.103982137235
113.28001689937,23.104321192948
113.27992688916,23.10452063708
113.27992688916,23.104550636776
113.27996668409,23.104670884796
113.27989670609,23.104810412251
113.27975666026,23.105099521978
113.27975612128,23.105099521978
113.27975612128,23.105099521978
113.27983589081,23.105239963096
113.28019485369,23.105821919588
113.28028450458,23.106022358675
113.28036409445,23.106312712272
113.28056315895,23.106993636332
113.2806229861,23.107113965239
113.28062307593,23.107114048339
113.28062307593,23.107114048339
113.279883501,23.107479771094
113.279883501,23.107479771094
113.27988206371,23.107484341584
