113.27892087682,23.09870871224
113.27891360054,23.098715277558
113.27891360054,23.098715277558
113.2793227787,23.099017946689
113.27961221274,23.099239754023
113.27973195686,23.099360505482
113.27973195686,23.099360505482
113.27973195686,23.099360505482
113.27998150613,23.099452003932
113.28040110464,23.099394495377
113.28071075054,23.099386267995
113.28092050488,23.099397320942
113.28102048628,23.099327928361
113.28108040326,23.099308315601
113.28119026603,23.099318869926
113.28137001696,23.099409703567
113.28145993734,23.09943014736
113.28196927656,23.099652286425
113.28196936639,23.099651954006
113.28196936639,23.099651954006
113.28216950886,23.099252801502
113.2822596089,23.099073294676
113.28234970895,23.098853730903
113.28241977678,23.098744115092
113.28258982601,23.098604830579
113.28258982601,23.098604498157
113.28258982601,23.098604498157
113.28261991924,23.098524633881
113.28275008371,23.098205259399
113.28286021597,23.097945803427
113.28300044146,23.097596426294
113.28302047367,23.097536589966
113.28316069916,23.097187211756
113.28325088903,23.096967644866
113.28331098567,23.096827942958
113.28331098567,23.096827195
113.28331098567,23.096827195
113.28343117895,23.096547624527
113.28352136882,23.096327973473
113.28360149767,23.096128267716
113.28369159772,23.095938617609
113.28396198768,23.095289467014
113.28421234542,23.094710206922
113.28466311513,23.093621324086
113.28483343385,23.09320170871
113.28503366615,23.092782175118
113.28536415275,23.092032779111
113.28540421717,23.09194293774
113.28548434602,23.091773144863
113.28573470377,23.091183480689
113.28576470717,23.091133614677
113.285764797,23.091132451136
113.285764797,23.091132451136
113.28573488343,23.090982520546
113.28583504449,23.090682741968
113.28585507671,23.090642849009
113.28616553109,23.089913138196
113.28625572096,23.089673280213
113.28626569215,23.089653333584
113.28631572777,23.089543460847
113.28668627879,23.088713594617
113.28670631101,23.088673701067
113.28702664675,23.088113694098
113.28720666718,23.08806366071
113.28720684684,23.08806282959
113.28720684684,23.08806282959
113.28730682824,23.088092749891
113.28784688951,23.088252158493
113.28849699321,23.088461101489
113.28905717653,23.08862990126
113.28926729019,23.088689326042
113.28997758035,23.088907244386
113.29087813162,23.089043879504
113.29142861324,23.089111449008
113.29199912707,23.089188659384
113.29199894741,23.089188742496
113.29199894741,23.089188742496
113.29221993056,23.087987779473
113.29226017465,23.087667714762
113.29235054419,23.087187408469
113.292491129,23.086426843768
113.29251125104,23.086306828571
113.29251116121,23.086306329892
113.29251116121,23.086306329892
113.29286168002,23.086144342449
113.29334227347,23.08606156172
113.29340237011,23.086051255681
113.29367276007,23.085999642365
113.29392311781,23.085938055435
113.29392311781,23.085937722982
113.29392311781,23.085937722982
113.29496479288,23.085620229851
113.29531540152,23.085437629401
113.29564597795,23.085325010428
113.29573616782,23.085314371878
113.29591645774,23.085372883892
113.29607671544,23.085351606799
113.2963071308,23.085289687114
113.29642732408,23.085258685703
113.29642750374,23.085258187021
113.29642750374,23.085258187021
113.29644789528,23.084378093025
113.29646819698,23.083748085434
113.29649838005,23.083467905637
113.29650844107,23.083397922931
113.29652856311,23.083197865279
113.29652856311,23.083187974594
113.29657877839,23.082917601207
113.29660887162,23.08278744278
113.29664902588,23.082647144154
113.29667911911,23.082566937824
113.29670921235,23.082476757591
113.29672924456,23.082416665107
113.29677937001,23.082266309105
113.29684952767,23.082125760582
113.29684952767,23.082115869817
113.29685958869,23.082085865055
113.29695983959,23.081865026471
113.29705002946,23.081654244553
113.29731062789,23.081181895689
113.29763141279,23.080728911302
113.29768153823,23.080658511571
113.29841320807,23.079811218384
113.29852343016,23.079680142626
113.29937547293,23.078741081199
113.29968619681,23.078387663904
113.29977638668,23.078296732774
113.29986657655,23.078195827406
113.30000689188,23.078044302975
113.30041786665,23.077589562408
113.30104946525,23.076912061742
113.30128006027,23.076659296837
113.3023327845,23.075515905756
113.30249322187,23.075343847654
113.30254334731,23.075283253227
113.30261350497,23.075192403093
113.3026135948,23.075189577013
113.3026135948,23.075189577013
113.30292449834,23.074845376622
113.30345593588,23.074278246143
113.30373665635,23.073944433491
113.30382693606,23.073783262193
113.30391712593,23.07360205854
113.30396725138,23.073461417736
113.30401737682,23.073100754853
113.30405744125,23.072950305193
113.30407747346,23.072910074427
113.30409750567,23.072879901344
113.3041375701,23.072579416963
113.3041675735,23.072329054355
113.3041775447,23.072258982664
113.30418751589,23.072128896924
113.30422749048,23.071698407807
113.30423746167,23.071628335784
113.30425749389,23.071398087001
113.30430761933,23.071197429434
113.30431768036,23.071157364382
113.30438783802,23.071096435556
113.30444802448,23.07104564766
113.30454827538,23.071014310437
113.30478893143,23.070980895141
113.30524024011,23.070924371736
113.30527033335,23.070913981402
113.30558123689,23.070879485486
113.30586204719,23.070845322051
113.30644378984,23.070766521688
113.30674472218,23.070731942611
113.30681496967,23.070700937806
113.30681523916,23.07069869349
113.30681523916,23.07069869349
113.30700585959,23.070675751591
113.3072766987,23.070651562846
113.30732682415,23.070640839999
113.30778828369,23.070593626212
113.30806918382,23.070559213336
113.30835008396,23.070524800451
113.30868119937,23.070489473204
113.30902228597,23.070444004946
113.3090223758,23.070443423085
113.3090223758,23.070443423085
113.30923302844,23.070429957163
113.31074811052,23.070264708574
113.31239380621,23.070046593421
113.31239389604,23.070046427175
113.31239389604,23.070046427175
113.31279525894,23.069929389628
113.3128354132,23.06990877505
113.31290566069,23.069877603806
113.31301606244,23.069805785233
113.31313643537,23.069713767629
113.31317658963,23.069683178204
113.31319662184,23.069632888508
113.31321665406,23.069592656738
113.31323668627,23.069542367008
113.31323668627,23.069492409754
113.31323668627,23.069432477648
113.31321665406,23.069382935971
113.31315646759,23.069224086608
113.31271477077,23.068601820874
113.312443752,23.06822659805
113.31235347229,23.068098253979
113.31217282305,23.067801416278
113.31217219424,23.067800003159
113.31217219424,23.067800003159
113.31206170266,23.06750191792
113.31177056185,23.067076983207
113.31160994482,23.066839827152
113.31157994142,23.06680042579
113.31150969393,23.066701672957
113.3114696295,23.066632429554
113.31102784285,23.065919960233
113.31061623927,23.065366923138
113.31045562224,23.065139656062
113.30978288125,23.064160923555
113.3097327558,23.064101820317
113.30919053859,23.063300806752
113.30852758913,23.062071512545
113.30850755691,23.062001934219
113.30846740266,23.061872669731
113.30819602456,23.061096997036
113.30794449902,23.060020973326
113.30745141913,23.05807855559
113.30743138691,23.057998916357
113.3074113547,23.057939311597
113.30742123606,23.0577692259
113.30666612045,23.054570476987
113.30664599841,23.05440080265
113.30661554585,23.053911231535
113.30661545602,23.053701236648
113.30660530517,23.053441444416
113.30662515772,23.053211164157
113.30665507129,23.052980717232
113.30668498486,23.052770305207
113.30672486963,23.052529715152
113.30687488665,23.052087357525
113.30689491886,23.052017108904
113.30692492227,23.051916682408
113.30725531903,23.051251438094
113.30731541567,23.051140536007
113.30756586325,23.050736582271
113.30763602091,23.050655525344
113.30768614636,23.050594836535
113.30781640065,23.050432805594
113.30788655831,23.050361724744
113.30806693806,23.050148897646
113.30811706351,23.050098184889
113.30820725338,23.049996759316
113.30829744325,23.049925345691
113.30903926394,23.04930323911
113.30950045399,23.048975682158
113.31034279507,23.048461565764
113.31071388508,23.048245327018
113.31121522938,23.047856827995
113.31162638381,23.047589791416
113.31173669573,23.047517960813
113.3120776925,23.047282100099
113.31218800442,23.047190233194
113.31258909783,23.046913301896
113.31272950298,23.04682093591
113.31362205933,23.046245289023
113.31377252551,23.046142696582
113.3144043936,23.045731577778
113.31449467331,23.045670055341
113.31463507846,23.045577605354
113.31528697876,23.045136056015
113.31596897231,23.044673969863
113.31601909775,23.044633148573
113.31610937746,23.044581602324
113.31649052849,23.044314891734
113.31667108789,23.044201739105
113.3176037985,23.043535126006
113.3177943291,23.043371839375
113.31790464102,23.04324995625
113.31792467323,23.043219693301
113.31806498855,23.0430172473
113.31818518183,23.042805156724
113.31826531068,23.042673795084
113.31826297509,23.042668058402
113.31826297509,23.042668058402
113.3183130107,23.04250709864
113.31842305313,23.042185178532
113.31844290568,23.041994869507
113.31848270062,23.041634204475
113.31849258198,23.041484051802
113.31849267181,23.041483719238
113.31849267181,23.041483719238
113.3184723701,23.04129407434
113.31837140056,23.040565755607
113.31827034119,23.03977748743
113.31825030898,23.039687943329
113.31824024796,23.039608209952
113.31824024796,23.039608209952
113.31823027677,23.0395384536
113.31785640201,23.036724556672
113.31784643082,23.03665479881
113.3178363698,23.036515033544
113.31774564094,23.035926620998
113.31771536805,23.035647171937
113.31770539686,23.03558739088
113.31767521379,23.035447957074
113.31763496971,23.035228703978
113.31760478664,23.035029322199
113.31758475443,23.034949752323
113.31757469341,23.034849978117
113.31753453915,23.03478080129
113.31750435608,23.034611351171
113.31734311025,23.033694088492
113.3173229882,23.033524470699
113.31722201866,23.032676212199
113.31721186781,23.032446478058
113.31720180679,23.032256737147
113.31719165594,23.032006963862
113.31719165594,23.031907021158
113.31726163394,23.031495775266
113.31727160513,23.031395665884
113.31730160853,23.031285162998
113.31734167296,23.031184554573
113.31741183062,23.031023331492
113.31750202049,23.030781787521
113.31758214934,23.030570425794
113.31766227819,23.030369041493
113.31779253249,23.030026803888
113.31804298007,23.029382320533
113.31851387182,23.02816393831
113.3186240939,23.027862022587
113.31878471093,23.027879234545
113.31878237533,23.027876074862
113.31878237533,23.027876074862
113.31894290253,23.027893286819
113.31928416879,23.027907255942
113.31941460275,23.027905010904
113.31955509773,23.027912577512
113.31959525199,23.027921890259
113.32000676574,23.027954734318
113.32042825069,23.027987412069
113.32073942372,23.028092014081
113.32095016619,23.028118372444
113.32135161892,23.028181482827
113.32183329034,23.028203267958
113.32183338017,23.028203184809
113.32183338017,23.028203184809
113.32188296663,23.027332192515
113.3218226005,23.026823231042
113.32176223437,23.02642427573
113.3217320513,23.026184885339
113.32170186824,23.025905415846
113.32166171398,23.025616133954
113.3216214699,23.025266899445
113.32159137666,23.025057441452
113.32157116479,23.024647837454
113.3215309207,23.0241485945
113.3215309207,23.024068685519
113.32162120041,23.024077167016
113.32162048176,23.024076335497
113.32162048176,23.024076335497
113.32230283463,23.024104773452
113.32259388561,23.024119823946
113.32314580452,23.024140611919
113.32364750814,23.024182271007
113.32406890326,23.024215365443
113.32441007969,23.024239812081
113.324992002,23.024290451532
113.32507231051,23.02429918247
113.32670758586,23.024363625089
113.32674774012,23.024373021236
113.32721917085,23.024395887962
113.3280517204,23.024433555689
113.32805154073,23.024433389385
113.32805154073,23.024433389385
113.32799072545,23.022804188122
113.32795012204,23.021154760586
113.32788966608,23.019845664709
113.32789963727,23.01973556802
113.32790960846,23.019645511522
113.32791957966,23.019575412101
113.32792964068,23.019535331514
113.32794967289,23.019475127456
113.32797976612,23.019444775952
113.32800985936,23.019414424441
113.32805001362,23.019393885196
113.32810013906,23.019363201054
113.32814029332,23.019352723541
113.32819041877,23.019342079717
113.32823057302,23.019341580787
113.32828069847,23.019340915548
113.32830073068,23.019350644669
113.3283207629,23.019360373789
113.32836091715,23.019379832026
113.32839101039,23.019419413731
113.3284110426,23.019449100002
113.32844113583,23.019478703112
113.32846116805,23.01953840824
113.3285013223,23.019597863877
113.32854147656,23.01967727661
113.32854147656,23.01967602929
113.32854147656,23.01967602929
113.32854147656,23.019975967847
113.32855180707,23.02109588772
113.32855207656,23.021905969427
113.32856240708,23.022795872849
113.32856249691,23.023015894776
113.32856249691,23.023015894776
113.32845344262,23.023019802947
