113.26586849776,23.093755544213
113.26586912657,23.093762857751
113.26586912657,23.093762857751
113.26539104838,23.093435410287
113.26531145851,23.093384215383
113.26535134328,23.093324958918
113.26535116362,23.093324709592
113.26535116362,23.093324709592
113.26542087213,23.093365765266
113.26616808265,23.093857435067
113.26619790639,23.093927910913
113.26638717936,23.094080830075
113.26709450512,23.094641559863
113.26709459495,23.094641642971
113.26709459495,23.094641642971
113.26760357485,23.093989411032
113.26810258356,23.09335695575
113.26852173291,23.09282323096
113.26852173291,23.092823064742
113.26852173291,23.092823064742
113.2685716787,23.092723749475
113.26921046375,23.091863069458
113.26962970293,23.091269083966
113.26966958769,23.091289612122
113.26968953008,23.091299917754
113.26970947246,23.091330169766
113.26972941484,23.091350448583
113.26972941484,23.091350199253
113.26972941484,23.091350199253
113.26956969612,23.091568030123
113.26946998421,23.091706657137
113.26892102971,23.092458880697
113.26876140082,23.092666570443
113.26864174653,23.092824810031
113.2682026548,23.093428346057
113.26813285646,23.093527328363
113.26805317676,23.093556167022
113.2676839732,23.094030632717
113.26670598799,23.095305672963
113.26664616084,23.095404736977
113.2660673826,23.096145637059
113.2659576995,23.096273870944
113.2658080418,23.096481471619
113.26567841631,23.096649430133
113.26562856036,23.0967186579
113.26554879083,23.096827361213
113.26504996178,23.097449245499
113.26441135639,23.098308725846
113.26410206981,23.098713615453
113.2639923867,23.098861792108
113.26399076975,23.098861709003
113.26399076975,23.098861709003
113.26382090018,23.099238839869
113.26318229479,23.100088003685
113.26314249986,23.100147340237
113.26302284557,23.1003053216
113.26290319127,23.100463302776
113.26268373524,23.100719512773
113.26263396911,23.100788655315
113.26259417418,23.100837935975
113.26233483338,23.101143508899
113.26220520789,23.101281294883
113.26213549938,23.101350104718
113.26203578747,23.101458388722
113.26202590611,23.101468194943
113.26176656531,23.101783655719
113.26148728213,23.102128783576
113.26145745839,23.102188285423
113.26109831584,23.102652000018
113.26091874457,23.102928815252
113.26059948679,23.103353136734
113.26044991893,23.103560477036
113.25991111528,23.104310888326
113.25977151861,23.104488393633
113.2596618355,23.104636397641
113.25958206597,23.104754983553
113.25949232525,23.104883375328
113.25946250151,23.10494287594
113.25939270317,23.105041600361
113.25934284722,23.105170656669
113.25928302007,23.105309601891
113.25926307769,23.105409240151
113.25922319292,23.105538545405
113.25917306747,23.105907596532
113.25910308948,23.106196288367
113.25909311828,23.106256120793
113.25909042337,23.106256037693
113.25909042337,23.106256037693
113.25907039115,23.106315703891
113.25905044877,23.106375370062
113.25903050639,23.106435036207
113.25901056401,23.106504674375
113.25894067584,23.106763365723
113.25891076227,23.106882780737
113.25869067742,23.107858705675
113.25858081465,23.108226670061
113.25850095529,23.108455193049
113.25848110274,23.10850480326
113.25835138742,23.10879240916
113.25818178734,23.109089321504
113.25792235671,23.109564645787
113.2577926414,23.109812279093
113.2575430023,23.110427704025
113.25738337341,23.1107547772
113.25732363609,23.110843691771
113.25726389877,23.110932606281
113.25715412584,23.111150571227
113.25689469521,23.111635859795
113.25664523577,23.112081343166
113.25653555267,23.112279362994
113.25652567131,23.112299140032
113.25649584756,23.112338611002
113.25637619327,23.112546435849
113.25636631191,23.112586239132
113.25630648476,23.112765146014
113.25620668302,23.113063295916
113.25608684907,23.113421108152
113.25599701851,23.113679453638
113.25595713375,23.113788724735
113.25591724899,23.113918021827
113.25589739643,23.113967629996
113.25584754048,23.114096677627
113.25582768793,23.114146285729
113.25573794721,23.114344634859
113.25573794721,23.114364660875
113.25571809465,23.114414268878
113.2556982421,23.114463876862
113.25568836074,23.114513651018
113.25566841836,23.114603310928
113.25566446581,23.114603477119
113.25566446581,23.114603477119
113.25561452003,23.114752550089
113.2555744556,23.115031749849
113.25552441999,23.115360805955
113.25547420471,23.115919783991
113.2554238996,23.116578805019
113.25542354028,23.116578888113
113.25542354028,23.116578888113
113.25539326738,23.117058257171
113.25538329619,23.117218046472
113.25534314193,23.117627282365
113.25531295887,23.118046654365
113.2552430707,23.118355345212
113.25524271138,23.118355345212
113.25524271138,23.118355345212
113.25520282661,23.118434615909
113.25500286381,23.11945092187
113.25494294683,23.119769829781
113.25488302985,23.120068711772
113.25484314509,23.120198002745
113.25473337215,23.120536019936
113.25469348739,23.120645285388
113.25454382969,23.12105259961
113.25451400595,23.121132034877
113.25437431944,23.121489492993
113.2543045211,23.121688246601
113.25408488541,23.122414292993
113.2539451989,23.122861734345
113.25380542256,23.123379218951
113.25378557001,23.123468872871
113.25374568525,23.123608131295
113.25372574286,23.123717726575
113.25365531571,23.124956338052
113.25364534452,23.125206102942
113.25362531231,23.125575680998
113.2536052801,23.125895321979
113.2536052801,23.125945341112
113.2535953089,23.126125143951
113.2535953089,23.126295142159
113.25358524788,23.126664966444
113.25359512924,23.126805135478
113.25359512924,23.126955108702
113.25359503941,23.127255054641
113.25360492077,23.127505230639
113.25361480213,23.127615404309
113.25365441741,23.128206069886
113.25366429877,23.128376231601
113.25370400387,23.128676922105
113.25373382761,23.128887463213
113.25361435298,23.128925350607
113.25361210722,23.12892526752
113.25361210722,23.12892526752
113.25331315114,23.129039926672
113.25319367651,23.129077814022
113.25302434592,23.129144864634
113.25254608807,23.129326491031
113.25200800307,23.129527143873
113.2517390504,23.129622443482
113.25121093659,23.129823345134
113.25103163481,23.129890229199
113.25061311427,23.130073100859
113.25005508689,23.130223651987
113.25001529196,23.130232957569
113.24962668499,23.130266441045
113.24942744083,23.130253230444
113.24915848816,23.130228886377
113.24852078108,23.130118465621
113.24851943362,23.130118133278
113.24851943362,23.130118133278
113.24857926077,23.130219165366
113.24844954545,23.130916999206
113.24845942681,23.131127121333
113.248469398,23.131167251381
113.24852913532,23.131428221024
113.24858887264,23.131539222283
113.24839959967,23.131536231232
113.24839950984,23.131536148148
113.24839950984,23.131536148148
113.2479410147,23.131518700351
113.24786133501,23.131517537164
113.24731318898,23.131508896349
113.24674510058,23.131500089365
113.24618698337,23.131491531634
113.24615715962,23.13149111621
113.24597776801,23.131488457497
113.24585820355,23.131486712717
113.2456090136,23.131492944075
113.24501092179,23.131464113657
113.24306662935,23.131386678613
113.24295703607,23.13137529599
113.24290726995,23.131374714396
113.24262816643,23.131371058663
113.24262708846,23.13137014473
113.24262708846,23.13137014473
113.24261702744,23.131559993466
113.24261702744,23.132109930133
113.24261702744,23.132179887164
113.24259717489,23.132259648105
113.24256735114,23.132429223029
113.24254749859,23.132468937262
113.24251767485,23.13252850859
113.24236810698,23.132746521142
113.24234825443,23.132816228585
113.24233837307,23.132936118656
113.24237825784,23.13316667618
113.24240817141,23.133297034473
113.2424072731,23.133297117556
113.2424072731,23.133297117556
113.24249710365,23.133328357001
113.24288598011,23.13348355711
113.24308540393,23.133566225188
113.24308540393,23.133566225188
113.24308747003,23.133566806772
