113.29982444603,23.141459501416
113.29982812908,23.141465732305
113.29982812908,23.141465732305
113.29982812908,23.141465732305
113.2998081867,23.141456012118
113.29977818329,23.141436405584
113.2997382087,23.141426934631
113.29970820529,23.141397358666
113.29970784597,23.14139710943
113.29970784597,23.14139710943
113.29952737639,23.141399186394
113.29928690001,23.141441888768
113.29882597945,23.141506939244
113.2985855929,23.141549475425
113.298415364,23.141571241982
113.29824504528,23.141503117633
113.2979945977,23.141535684399
113.29791455868,23.141546484601
113.29712315153,23.14170416744
113.29622161212,23.141862348561
113.29598131539,23.141904386159
113.29584117974,23.141935540497
113.29552075416,23.141998181463
113.29466951986,23.142214849194
113.29423896203,23.142317949013
113.2939386585,23.142440073594
113.29382861607,23.142490834186
113.29373860586,23.142511437498
113.29349839897,23.142593019935
113.29349678202,23.142593019935
113.29349678202,23.142593019935
113.29349678202,23.142693045583
113.29314644287,23.142835274614
113.29314635304,23.142835191537
113.29314635304,23.142835191537
113.2930462818,23.142875816507
113.2930462818,23.142875816507
113.2930462818,23.142875816507
113.29306631402,23.142985728172
113.29304655129,23.143425872387
113.29304646146,23.143425872387
113.29304646146,23.143425872387
113.29291638683,23.143506623489
113.29241594083,23.143649516264
113.292415851,23.143649516264
113.29242240863,23.143661063987
