113.28249613274,23.146743190146
113.28254518023,23.146609438989
113.28254518023,23.146609438989
113.28239534287,23.146548960161
113.28213555291,23.146438054546
113.28178593241,23.146346671572
113.28170607305,23.146326401158
113.2815062899,23.146305632289
113.28140648816,23.146305216911
113.28134666101,23.146314936743
113.28125683046,23.146314604441
113.28118703213,23.146314355214
113.28110717277,23.14632399197
113.28096739643,23.146343265478
113.28069781494,23.146401916741
113.2803183707,23.146519883791
113.2801387096,23.146598888426
113.27992913492,23.146687695893
113.27948986353,23.146895051544
113.27743355238,23.14791030864
113.27717412175,23.147998201409
113.27710432341,23.148037661755
113.27663540794,23.148263707002
113.27605680936,23.148638537521
113.27602698562,23.148658226063
113.27588738894,23.14877693877
113.27563810916,23.148974571515
113.27532900224,23.1492216328
113.27467081379,23.149745078877
113.27449133235,23.14988322975
113.27448890692,23.149882482091
113.27448890692,23.149882482091
113.27407002706,23.150228149402
113.27363129465,23.150573400446
113.27354164376,23.150632382128
113.27346196406,23.150681478127
113.27309302999,23.15088733222
113.27290357736,23.150955119454
113.27290321804,23.150955202527
113.27290321804,23.150955202527
113.27275365017,23.151033456864
113.27173649884,23.151331188444
113.27070946615,23.151598099584
113.27052010335,23.151645616854
113.27048030842,23.15167510746
113.2688751263,23.152013127478
113.26880532796,23.151892174727
113.2687954466,23.151852134025
113.2687954466,23.151832196742
113.26879472796,23.151832030598
113.26879472796,23.151832030598
113.26909386369,23.151766237542
113.27023048965,23.15150190198
113.27039002871,23.151464104111
113.27070910683,23.151388425269
113.27087861708,23.151350710441
113.27218502278,23.151037112055
113.27283332987,23.150814892882
113.27299286893,23.150746856358
113.27338183521,23.15055138615
113.27344166236,23.150512175772
113.27353140308,23.150463245856
113.27387042358,23.150196997013
113.27407981859,23.15003932428
113.27536646158,23.148992432383
113.27536646158,23.14899126935
113.27536646158,23.14899126935
113.27540634634,23.148901632688
113.2754562023,23.148792224373
113.27588514318,23.148466324961
113.27633411627,23.148170497652
113.27647380278,23.148071805328
113.27662346048,23.147983164938
113.27670331983,23.1479439538
113.27675317579,23.147924431301
113.27695277928,23.14778619531
113.27702266744,23.147736849014
113.27713244038,23.147667814014
113.27721229974,23.147608581789
113.27766136266,23.147342244135
113.27817043239,23.147096176246
113.27853981562,23.146918977175
113.27889922765,23.146741528641
113.27889913782,23.146740365588
113.27889913782,23.146740365588
113.27931846683,23.146523206805
113.27952813134,23.146404575154
113.27991754678,23.146207021651
113.28013727231,23.146138401232
113.28028710967,23.146089303549
113.28047683179,23.146030402921
113.28050683519,23.146030569072
113.2807465031,23.145961948562
113.28080642008,23.14595231178
113.28085636587,23.145942674998
113.2811060948,23.145904044786
113.28136579492,23.145855362395
113.28143568309,23.145845808682
113.28148562888,23.145846057909
113.28167544083,23.14582695048
113.28189525619,23.145808009199
113.28199514776,23.145798538558
113.28206512576,23.145788901765
113.28233488691,23.145760074456
113.28252469886,23.145740883938
113.28323418055,23.145673260188
113.28346405693,23.145653986582
113.28414371488,23.14558569818
113.28425366747,23.145575978295
113.28468350666,23.145536849521
113.28523335946,23.145487668539
113.28544329346,23.145427936883
113.28544329346,23.145425859982
113.28544329346,23.145425859982
113.28559322065,23.145445964382
113.28567316984,23.14545601658
113.28576318005,23.145476037899
113.28587313265,23.145496142291
113.28600311745,23.145526215796
113.28600320729,23.145526215796
113.28600320729,23.145526215796
113.28628329894,23.145686303101
113.28632327354,23.145706324385
113.28645334818,23.145776357317
113.286593394,23.145866328396
113.28672346864,23.145956299414
113.28683351107,23.146056239448
113.28711369256,23.146416122638
113.28711369256,23.146416205713
113.28711369256,23.146416205713
113.2875340097,23.146895882295
113.2875340097,23.146895882295
113.2875340097,23.146895882295
113.28781428102,23.147305608128
113.28794444549,23.147465444059
113.28807469979,23.14778528149
113.2882649609,23.148195004573
113.2882649609,23.148195004573
113.2882649609,23.148195004573
113.28862509158,23.14813436032
113.2891053257,23.148083352666
113.28958555983,23.148012157912
113.28983564808,23.147871429778
113.29000560748,23.147680939805
113.29017556689,23.147430386506
113.29028551948,23.147280104144
113.29032549408,23.147240062049
113.29041550429,23.147169780666
113.29079575701,23.147128409337
113.2910059605,23.147147516579
113.29125622841,23.14727644885
113.29177688629,23.14758407476
113.2918269219,23.147603846533
113.29186698633,23.147623618303
113.29213719663,23.147562309191
113.29246750356,23.147460625723
113.29261761041,23.147409867034
113.2931583005,23.147436700189
113.29352876169,23.147444343068
113.29356882612,23.147404134873
113.2935887685,23.147314081763
113.29363871429,23.147123840214
113.29369863126,23.146763460495
113.29375854824,23.146393110746
113.29386832118,23.145712388923
113.29386850084,23.145710810481
113.29386850084,23.145710810481
113.29404879075,23.14568954306
113.29427911628,23.145677995513
113.29436921633,23.145667444876
113.29436921633,23.1456673618
113.29436921633,23.1456673618
113.29441934177,23.145746948475
113.29447943841,23.145826535101
113.29456962829,23.14596585312
113.29456962829,23.146035885914
113.29456971812,23.146035885914
113.29456971812,23.146035885914
113.29479007246,23.146134247452
113.29498051323,23.146382809392
113.29501060646,23.14642260252
113.29505067089,23.146462312561
113.29513088957,23.146611682022
113.29523105063,23.146680883723
113.29525108285,23.146740697889
113.29531117948,23.146820200844
113.29531126932,23.146820283919
113.29531126932,23.146820283919
113.2958822323,23.146835652823
113.29599245438,23.146844708014
113.29623293077,23.146872621261
113.29682401579,23.14692736776
113.29727496516,23.147043174392
113.29771594333,23.147208908958
113.29803672823,23.147405713294
113.2980366384,23.147405630219
113.29803681806,23.147407790164
