113.31929072642,23.163373803361
113.31929746371,23.163369982381
113.31929746371,23.163369982381
113.3193074349,23.163269889279
113.31931740609,23.163169796102
113.3194076858,23.163108244991
113.3194979655,23.163036726052
113.3195982164,23.162935054463
113.31964825201,23.162764189533
113.31978865717,23.162621815767
113.31996921657,23.162538750488
113.32054116769,23.162448873798
113.32071157625,23.162295950381
113.32091207804,23.162092522921
113.32142321387,23.161383639326
113.3215935326,23.161140754035
113.32164365804,23.161059930615
113.32169378349,23.160989158167
113.32169360383,23.160987912173
113.32169360383,23.160987912173
113.32164338855,23.160898782027
113.32162335634,23.160849191417
113.32161329532,23.160769447683
113.32146273931,23.160622087782
113.32112129339,23.16028799387
113.32087030683,23.160052333386
113.32075990508,23.159944263351
113.32070977963,23.159905221888
113.32069980844,23.15988545195
113.32066971521,23.159836027095
113.32063971181,23.159806621374
113.32060961857,23.159767247601
113.32052931006,23.159668730051
113.32044900155,23.159570212428
113.32042896933,23.159540640514
113.32039896593,23.159511234727
113.32015786073,23.159205463997
113.32002724711,23.158937737511
113.31994684877,23.158739205886
113.31990660468,23.158499970729
113.31990642502,23.158200012426
113.3199660725,23.157638969789
113.31995610131,23.157569192333
113.31995412504,23.157567198691
113.31995412504,23.157567198691
113.31999391997,23.157156424702
113.32002392338,23.157015955489
113.32015354886,23.156043548911
113.32025326077,23.155321757113
113.32027320316,23.155211440331
113.32031326758,23.155100791178
113.32034318116,23.154880323294
113.32038306592,23.154609680605
113.32043292188,23.154188845908
113.32050254055,23.153447605389
113.32052248294,23.153317349986
113.32053245413,23.153207280748
113.32060225247,23.152656019401
113.32076197118,23.15151311673
113.32076197118,23.151443169902
113.32088243395,23.151451061767
113.32088234412,23.151449981828
113.32088234412,23.151449981828
113.3216450055,23.151456876825
113.3217955615,23.151464270256
113.32271875008,23.151478641754
113.32371218614,23.151492099457
113.32404330155,23.151496668429
113.32568872775,23.15149035494
113.32620040257,23.15151236908
113.32634089755,23.151530229606
113.32677226386,23.151523666901
113.32685248254,23.151532472556
113.3271734471,23.15152773744
113.32778528298,23.151528651234
113.32888858181,23.151532721772
113.32906914122,23.151540198271
113.32916939211,23.151538869116
113.33028248247,23.151523749974
113.33036270115,23.151562710836
113.33036270115,23.151562046258
113.33036270115,23.151562046258
113.33037222319,23.150821787913
113.33038192489,23.150371699512
113.33038183506,23.150151722196
113.33040132829,23.149271393911
113.33040123846,23.149031477064
113.33036099437,23.148672016348
113.33036072488,23.148671684052
113.33036072488,23.148671684052
113.33085200816,23.14867517316
113.33104253876,23.148672764014
113.33110272523,23.148681985227
113.33125310157,23.148690043405
113.3317945103,23.14869328329
113.33223557831,23.148677997675
113.33223557831,23.148677831527
113.33223557831,23.148677831527
113.33227609189,23.149257437541
113.33227618172,23.149427489162
113.33222641559,23.149808131518
113.33221653423,23.149878245356
113.33223746475,23.151128159504
113.33223773424,23.151468174651
113.33223836305,23.152278292737
113.33223854272,23.152488297929
113.33223854272,23.152518286777
113.33224860374,23.152618221861
113.33224869357,23.15268825114
113.33224869357,23.152728291589
113.3322487834,23.152798320809
113.33225893425,23.153008242106
113.33225902408,23.153078271178
113.33224923255,23.153218412283
113.33225947323,23.153478341658
113.33225956306,23.1535883276
113.33227968511,23.153718084311
113.33224986136,23.153858473951
113.33225004103,23.154038488142
113.3322402495,23.154168659765
113.33222039694,23.15429891433
113.33223045797,23.154388796551
113.33224069865,23.154678711988
113.33177959843,23.154664423907
113.33177896962,23.154664423907
113.33176818995,23.154668328208
