113.27137511053,23.103478870591
113.27137403257,23.103479867819
113.27137403257,23.103479867819
113.27120461215,23.103407818096
113.27120452232,23.103407734993
113.27120452232,23.103407734993
113.27118457994,23.103447457914
113.27111469177,23.103576515771
113.27089496624,23.10399360531
113.27066526952,23.104420499543
113.27055549659,23.104609057217
113.27058532033,23.104739443569
113.27060517288,23.104789719981
113.27062511526,23.10481996892
113.27063508646,23.104860106925
113.27065502884,23.104890355848
113.27068494241,23.104920770968
113.27076462211,23.105001794817
113.27076408313,23.105001711715
113.27076408313,23.105001711715
113.27138220715,23.105199575902
113.27187079552,23.105345667792
113.27209016172,23.105418381272
113.27225967197,23.105460430421
113.27243915341,23.105512534782
113.27254883651,23.105533808646
113.27301757233,23.105669263248
113.27398513719,23.105940005837
113.2743841645,23.106044214163
113.27450390863,23.106085432106
113.27455376458,23.106105957973
113.27467350871,23.106147175897
113.27475327823,23.106167951056
113.27491290712,23.106229528607
113.27505259363,23.106280884762
113.2750825072,23.106291189231
113.27513236316,23.106321687129
113.27541164634,23.106444426559
113.27599024492,23.106699877113
113.27651898754,23.10693463524
113.27728730825,23.107311078379
113.2781854341,23.107738045044
113.27826529346,23.107778597665
113.27829520703,23.107788818918
113.2783650952,23.107829288424
113.27845492575,23.107879896063
113.27845501558,23.107880228462
113.27845501558,23.107880228462
113.27855481732,23.107940974224
113.27873447842,23.108042189399
113.27875442081,23.108062299465
113.27912362437,23.108314755332
113.27916350913,23.10835497538
113.27949282793,23.108627042076
113.27967239921,23.10879814299
113.28008148753,23.109190535803
113.28010142992,23.109210645696
113.28015128587,23.109260920414
113.28056028437,23.109763084862
113.28096919304,23.110415073134
113.28126832877,23.110976398733
113.28129824235,23.111036561396
113.2815474323,23.11158758031
113.28185662905,23.112118819875
113.28189651382,23.112199008362
113.28192642739,23.112249115755
113.28200628675,23.112369439898
113.28215594445,23.112600033169
113.28233560555,23.112840680709
113.28247538189,23.11300113986
113.28281476171,23.113352221477
113.28371324688,23.114394658346
113.28376319267,23.11444476491
113.2837632825,23.114444931101
113.2837632825,23.114444931101
113.28377316386,23.114514897449
113.28378313505,23.114554949427
113.28382301981,23.114665050757
113.28385302322,23.11468515982
113.28435221159,23.115316100906
113.28461173205,23.115736477346
113.28499090681,23.1164968742
113.28502082038,23.116546896876
113.28520039165,23.117007071374
113.28528016118,23.117227103686
113.28532004594,23.117327148469
113.28535993071,23.117417138853
113.2853699019,23.117447135634
113.28538984428,23.117507129176
113.28569877155,23.118747211213
113.28590807673,23.119577222124
113.28607740732,23.120407144752
113.28607749715,23.120407144752
113.28607749715,23.120407144752
113.28615735651,23.120617117345
113.28630710404,23.120977069589
113.28643690919,23.121237062188
113.28659671774,23.121457004394
113.28666669573,23.121526967045
113.28677664833,23.121656921324
113.28686656871,23.121726883869
113.2869465179,23.121796846377
113.2870464993,23.121876779744
113.28713650952,23.121936688192
113.28832622533,23.122805149923
113.28862616954,23.1230245079
113.28877618656,23.123124215951
113.2889462358,23.123233811631
113.28909625282,23.12334340722
113.28967628868,23.123741739479
113.2897662989,23.123801480906
113.28976620907,23.123801480906
113.28976620907,23.123801480906
113.29014628213,23.124050167807
113.29117672838,23.12471604484
113.29176709476,23.125023224571
113.29186716599,23.125072745499
113.29256766463,23.125498990312
113.29263773246,23.125538623532
113.29307808182,23.125796031453
113.29394889918,23.126340342037
113.29400899582,23.126369921361
113.29404906024,23.12638961321
113.29437945701,23.126587279334
113.29447952824,23.126656574577
113.29465972833,23.126765253373
113.2947898928,23.126834299259
113.29489005386,23.126903511285
113.29526051505,23.127120619121
113.29579123395,23.127466262705
113.29621182059,23.127722669839
113.29628188842,23.127762053133
113.29631189182,23.127801768764
113.29650215293,23.127910031187
113.29706305489,23.128274865762
113.297543828,23.128640197852
113.29761398566,23.128679497788
113.29774423996,23.12875818071
113.29778430438,23.128777789118
113.29783442983,23.128807284812
113.29799468753,23.128905659134
113.29852567592,23.129170122849
113.29893647103,23.12933571359
113.29917694742,23.129433090488
113.29942748482,23.129530301141
113.2997382087,23.129626763951
113.30019921909,23.129791440178
113.30073047696,23.129985113117
113.30122167042,23.130159094487
113.30125176365,23.130168732417
113.30157254855,23.130274666513
113.30161261297,23.130294191612
113.30163264519,23.130303912617
113.30167270961,23.13030349719
113.30334715108,23.130651292695
113.30632584232,23.131227903397
113.30648636952,23.131255404508
113.30732898008,23.131422238918
113.30746938524,23.131449989242
113.3074695649,23.131450155412
113.3074695649,23.131450155412
113.30751969034,23.131429301127
113.30786086678,23.131313979362
113.30795114648,23.131262632896
113.30801133295,23.131221755112
113.30806154823,23.131191013681
113.30813179572,23.131139999507
113.30815182793,23.131129780053
113.30819198219,23.131059240872
113.30826222968,23.130848204701
113.30852345692,23.129754134633
113.30851357556,23.129674372185
113.30855372982,23.12948385606
113.30855381965,23.129313945025
113.30851384505,23.129164722244
113.30847387046,23.129075487606
113.30843389586,23.128996223268
113.30818335846,23.128470368823
113.30813341267,23.128251269113
113.30811356012,23.128011729653
113.30813377199,23.127731477074
113.30817401608,23.127540958159
113.30822423136,23.127370213761
113.30843515349,23.126876923236
113.30853558405,23.126655411348
113.30858579932,23.126494719446
113.30860592137,23.126334525877
113.30864607562,23.126263984146
113.30864535698,23.126261657681
113.30864535698,23.126261657681
113.30915712163,23.126213300429
113.3099297542,23.126140598342
113.31005012713,23.126128633652
113.31071244779,23.126067563863
113.31112387171,23.126030672711
113.31137476844,23.126006494046
113.31195687041,23.125946587435
113.31214758067,23.125923405813
113.31244869268,23.125898313157
113.31331178461,23.125823367513
113.31456635808,23.125701393802
113.31474700732,23.125698319531
113.31490762435,23.125705465133
113.31569040777,23.125691672459
113.31651334545,23.125687185685
113.31690473716,23.125680289347
113.31768761041,23.125566541265
113.31778795113,23.125574767024
113.31801881565,23.125550754452
113.3199757742,23.125586316322
113.32011626918,23.125593877372
113.32046750664,23.125567870681
113.32121004597,23.125645059857
113.32153110036,23.125699565857
113.32160134785,23.125698485708
113.32166153432,23.125697571736
113.32170168858,23.125696990117
113.32182215135,23.125694995995
113.32182224118,23.125693084962
113.32182224118,23.125693084962
113.32220357187,23.125666579759
113.32229385157,23.125655113557
113.32231388378,23.125654864291
113.3228858349,23.125595289876
113.32324704355,23.125549341948
113.3236885607,23.125492093964
113.32415011008,23.12543459669
113.32455147298,23.125388150175
113.32492274264,23.125352255898
113.32500305116,23.125341038934
113.32549469376,23.125303316694
113.32604652284,23.125244739185
113.32649801119,23.125197877159
113.32712996911,23.125148356277
113.3276415541,23.125100829508
113.32778195925,23.125088864724
113.32834366969,23.125030785653
113.32855432233,23.125017823797
113.32855432233,23.125016411287
113.32855432233,23.125016411287
113.32913597515,23.12496813667
113.32918610059,23.124957501296
113.32947697192,23.124933571701
113.32950706515,23.124933239346
113.32988812635,23.124898092746
113.33010875018,23.124875160207
113.33017890784,23.124864275559
113.33076047083,23.124806694924
113.33089081496,23.124795062469
113.33137212705,23.124748948086
113.33157262884,23.124736484736
113.33220422745,23.124668767182
113.33224429187,23.124668351737
113.33234454277,23.124657217805
113.33260523102,23.124634202136
113.33267538868,23.124623483646
113.33274554635,23.124622735844
113.33280573281,23.124612100442
113.33381812312,23.124570722074
113.33416891143,23.124547041677
113.33434929117,23.124525189237
113.33448960649,23.124513806025
113.33483033377,23.124480404186
113.33491046262,23.124479656383
113.33506074914,23.124468190078
113.33676411604,23.124312314705
113.33725495017,23.124268194296
113.33733507902,23.124267612671
113.33934818167,23.124092792679
113.33962854282,23.124071106342
113.3397487361,23.124050417076
113.34004912946,23.124028647643
113.34012925831,23.124018261462
113.34034952282,23.12399707365
113.34038958725,23.123986936735
113.34079005185,23.123954864195
113.34139065891,23.123891965435
113.34150079116,23.123881496154
113.34158083019,23.123881246885
113.34161083359,23.123871193051
113.34283190027,23.123756363252
113.34305207495,23.123735673936
113.34356240231,23.123684241446
113.34471295201,23.123581791855
113.3447132215,23.123578385176
113.3447132215,23.123578385176
113.34479335035,23.123488232792
113.34487338937,23.123398163436
113.3449034826,23.123308177109
113.34491354363,23.123198249131
113.34491372329,23.122938343465
113.34496429789,23.122038474328
113.34497435891,23.121908520423
113.34501505215,23.120878689386
113.34501514198,23.120728792384
113.34503544368,23.120358868457
113.34506598607,23.119658984856
113.34511709966,23.118289203169
113.34511709966,23.118269260838
113.34510721829,23.118239347336
113.34507730472,23.118189491484
113.34499744536,23.118139718707
113.34499717587,23.118138721589
113.34499717587,23.118138721589
113.34434689251,23.118209849293
113.343276292,23.118332577729
113.343276292,23.118332577729
113.34327548353,23.118328423078
