113.28960172933,23.129038680377
113.28960343611,23.129041422225
113.28960343611,23.129041422225
113.28960361577,23.128601562598
113.28959391407,23.128161701512
113.28959373441,23.128161535339
113.28959373441,23.128161535339
113.2888933256,23.128343329255
113.28845324573,23.128374237519
113.28759302838,23.128455496309
113.28707299932,23.128495959512
113.28637303966,23.128546143837
113.28620317009,23.128566084624
113.28580324448,23.128605966187
113.28570335291,23.128635877351
113.28566346814,23.128665871596
113.28516356113,23.128825397657
113.28508370177,23.128845338401
113.28500384241,23.128865196056
113.28497392883,23.128875166425
113.28451408624,23.129014419173
113.28444419807,23.129044330246
113.28444285061,23.129044330246
113.28444285061,23.129044330246
113.28389308764,23.129043167038
113.28381322828,23.129043083951
113.2838232893,23.128963237989
113.28382310964,23.12896298873
113.28382310964,23.12896298873
113.28384314186,23.128783106652
113.28388329611,23.128463306456
113.28390332833,23.1282934772
113.28392336054,23.128123647727
113.28396351479,23.127733886601
113.28398354701,23.127564056411
113.28402370126,23.127174293641
113.28406376569,23.127034457347
113.28406385552,23.127033709559
113.28406385552,23.127033709559
113.28377406216,23.12692303688
113.28361425361,23.126862715245
113.28356439766,23.126852661637
113.28346450608,23.126842441852
113.28342462132,23.126842441852
113.28257527346,23.126839866134
113.28251544631,23.126829729436
113.28246559036,23.126819592738
113.28229581062,23.126769075409
113.28224595466,23.126738997648
113.28218612751,23.126708836792
113.28208632577,23.126678509754
113.28172673408,23.126617107866
113.28125727962,23.126575065421
113.28111750328,23.126564513264
113.28087783537,23.126523384768
113.28079797601,23.126513081871
113.28054833691,23.126451846082
113.28049848095,23.126441626267
113.28016898249,23.126369838273
113.28008921296,23.126349481717
113.27990955186,23.126318489892
113.27974983314,23.126287581149
113.27878128014,23.126181394604
113.27870151061,23.126170925503
113.27846193253,23.126169263741
113.27824238666,23.126127719683
113.27781326612,23.125954563907
113.27726440146,23.125620299502
113.27625659251,23.125011758313
113.27625398742,23.125009431825
113.27625398742,23.125009431825
113.2759845856,23.12480702728
113.27556552608,23.124653146441
113.27535604123,23.124591245082
113.27530627511,23.12456083447
113.27507693771,23.124448664122
113.27491739865,23.124357182901
113.2744885476,23.124092875768
113.27434895092,23.124011531216
113.27420935425,23.123920132783
113.27396007447,23.12376758035
113.27391030834,23.123717144948
113.27386054222,23.123666709527
113.27382074728,23.123556366397
113.27380107439,23.123306266041
113.27378131167,23.123196171881
113.27370163197,23.123105354517
113.27347238441,23.122872951518
113.2729839757,23.122377567007
113.27302386047,23.122358123833
113.27305377404,23.122338514476
113.27305233675,23.122336769575
113.27305233675,23.122336769575
113.27314225713,23.12221786701
113.27331194704,23.122129874057
113.27348163696,23.121981889555
113.2736514167,23.12171392169
113.2737213947,23.121524806678
113.27373145572,23.121455010209
113.27375166759,23.121075366627
113.2737319947,23.120815290619
113.27372220317,23.1206953065
113.2737125913,23.120325299389
113.27371232181,23.120324468471
113.27371232181,23.120324468471
113.27363255228,23.120263645285
113.27361269973,23.120223511938
113.27358287599,23.120153299325
113.2735232285,23.120032732964
113.27347346237,23.119952299934
113.27344363863,23.119922054443
113.27344327931,23.119921555891
113.27344327931,23.119921555891
113.27336341995,23.119880674612
113.27314405374,23.11979824728
113.27310425881,23.119777889715
113.2730345503,23.119747145632
113.27300472656,23.1197369253
113.27290510448,23.119705848839
113.27255611279,23.11956185006
113.27249637547,23.119531189019
113.27249574666,23.119530690466
113.27249574666,23.119530690466
113.27208692782,23.119365752223
113.27176793953,23.119231973447
113.27033226767,23.118643677603
113.27004328279,23.118519869247
113.26999351666,23.118489291058
113.26992380815,23.118458463583
113.26987404203,23.11842788538
113.26987350304,23.118427386822
113.26987350304,23.118427386822
113.26962422327,23.1183839292
113.26940494689,23.1183210278
113.26934520957,23.1183103088
113.26897645516,23.118215250343
113.26852793122,23.118098919972
113.26844825152,23.118077897401
113.26831871587,23.118056126988
113.26822906498,23.118034938224
113.26801984963,23.117961982376
113.2677807207,23.117888527927
113.26757150535,23.117825543198
113.26751176803,23.117804769864
113.26703342035,23.117677636988
113.26690397452,23.11764572911
113.26656522351,23.117560641398
113.26567841631,23.117186969421
113.26559882645,23.117155809269
113.26555903151,23.117155227612
113.26517051438,23.116989123103
113.26434362416,23.116655833237
113.26420420714,23.116573653184
113.26413458847,23.116542575982
113.26394540533,23.116439539216
113.26390561039,23.116418931854
113.2638559341,23.116388186992
113.26353739496,23.116103007288
113.26337821523,23.115920448747
113.26310953205,23.115606101795
113.26297020486,23.115493840781
113.26296759978,23.115491514127
113.26296759978,23.115491514127
113.26294774723,23.115461184524
113.26272874034,23.115277627961
113.26253964703,23.115144509824
113.26227078419,23.114970010191
113.2621414282,23.114897883609
113.26200210102,23.114825590797
113.26120530403,23.114462048762
113.26097632595,23.114358179426
113.26064754614,23.11438244331
113.26064673766,23.114381944737
113.26064673766,23.114381944737
113.26063658681,23.114601732116
113.26063658681,23.114711750312
113.26059679188,23.114741082943
113.26054702575,23.114770249376
113.2605271732,23.114799914375
113.26052672405,23.114799748185
113.26052672405,23.114799748185
113.26032747989,23.114786286757
113.26023791883,23.114774819615
113.25996896616,23.114760194852
113.25955053545,23.114772825329
113.25930152516,23.114768504376
113.25923190649,23.114767341043
113.2587138537,23.114738257704
113.25822571448,23.114729698892
113.25813615342,23.114728203177
113.25705019189,23.114728867939
113.25693080709,23.114666795759
113.25664200187,23.114611703558
113.25649261366,23.114589101623
113.25566572344,23.114604308072
113.25562592851,23.114613614751
113.25557616238,23.114622755238
113.25552639626,23.114631895725
113.25552495897,23.114630981676
113.25552495897,23.114630981676
113.25501678754,23.11463197882
113.25480766202,23.114638294065
113.2538710887,23.114641700973
113.25348257156,23.114644858595
113.25283498312,23.114653500509
113.25258597283,23.114649262647
113.25229707778,23.114654248366
113.25217760315,23.114652254079
113.2516893741,23.114663804327
113.25137056548,23.114658403132
113.2511912637,23.114655411701
113.2508425415,23.114659400276
113.25040416841,23.114652004793
113.24992591056,23.114653915985
113.2492582899,23.114652835746
113.24885971175,23.114656242654
113.24882988801,23.114655827177
113.24854090312,23.114671116714
113.24828183181,23.114676933386
113.24815229616,23.114684827439
113.2480327317,23.114692887683
113.24770386205,23.114707595548
113.24739493478,23.114712664361
113.24713586348,23.114718564125
113.24713397703,23.114717816268
113.24713397703,23.114717816268
113.24698440917,23.114705518166
113.24690472947,23.114694383398
113.24688487692,23.114694134112
113.24675534126,23.11470211126
113.24670557514,23.114711334836
113.2465560971,23.114739005561
113.24655573778,23.114738839371
113.24655573778,23.114738839371
113.24598720022,23.115130051291
113.24581768997,23.1152474645
113.24547857964,23.115502316449
113.24534895416,23.115590396892
113.24522929986,23.115688614826
113.24517944391,23.115767887115
113.24515959135,23.115787580538
113.24513964897,23.115877239588
113.24512976761,23.115917124966
113.24508988285,23.116056474411
113.24505987944,23.116306006773
113.2450000523,23.116425080825
113.24490034038,23.116513576126
113.2448007183,23.116572074396
113.24471106741,23.116610796248
113.24460147414,23.11661918875
113.24450185206,23.116627747441
113.24442217236,23.116626667218
113.24435246385,23.116595756216
113.24426290279,23.116544570241
113.24419319429,23.116493633528
113.24414351799,23.116413032164
113.24413363663,23.116382952055
113.24410390272,23.116322625628
113.24409402136,23.116292545499
113.24408414,23.116262465362
113.24407434847,23.116112396956
113.24407201287,23.116111732201
113.24407201287,23.116111732201
113.24417181462,23.116003127771
113.24441130286,23.115776695144
113.24445118763,23.115737391387
113.24445127746,23.115737225197
113.24445127746,23.115737225197
113.24461090635,23.11558948285
113.24480044881,23.115432350622
113.24488021834,23.115383573949
113.24503984723,23.115265994671
113.2452194185,23.115128721771
113.24527924565,23.115089667107
113.24541893215,23.114991864205
113.24563838819,23.114835229841
113.24571815772,23.114776564615
113.24592764256,23.114649844315
113.2459974409,23.114600984258
113.2460374155,23.114541654166
113.24608727145,23.114482490238
113.2461870732,23.114354107747
113.24619704439,23.11431438809
113.24620701558,23.114294611353
113.24624699017,23.114175286102
113.24626702239,23.114115706532
113.24629702579,23.114016240999
113.24636709362,23.113707456962
113.24637715464,23.113587715704
113.24635757158,23.113317570386
113.24633780886,23.113187358651
113.24623863593,23.112746033818
113.24622875457,23.112715952878
113.24619902066,23.112625626919
113.24611952062,23.112434504634
113.24578121877,23.111809532841
113.24506464046,23.11059913501
113.24459698261,23.109712561039
113.24403967388,23.108784847152
113.2439700552,23.108663938067
113.24353213126,23.107918038754
113.24335300914,23.107595695275
113.24319382941,23.107333681553
113.24318394805,23.107303599386
113.24298488355,23.106991060228
113.24289541232,23.106819956985
113.2428656784,23.106719654981
113.2428259733,23.106619186701
113.24279632922,23.106428886773
113.24276668514,23.106248641742
113.24275698344,23.106108617194
113.24275707327,23.106038729516
113.24275554615,23.106035405488
113.24275554615,23.106035405488
113.24266607492,23.105704331841
113.2425269274,23.105332620912
113.24238769004,23.105000963803
113.24233792392,23.104970382499
113.24229812898,23.104949939559
113.24224836286,23.104919358244
113.24221853912,23.104899081498
113.24218871537,23.104878804749
113.24213894925,23.104858278693
113.24209915431,23.104837835735
113.24205935938,23.104827364951
113.24199962206,23.104816644861
113.24194985594,23.104806090974
113.24190008981,23.104805509263
113.2418403525,23.104794789172
113.24180055756,23.104794373664
113.24179938976,23.104793210243
113.24179938976,23.104793210243
113.24145012858,23.104948693038
113.24136038786,23.10500752881
113.23963384467,23.105776878923
113.23963366501,23.105776878923
113.23963366501,23.105776878923
113.23956269888,23.106845884251
113.23953269547,23.107045490791
113.23951266326,23.107195237049
113.2395124836,23.107195237049
113.23951221411,23.10719349195
