113.32032377776,23.155997445398
113.32032404725,23.156000518966
113.32032404725,23.156000518966
113.32019460143,23.15700299676
113.32018472006,23.157053170292
113.3201848099,23.15713316547
113.32015498615,23.157323724919
113.32012516241,23.157534303591
113.32009524884,23.157654835848
113.32007548611,23.157855196601
113.32003578101,23.158205993324
113.32004611152,23.158485849195
113.32005617255,23.158555709236
113.32008635561,23.158665192555
113.32008563697,23.158665192555
113.32008563697,23.158665192555
113.32023655229,23.159022632534
113.32038728796,23.159250071181
113.32068875929,23.159634921735
113.32073897456,23.159704033566
113.32077912882,23.15974332429
113.32079925086,23.159772979227
113.32083940512,23.159812269931
113.32085952716,23.159831956812
113.32088971023,23.159881464736
113.32094998653,23.159940442272
113.32115084764,23.16013706156
113.32135170875,23.160323629486
113.32184389034,23.160805332369
113.32242653129,23.161405568756
113.32266763649,23.161691564738
113.32288870948,23.16195787354
113.32314993672,23.162263554849
113.32346146907,23.162728471508
113.32367257087,23.163145042757
113.32392409641,23.163831074188
113.32402470663,23.164089487576
113.32426617115,23.16471570809
113.32436678136,23.164954101379
113.32439696443,23.165043644114
113.32455794078,23.165431135861
113.32457815265,23.165540862685
113.32464875946,23.165939815695
113.32464902896,23.166159849851
113.32463932726,23.166390100377
113.32459971198,23.166780827626
113.32458983062,23.166851015541
113.32455991705,23.166981506819
113.32452003228,23.167172218221
113.32447026616,23.167483120409
113.32437037459,23.167824837868
113.32435052204,23.167955162063
113.32419053382,23.168387830825
113.32402048459,23.168850732505
113.32388070825,23.169433157368
113.32380102855,23.169944562825
113.32378126583,23.170124970451
113.32378126583,23.170154955304
113.32378144549,23.170294995276
113.32378153533,23.170374982454
113.32378153533,23.170415017554
113.32379168618,23.170534873603
113.32379177601,23.170604893407
113.32380219635,23.170974843213
113.32382240823,23.171114550078
113.32385277095,23.171384079256
113.3239837439,23.171922056191
113.32402407781,23.172101464409
113.32410474565,23.172480214294
113.32412486769,23.172539933749
113.3243063254,23.17339718321
113.32437684239,23.173726094425
113.32438690341,23.173775929386
113.32443738818,23.174075187934
113.32452820686,23.174623785319
113.32455847976,23.174813322902
113.32462908657,23.175242231664
113.32466942049,23.175491652599
113.32470984424,23.175781023485
113.32474011713,23.17600054294
113.32480066293,23.176429613967
113.32483084599,23.17656914896
113.32494160706,23.177037420678
113.32500197319,23.177186506484
113.32507231051,23.177345392731
113.32519295294,23.177593480809
113.32533362758,23.177891318776
113.32547430223,23.17817910636
113.32581592781,23.178823864552
113.32588626513,23.178972782235
113.32594654143,23.179081833394
113.32624792293,23.179657236646
113.32634835349,23.179855736899
113.32648902813,23.180123587186
113.32654930443,23.180242686954
113.32656942647,23.180282386853
113.32667991805,23.180480720059
113.32688086899,23.180957698577
113.32694114529,23.181126795893
113.32701157245,23.181435755069
113.32701157245,23.181485753233
113.32702163347,23.181565650593
113.32704184534,23.181835407642
113.32704085721,23.181835490695
113.32704085721,23.181835490695
113.32725150985,23.181792303027
113.32725150985,23.181792303027
113.32724971324,23.181787984259
