113.24562069157,23.114531017956
113.24561889496,23.114524536515
113.24561889496,23.114524536515
113.24595809512,23.114249822849
113.24606786805,23.114171629895
113.24616757997,23.114123268237
113.2462473495,23.114114543193
113.24624725967,23.114114210811
113.24624725967,23.114114210811
113.24626720205,23.114114460098
113.24633700039,23.114125511819
113.24639682753,23.114156423396
113.24671563616,23.114341311038
113.24671563616,23.114341394134
113.24671563616,23.114341394134
113.24675543109,23.114371973279
113.24676540228,23.114402136939
113.24677537347,23.114432300593
113.24677537347,23.114452326596
113.24677537347,23.114472352596
113.24676549211,23.114502183852
113.24675561075,23.114522043653
113.24674572939,23.114541903452
113.24673584803,23.114561763248
113.2466560785,23.114640537639
113.24655636659,23.114739005561
113.24598782903,23.115130217481
113.24581831878,23.115247630689
113.24547920845,23.115502482639
113.24534958297,23.115590563081
113.24522992868,23.115688781015
113.24518007272,23.115768053304
113.24516022017,23.115787746728
113.24514027779,23.115877405777
113.24513039643,23.115917291155
113.24509051166,23.1160566406
113.24506050826,23.116306172962
113.24500068111,23.116425247013
113.2449009692,23.116513742314
113.24480134712,23.116572240584
113.24471169623,23.116610962436
113.24460210295,23.116619354939
113.24450248087,23.116627913629
113.24442280118,23.116626833406
113.24435309267,23.116595922404
113.24426353161,23.116544736429
113.2441938231,23.116493799716
113.24414414681,23.116413198353
113.24413426545,23.116383118244
113.24410453153,23.116322791817
113.24409465017,23.116292711687
113.24408476881,23.116262631551
113.24407497728,23.116112563145
113.24407201287,23.116111732201
113.24407201287,23.116111732201
113.24417181462,23.116003127771
113.24441130286,23.115776695144
113.24445118763,23.115737391387
113.24445127746,23.115737225197
113.24445127746,23.115737225197
113.24461090635,23.11558948285
113.24480044881,23.115432350622
113.24488021834,23.115383573949
113.24503984723,23.115265994671
113.2452194185,23.115128721771
113.24527924565,23.115089667107
113.24541893215,23.114991864205
113.24563838819,23.114835229841
113.24571815772,23.114776564615
113.24592764256,23.114649844315
113.2459974409,23.114600984258
113.2460374155,23.114541654166
113.24608727145,23.114482490238
113.2461870732,23.114354107747
113.24619704439,23.11431438809
113.24620701558,23.114294611353
113.24624699017,23.114175286102
113.24626702239,23.114115706532
113.24629702579,23.114016240999
113.24636709362,23.113707456962
113.24637715464,23.113587715704
113.24635757158,23.113317570386
113.24633780886,23.113187358651
113.24623863593,23.112746033818
113.24622875457,23.112715952878
113.24619902066,23.112625626919
113.24611952062,23.112434504634
113.24578121877,23.111809532841
113.24506464046,23.11059913501
113.24459698261,23.109712561039
113.24403967388,23.108784847152
113.2439700552,23.108663938067
113.24353213126,23.107918038754
113.24335300914,23.107595695275
113.24319382941,23.107333681553
113.24318394805,23.107303599386
113.24298488355,23.106991060228
113.24289541232,23.106819956985
113.2428656784,23.106719654981
113.2428259733,23.106619186701
113.24279632922,23.106428886773
113.24276668514,23.106248641742
113.24275698344,23.106108617194
113.24275707327,23.106038729516
113.24275554615,23.106035405488
113.24275554615,23.106035405488
113.24266607492,23.105704331841
113.2425269274,23.105332620912
113.24238769004,23.105000963803
113.24229821881,23.104829941096
113.24219877639,23.104618780104
113.24213921874,23.104468116821
113.24198012883,23.104056181093
113.24192057118,23.103905517172
113.24190080846,23.103845351279
113.24141356755,23.102479561536
113.24112521148,23.10164620267
113.24112530131,23.101526284326
113.241124403,23.101525370187
113.241124403,23.101525370187
113.24099504701,23.101153813767
113.24043800776,23.099587464739
113.24041824504,23.099507351739
113.24033874501,23.09923651293
113.24025942463,23.098825724446
113.24021980936,23.098605412316
113.24011075507,23.098014365673
113.24008111099,23.097764134081
113.24007140929,23.097594099326
113.24007078047,23.097593434478
113.24007078047,23.097593434478
113.23994115499,23.097532019134
113.23836543729,23.096775004124
113.23789670148,23.096550367047
113.2377970794,23.096499505769
113.23757771319,23.096387477919
113.23671983143,23.095969616528
113.23615120404,23.095654723692
113.23550271729,23.095319468795
113.23540300538,23.095268773261
113.23537327147,23.095168628747
113.23537228333,23.095167880779
113.23537228333,23.095167880779
113.23518301036,23.094666409105
113.2348643814,23.093744241471
113.23451574903,23.092761896519
113.23402760982,23.091388762241
113.23365894524,23.090396509725
113.23325030606,23.089254151035
113.23322048232,23.089184088265
113.233160745,23.089013793194
113.23281193297,23.088011965063
113.23271231089,23.087731544919
113.23258277524,23.087330943686
113.23253300911,23.087190732969
113.23238344124,23.086850054387
113.23232370393,23.086689812975
113.232014597,23.085808398646
113.23191497492,23.085408040957
113.23175552569,23.084827407961
113.23169587821,23.084347257631
113.23164611208,23.084207126881
113.23159625612,23.084136978336
113.23154640017,23.084086860336
113.23146654081,23.084036576088
113.2314647442,23.084034996913
113.2314647442,23.084034996913
113.2295061687,23.084027932182
113.22868664458,23.084035994287
113.22861675641,23.084035911172
113.22826695624,23.084035412485
113.22818709688,23.084035412485
113.22808720531,23.084045303108
113.22802728833,23.084075224313
113.22793736795,23.084115119243
113.22752720166,23.084794661049
113.22752657284,23.084794328593
113.22752657284,23.084794328593
113.22741653042,23.084794245479
113.22736658463,23.084804219158
113.22721665744,23.084814109723
113.22687673864,23.084833973965
113.22670686907,23.084814026609
113.22650699609,23.084744127727
113.22650663677,23.084743878385
113.22650663677,23.084743878385
113.22566681095,23.084324318088
113.22550691257,23.084234554619
113.22496694112,23.083965346964
113.22333660645,23.083149159881
113.22307654701,23.083020082177
113.22239626025,23.082682634401
113.22181595489,23.082395138194
113.22150577,23.082246610711
113.22142582081,23.082207047682
113.22018481174,23.081613767072
113.22005473711,23.081554588475
113.21988468787,23.081465737412
113.21943427749,23.081238664082
113.21926413843,23.081149895925
113.21875363141,23.080883507982
113.21872371783,23.080873783357
113.21819308877,23.080637732423
113.21790275643,23.080570075493
113.21723172221,23.080495602961
113.21702142889,23.080477483522
113.21697139327,23.080468008218
113.21688129323,23.08045886538
113.21677116098,23.080449888774
113.21645064557,23.080412818713
113.21620028782,23.080385140836
113.21593986906,23.080307675995
113.21592989787,23.080297868211
113.21543906374,23.080062647424
113.21462753454,23.080050927932
113.21359538151,23.080042117534
113.21335490512,23.080044860394
113.21309439652,23.080037878568
113.21297420325,23.080039291556
113.21246306741,23.080045275978
113.21188168409,23.080042450001
113.20976617461,23.080030065572
113.20945536091,23.080024413617
113.2094523965,23.080021670757
113.2094523965,23.080021670757
113.20956189994,23.08262004855
113.20956189994,23.08262004855
113.20956189994,23.08262004855
113.21066492927,23.082695184814
113.21114615154,23.082718955792
113.21114615154,23.082718955792
113.21115270917,23.082718290869
