113.27874121571,23.106437279919
113.27881595473,23.106473096213
113.27881595473,23.106473096213
113.27922630069,23.105606106519
113.2792863075,23.105486607256
113.27943650418,23.105137748569
113.27956639916,23.105098690965
113.27956639916,23.10509835856
113.27956639916,23.10509835856
113.27962640596,23.104968720472
113.27964643818,23.104918942737
113.27970644498,23.104809415033
113.27973644839,23.104739692874
113.27984658064,23.104520470877
113.27987658405,23.104470776075
113.27999677733,23.104181664979
113.28028710967,23.103543524174
113.28049740299,23.103054881921
113.28062756745,23.102765684639
113.28062756745,23.102764936714
113.28062756745,23.102764936714
113.28053764707,23.10271449333
113.28004851972,23.102461860609
113.27997872138,23.102421555673
113.27922019221,23.102026982171
113.27922001255,23.102026732861
113.27922001255,23.102026732861
113.27913979387,23.102326153426
113.27909981927,23.102485877359
113.27904978366,23.102645517997
113.27895977344,23.102864826192
113.27881972762,23.103223829352
113.27870986485,23.103313081376
113.27840030877,23.103440809727
113.27816064086,23.103569036568
113.27722191161,23.103851583935
113.27709219629,23.103890475702
113.27685261821,23.103958453164
113.27661312996,23.103996347676
113.27647344346,23.104005073384
113.27613415346,23.104022026188
113.27603444155,23.104031084302
113.2757949533,23.104058840356
113.27569524139,23.104058009336
113.27521626489,23.104063327861
113.27521464794,23.104063244759
113.27521464794,23.104063244759
113.27440698146,23.103405075718
113.27399816262,23.103190837667
113.27320046733,23.102812139073
113.27271196879,23.102586598075
113.27224341264,23.102361139798
113.2719045718,23.102167094126
113.27190403282,23.102166761713
113.27190403282,23.102166761713
113.27150428687,23.102881612936
113.27120461215,23.103407734993
113.27118466977,23.103447457914
113.2711147816,23.103576515771
113.27089505607,23.10399360531
113.27066535935,23.104420499543
113.27055558642,23.104609057217
113.27040574906,23.104897003962
113.27038589651,23.104916698998
113.27034601174,23.10498617176
113.27033604055,23.105046004732
113.27032615919,23.105085893365
113.27017641166,23.105343839567
113.27004660652,23.105582007232
113.26997680818,23.105701007804
113.26994698444,23.105740563836
113.2698372115,23.105939008627
113.26973740976,23.106097647906
113.26934799432,23.106712175956
113.26859880753,23.108061302272
113.26849900578,23.108229827836
113.26820948192,23.10872551446
113.2679398106,23.109291417631
113.26784998005,23.109490023311
113.26784000886,23.109539882431
113.26781018512,23.1095694655
113.26780775969,23.109569548599
113.26780775969,23.109569548599
113.26761794774,23.109916650576
113.26755812059,23.11003573036
113.26752820702,23.110115255321
113.26745831885,23.110304137298
113.26723859332,23.110830728528
113.26721865094,23.110900447489
113.26718873737,23.110999998455
113.26703890001,23.11138764821
113.2670382712,23.11138764821
113.2670382712,23.11138764821
113.26775574781,23.111718375294
113.2678453987,23.111759674573
113.2678453987,23.111759674573
113.2678453987,23.111759674573
113.26769556134,23.112067465979
113.26761570198,23.112226264127
113.26729626454,23.112771378251
113.26704662544,23.113307515751
113.26704635594,23.113307432655
113.26701832881,23.11332612929
