113.28022341981,23.128988828584
113.28022611472,23.128978442791
113.28022611472,23.128978442791
113.28040586565,23.128999463635
113.2810252473,23.128992816728
113.28147484921,23.128994976973
113.28164471878,23.128985837476
113.28180461716,23.128986502166
113.2822243055,23.128988246979
113.28226428009,23.128988413152
113.28264399383,23.12898982562
113.28317363476,23.128981600072
113.2838232893,23.128963404162
113.2839032385,23.128973623783
113.28445300147,23.128974786992
113.28445282181,23.12897437156
113.28445282181,23.12897437156
113.28494275763,23.128845172228
113.28498273223,23.128835284943
113.28506268142,23.12881551037
113.28515269163,23.128785682332
113.28521269844,23.128765824666
113.28565268848,23.128626322397
113.28570263426,23.128636375871
113.28580261566,23.128606547793
113.28620263111,23.128566749316
113.28637259051,23.128546891617
113.28707263999,23.128496790379
113.28759275888,23.128456410263
113.28845306607,23.12837523456
113.28889323577,23.128344409383
113.28959364458,23.128162698555
113.2896736836,23.128122567597
113.28980375824,23.128092240883
113.29020404317,23.127991041
113.29052428908,23.12796993691
113.29058429589,23.127979741173
113.29113468768,23.128087504929
113.29123475891,23.12810703035
113.29134489117,23.128126555768
113.29179530155,23.128214378568
113.2919454084,23.128223601205
113.29254601546,23.128250355158
113.29261608329,23.128250022811
113.29261635279,23.128248444161
113.29261635279,23.128248444161
113.29328720734,23.128154472956
113.2933973396,23.128153891348
113.29353756509,23.128133036544
113.29420850947,23.128048620253
113.29496973356,23.127963123778
113.29550063212,23.127909034143
113.29586130178,23.127856107704
113.29593145944,23.127845638736
113.2960016171,23.127825116232
113.29610177816,23.127804344463
113.29628215791,23.127762884004
113.29638231897,23.127742112226
113.29643235459,23.127771691237
113.29643226476,23.127770611105
113.29643226476,23.127770611105
113.29657249025,23.127879372075
113.29683290902,23.128046958515
113.29710338881,23.128224432074
113.29752406528,23.128610369775
113.29759422294,23.128649669719
113.29773444843,23.128738239952
113.29781457728,23.128767403309
113.29783460949,23.128807201725
113.2978546417,23.128837029758
113.29785455187,23.128837112844
113.29785455187,23.128837112844
113.29799477736,23.128925682952
113.29851579456,23.1291903128
113.29878636418,23.129297410883
113.29878636418,23.129297410883
113.29878636418,23.129297410883
113.29890655746,23.129356152774
113.29902684056,23.129394870895
113.29916715589,23.129453363485
113.29938760006,23.129530882743
113.29942766448,23.129540437633
113.29952791538,23.129579321872
113.29960813406,23.129598431643
113.2996682307,23.129627760982
113.30019939875,23.129791606349
113.30040987173,23.129859155116
113.30074062782,23.129965172545
113.30123182127,23.130139153941
113.3012619145,23.130148791872
113.30165285706,23.130273835658
113.30165285706,23.130273752572
113.30165285706,23.130273752572
113.30173307574,23.130292696072
113.30179326221,23.130301918565
113.30179326221,23.13030200165
113.30179326221,23.13030200165
113.30335739177,23.130631186052
113.30630598977,23.131188271877
113.30633608301,23.131187856453
113.30636617624,23.131197411223
113.30666710859,23.131252745791
113.3071185071,23.131345717783
113.30732915975,23.131392411466
113.30751978018,23.131429384211
113.30806154823,23.131540717808
113.30813179572,23.131549607875
113.30817194998,23.13155899645
113.3083625704,23.131605939312
113.30875387228,23.131679552334
113.30895455374,23.1317262459
113.30918532842,23.131772440943
113.30961678456,23.131885269773
113.30981746601,23.131931963267
113.30993783895,23.131969932875
113.31002811865,23.13198846071
113.31015855261,23.132026264133
113.310479607,23.132130867395
113.31063007317,23.132188361766
113.3110414971,23.132331349827
113.31116187003,23.132379289426
113.31132239723,23.132436534437
113.31173382115,23.132579439146
113.31185419409,23.132627378656
113.31196459584,23.132675484317
113.31216527729,23.132752004684
113.31216518746,23.1327519216
113.31216518746,23.1327519216
113.31290781662,23.133089075962
113.31290781662,23.133089075962
113.31290781662,23.133089075962
113.31307840484,23.133156041463
113.31334933378,23.133271278542
113.31341958127,23.133300025483
113.3137607577,23.133474002504
113.31385103741,23.133492447046
113.31390125269,23.133521526273
113.31404174767,23.133579020041
113.31421233588,23.133656038388
113.31492487181,23.133963446662
113.31563740774,23.134280824185
113.31577790273,23.134338317624
113.31604883167,23.134453470593
113.31616929444,23.134501326342
113.31695207786,23.134807403333
113.31703238637,23.134835983776
113.3170324762,23.134836233024
113.3170324762,23.134836233024
113.31764467141,23.135015359148
113.31824680559,23.135144718633
113.31917008399,23.135238435638
113.31974212494,23.135278398277
113.31974212494,23.135278481359
113.31974212494,23.135278481359
113.31986258771,23.13525638144
113.31998305048,23.135224394708
113.32005329797,23.135223231554
113.32010351325,23.135232370621
113.32054512023,23.135254719792
113.3206053067,23.135253722803
113.32080598815,23.135250316424
113.3210769171,23.135215754135
113.32126762736,23.135182521156
113.32149840204,23.13514862351
113.3215385563,23.135118049154
113.32159874277,23.135067119574
113.32165892924,23.135036212869
113.32171911571,23.135025245972
113.32173914792,23.135015026818
113.32175918013,23.13501477757
113.32179933439,23.135004143001
113.32182942762,23.135003727589
113.32191970733,23.135002232102
113.32193973954,23.135001982855
113.32196983277,23.135011454267
113.32202004805,23.135020593349
113.32206020231,23.135029898595
113.32212038878,23.135058894403
113.32216054303,23.135088222534
113.32221075831,23.135117384494
113.32224085155,23.135156848675
113.32227094478,23.135196312844
113.32229097699,23.135216003382
113.32230103801,23.135245829973
113.32232107023,23.135275490393
113.32234110244,23.135315120691
113.32235116346,23.13534494726
113.32235116346,23.135394962829
113.32235116346,23.135454948253
113.32235116346,23.135494910826
113.32234119227,23.135535039552
113.32233122108,23.135565198401
113.3223112787,23.135615546215
113.32229133632,23.135655924151
113.32227139393,23.135686249136
113.32224139053,23.135726793215
113.32221138712,23.135747314496
113.32219144474,23.135767669609
113.32217150236,23.13578802472
113.32215155998,23.135798326897
113.32212155657,23.135818848167
113.32208149215,23.135849505443
113.32208041418,23.135848093048
113.32208041418,23.135848093048
113.32210044639,23.136037769209
113.32210044639,23.136287762474
113.32210044639,23.136287762474
113.32210044639,23.136287762474
113.3222510024,23.136285186939
113.32237137534,23.136283192977
113.32237137534,23.136283192977
113.32237137534,23.136283192977
113.32236140414,23.136213321192
113.32257214662,23.135789852525
113.32282304335,23.135665727845
113.32306387905,23.135641800183
113.32316421978,23.135630168679
113.32349533519,23.135624768337
113.32388663707,23.135648280592
113.32452874585,23.135707767409
113.32501032743,23.13579001869
113.3251607936,23.135817601936
113.32577280915,23.135937904703
113.32624432971,23.136020571251
113.32659547733,23.136085125896
113.32673588249,23.136132981057
113.32673579265,23.136132648729
113.32672869604,23.136175602045
