113.28216375971,23.096140733752
113.28219241565,23.096113474685
113.28219241565,23.096113474685
113.28216259191,23.096093445916
113.28187315787,23.095852352485
113.28179338834,23.095792099835
113.28171361882,23.095731847158
113.28127443725,23.095369998095
113.28105489138,23.095199046093
113.28032627579,23.094615380891
113.2801966503,23.094494708227
113.28010690958,23.094424315789
113.28027677915,23.094335390223
113.28027579102,23.094334559143
113.28027579102,23.094334559143
113.28063511322,23.094666492213
113.28079483194,23.094797303867
113.28197286979,23.095752623947
113.28228242586,23.095993800666
113.28248211918,23.096164502324
113.28285159223,23.096455708542
113.28299136857,23.096596158801
113.28331098567,23.096827111893
113.28337090265,23.096877308194
113.28337090265,23.0968773913
113.28337090265,23.0968773913
113.28374046554,23.09716826353
113.28408011485,23.097418994881
113.28421998102,23.097509248079
113.28460957612,23.097829953927
113.28489936947,23.098000403909
113.28513921705,23.09812065786
113.28522913743,23.098160714784
113.28525914083,23.098170770566
113.2853590324,23.098220883254
113.28545901381,23.098260940148
113.285748897,23.098361165435
113.28583881738,23.098401222287
113.28616867516,23.098521309664
113.28745837238,23.098970742982
113.28763830297,23.099040551275
113.28774825557,23.099080441711
113.28774816574,23.099080524816
113.28774816574,23.099080524816
113.28797822178,23.099070219788
113.28817818459,23.099159890129
113.28955834117,23.099676636102
113.28955834117,23.099676719207
113.28955834117,23.099676719207
113.28992934135,23.098865698053
113.29001962105,23.09861555117
113.29028021948,23.098134868928
113.29050084331,23.097654268052
113.29059112301,23.09747401111
113.2906713417,23.097303809772
113.29073152817,23.097173665437
113.29079171463,23.097033548214
113.2908618723,23.096893347736
113.29092205876,23.096753230217
113.29100227745,23.09659300075
113.29100227745,23.096592169684
113.29100227745,23.096592169684
113.29059202132,23.096443824283
113.29018194485,23.096295395609
113.29018185502,23.096295395609
113.29018562791,23.096282015413
