113.31480818193,23.069926230943
113.31481249379,23.069934044533
113.31481249379,23.069934044533
113.31476236835,23.069954908477
113.31466211745,23.070036701758
113.3145819886,23.070158144737
113.31435139358,23.07056220576
113.31442164107,23.070660955727
113.31462241235,23.070937421995
113.31491355316,23.071332337185
113.31532515675,23.071895074759
113.31554605007,23.072191155227
113.3157669434,23.07249729276
113.31578697561,23.072516909477
113.31581706885,23.072546417669
113.31603796217,23.072882478109
113.31613839273,23.073030683568
113.31623882328,23.073188946535
113.3162588555,23.073208563151
113.31661018278,23.07373230908
113.31681095406,23.07402871794
113.31746339335,23.074987179644
113.31753364084,23.075095900733
113.31774438332,23.075472184733
113.31798521902,23.07588794947
113.31805546651,23.076016701621
113.31812571401,23.076145453647
113.31820602252,23.07627403931
113.31829630222,23.076442438962
113.31848701248,23.076839083302
113.31881812789,23.077543265392
113.31888837538,23.077702021699
113.31900874832,23.077969912146
113.31923952301,23.078465877926
113.31928964845,23.078594960051
113.31953039433,23.079270706675
113.31955042654,23.079350333173
113.31963064523,23.079558957695
113.31971086391,23.079797504059
113.31980114361,23.080065888986
113.31991145553,23.080383977201
113.32021229804,23.081268669035
113.32054314396,23.082272875236
113.3210143052,23.083684585822
113.32104439844,23.083764043447
113.32108446286,23.083883312909
113.32118471376,23.084201558218
113.32145519355,23.085176818674
113.32176573776,23.086251392152
113.32184586661,23.086550017147
113.32194602768,23.086878229594
113.32207628198,23.087295953355
113.32208625317,23.087385797868
113.32209631419,23.087415635209
113.32214634981,23.087664722722
113.32220635661,23.087963676989
113.32222638883,23.088043298279
113.32234640244,23.088661151218
113.32235637363,23.088720991544
113.32237640585,23.088830615627
113.32240640925,23.088980049977
113.32244638385,23.089179350924
113.32245635504,23.089229134558
113.32250630082,23.089618260753
113.32255624661,23.089947379841
113.32263565682,23.091175834568
113.32264535852,23.091575593112
113.32266494158,23.092195174923
113.32265479072,23.09243527768
113.32264463987,23.092725411656
113.3225941551,23.09324617188
113.32250315675,23.09421754298
113.32249318556,23.094287686204
113.32247306352,23.09444800156
113.32236176347,23.095629625313
113.32233140074,23.095980088011
113.32229097699,23.096390719082
113.32223016171,23.097171587781
113.32214913455,23.098102790141
113.32210853114,23.098713366137
113.32210718369,23.098713532347
113.32210718369,23.098713532347
113.3221572193,23.098872678889
113.32204475145,23.101074117231
113.32205472264,23.101173924877
113.32207475486,23.101243565804
113.32211481928,23.10130290184
113.32216494473,23.101362071642
113.32226519562,23.101430382814
113.32226501596,23.10143029971
113.32226501596,23.10143029971
113.32228504818,23.101479912546
113.32230508039,23.101509580515
113.32231505158,23.10152944226
113.32232502277,23.101559276424
113.32233508379,23.101569082639
113.32233508379,23.101599083001
113.32233517362,23.101599083001
113.3223359821,23.101600745071
