113.34941091016,23.132071295889
113.34941935423,23.132079853583
113.34941935423,23.132079853583
113.34941935423,23.132079853583
113.3488996845,23.132098630656
113.34878982173,23.132108434614
113.34809013157,23.132137181807
113.34756031098,23.132166593669
113.3471904786,23.132176314538
113.34710055822,23.132156374294
113.34699069546,23.132166344416
113.34636080363,23.132206307981
113.34616084083,23.132226331301
113.34497067586,23.132297451451
113.34496986738,23.132297202198
113.34496986738,23.132297202198
113.34487976734,23.132387348595
113.344169567,23.132458717911
113.34378949394,23.132519618589
113.3435294345,23.132540306534
113.34164811327,23.132667175914
113.34131789616,23.132678724594
113.3411077825,23.132689774769
113.34086766544,23.132691021029
113.34075762302,23.132711625864
113.34061757719,23.1327223437
113.34049756357,23.132732978452
113.34042758557,23.13274336395
113.34042650761,23.13274336395
113.34042650761,23.13274336395
113.34016617867,23.132624886134
113.34011623288,23.132605278295
113.3400962905,23.132605361379
113.34001625148,23.132605859883
113.33993621246,23.132576448118
113.33989623786,23.132526763823
113.33984629208,23.132477162594
113.3398163785,23.132447418464
113.33979643612,23.132397651036
113.33979580731,23.132397069447
113.33979580731,23.132397069447
113.33975574288,23.132217358196
113.3397658039,23.132167341428
113.3397658039,23.132127460936
113.3397658039,23.132117573896
113.33976589373,23.131617654254
113.33978601578,23.131297611639
113.33982625986,23.130557489363
113.33985653276,23.129657422658
113.33993666161,23.12950703706
113.33994672263,23.129307048876
113.33994681246,23.129137137614
113.33994690229,23.128927261593
113.33994690229,23.128837362104
113.33995705315,23.128447436902
113.33995705315,23.128387531394
113.33995705315,23.12832762586
113.33997726502,23.127957640037
113.33998732604,23.127877710335
113.33999747689,23.127637754764
113.34001759894,23.127357750658
113.34004787183,23.126817681721
113.34004787183,23.126815936879
113.34004787183,23.126815936879
113.34005802269,23.1265758963
113.34006817354,23.12629597304
113.34007823456,23.126256007694
113.34010904644,23.12471604484
113.34011919729,23.124546127697
113.34012943797,23.124156189879
113.3401295278,23.124016267315
113.34013976849,23.123576307933
113.34014991934,23.12341636011
113.34025079905,23.122166018478
113.3402609499,23.122016039839
113.34026103973,23.121926135665
113.34027119058,23.121766185852
113.34029158212,23.121206235351
113.34029167195,23.121106359676
113.34031215331,23.12051641031
113.34036335673,23.118966409714
113.34037350758,23.118836452799
113.34037359741,23.118726521116
113.34038374826,23.118596563967
113.34038392792,23.1183566747
113.34038392792,23.118336732379
113.34039416861,23.118026795091
113.34040422963,23.11800685272
113.34040440929,23.117816984585
113.34040440929,23.117787070981
113.34040440929,23.117747186165
113.34041447031,23.117657196005
113.34041447031,23.117627282365
113.34045552287,23.116457321373
113.34048633475,23.115587405481
113.34056888903,23.112907573336
113.34056870937,23.112905080443
113.34056870937,23.112905080443
113.34049873137,23.112805530906
113.3404988212,23.112665679468
113.34049900086,23.112445805786
113.34049918052,23.112295899257
113.34050951103,23.111956032941
113.34050978053,23.111636192184
113.34049010764,23.111406428212
113.34046046355,23.111076780619
113.34045076185,23.110826989132
113.3404611822,23.110407095729
113.34047151271,23.110067224577
113.34059224497,23.109446812059
113.34064255008,23.109226683749
113.34064237042,23.109225437268
113.34064237042,23.109225437268
113.34052271613,23.108756261097
113.340623506,23.108105926665
113.34064371788,23.107955932136
113.34063401618,23.10774610571
113.34062413482,23.107696245916
113.34058433988,23.107556555294
113.34051445172,23.107467056823
113.34039452793,23.107387862676
113.34039398895,23.107387280977
113.34039398895,23.107387280977
113.33998346333,23.107409634839
113.33981332426,23.107410632037
113.33924263077,23.107434315492
113.33917265278,23.107444786071
113.3391427392,23.107444952271
113.33908273239,23.10744536777
113.3390427578,23.107445617069
113.3388425255,23.107457001745
113.33776096567,23.10744511847
113.33774102328,23.10744528467
113.33754079099,23.107436974687
113.3366493126,23.107464480729
113.33536689165,23.10750644613
113.33417421143,23.107798624672
113.33408411139,23.107819565771
113.33391379266,23.107841420963
113.33383366381,23.107852307008
113.33383231635,23.107852223908
113.33383231635,23.107852223908
113.33358177894,23.107874993189
113.33335136358,23.107877569276
113.33194812054,23.107874245293
113.3318580205,23.107855464791
113.33024367567,23.108096204034
113.33016354682,23.108107256256
113.32993295179,23.108140329819
113.32932120574,23.108238719465
113.32841858837,23.108381484041
113.32818799334,23.108414806833
113.32785705759,23.108459680405
113.32694419953,23.108603275734
113.32637233825,23.108752023047
113.32564992095,23.109003231119
113.324927324,23.109364627542
113.32471658153,23.109468002194
113.32438537629,23.109643340046
113.32406423207,23.109818511469
113.32395392015,23.109870281726
113.32389373368,23.109921220981
113.32371308445,23.110094148387
113.32363286576,23.110165446598
113.32343200465,23.110468671314
113.32336166733,23.110639769855
113.3231504757,23.11120317194
113.32305004515,23.111394794583
113.32295976544,23.111486284741
113.32284945353,23.111558080788
113.32281945012,23.111558579371
113.32272917042,23.111580101558
113.32270922804,23.111580433947
113.3226491314,23.111581431114
113.32256891272,23.11158276067
113.32250881608,23.111583757837
113.32244871944,23.111564894762
113.32236859059,23.111546364074
113.32226833969,23.111518111002
113.32213799556,23.111460441478
113.32209793114,23.111441245997
113.32190749037,23.111334632083
113.32180732931,23.111266409105
113.32180355642,23.11126591052
113.32180355642,23.11126591052
113.3203794727,23.110310702043
113.32028928283,23.11025236721
113.31982809278,23.109940582879
113.31895565847,23.109356068383
113.31865490578,23.109151479392
113.31835406327,23.10897688878
113.31801315633,23.108773047095
113.31781265454,23.108656708448
113.31747165776,23.108522835777
113.31744165436,23.108513445573
113.31721096951,23.108467657928
113.31691003716,23.108413061749
113.31622768429,23.108385223507
113.31578616714,23.108393034835
113.31562563994,23.108405915216
113.31545514156,23.108418961794
113.31463220388,23.108513528672
113.31459213945,23.108514276564
113.31457219707,23.108444722549
113.31457058012,23.10844364226
113.31457058012,23.10844364226
113.31458091063,23.108163514548
113.31459142081,23.107673559704
113.31460238014,23.106783642184
113.3146131598,23.106043715558
113.31461324963,23.105923801185
113.31461396828,23.105214035516
113.31460435641,23.104874400373
113.31460435641,23.104873818663
113.31460157166,23.104866671939
