113.30642699152,23.070649401652
113.30643408814,23.070734519417
113.30643408814,23.070734519417
113.30681523916,23.07069869349
113.30700585959,23.070675834714
113.3072766987,23.070651645969
113.30732682415,23.070640923122
113.30778828369,23.070593709335
113.30806918382,23.070559296459
113.30835008396,23.070524883574
113.30868119937,23.070489556327
113.30902228597,23.070444088069
113.3090223758,23.070443423085
113.3090223758,23.070443423085
113.3092731827,23.070389310019
113.30949389636,23.070325720904
113.30990532029,23.070278922621
113.31065783081,23.070186323482
113.31077820375,23.07017435375
113.31283532337,23.06990902442
113.31293566409,23.069897387156
113.31296575733,23.069906863214
113.31297581835,23.069936704478
113.31298587937,23.069966545736
113.31298587937,23.070006528023
113.31298587937,23.070026560724
113.31297590818,23.070056734454
113.3129559658,23.070087074424
113.31293602342,23.070107439605
113.31290602001,23.07012797103
113.31290566069,23.070127472291
113.31290566069,23.070127472291
113.31257454528,23.070163298372
113.3107583512,23.070394463645
113.31011624242,23.070465284425
113.30992571182,23.070488475729
113.30926357083,23.070569437452
113.30894260627,23.070604681555
113.3084510535,23.070652726566
113.30834074158,23.070614573176
113.30821039745,23.070626709114
113.30814023979,23.070637847577
113.3079697414,23.070640590631
113.30777921081,23.070663615658
113.30769908195,23.0706648625
113.30729789871,23.070711245034
113.30723780208,23.070722217244
113.30654574751,23.070812987309
113.3057132878,23.070895611289
113.30560306571,23.070907248465
113.30540256392,23.070930273446
113.30529234183,23.070951885338
113.30490130944,23.071027610055
113.30485127383,23.071038332871
113.30434992952,23.071185542916
113.3043098651,23.071196099474
113.30416954978,23.071218126935
113.30411951416,23.071228849736
113.30376863603,23.071273818991
113.30355816305,23.071306735478
113.30313703742,23.07132252874
113.30306696959,23.071323443087
113.30290662206,23.071305654887
113.30262590159,23.071299503827
113.30225499124,23.071314382742
113.30192423516,23.071338654489
113.30098191268,23.071440479406
113.30083162616,23.071452282779
113.30069140067,23.071473977709
113.30054111416,23.071485781079
113.30039082765,23.071507559125
113.2999599105,23.071562586082
113.2998296562,23.071574056955
113.29949898994,23.07162783705
113.29899800496,23.071693337353
113.29857723866,23.071757840158
113.29848713861,23.071778786939
113.29848309624,23.071778620694
113.29848309624,23.071778620694
113.29832274871,23.071840297307
113.29823264866,23.071881193373
113.29806241977,23.07194295306
113.29796234854,23.071973957576
113.29656988516,23.072567198082
113.29611920529,23.072761203861
113.29602910525,23.072791958821
113.29567858644,23.072944902302
113.29467715546,23.073342720771
113.29449695537,23.073414038708
113.29430678409,23.073495414256
113.29408660941,23.073586930517
113.29353594814,23.073810608961
113.29344593792,23.073851171939
113.2929354309,23.074074351214
113.29270528503,23.074175675313
113.29219486784,23.074398521562
113.29186465074,23.074530184369
113.29180464393,23.074560440198
113.29152446244,23.074671821487
113.29130437759,23.074762838217
113.29111429614,23.074843631097
113.29100425372,23.074894085063
113.29077419768,23.074994992936
113.29065418406,23.075045446844
113.29052419925,23.075095983853
113.29032414662,23.075186750932
113.29018410079,23.075247262284
113.28954378862,23.075529288044
113.28946383943,23.075559543645
113.28889368492,23.075810980726
113.28840356944,23.076031995606
113.28829361684,23.076072225428
113.28750346732,23.076403289802
113.28703347387,23.076603607037
113.2869035789,23.076653644739
113.28687366532,23.076683650728
113.28683378056,23.076703682423
113.28679389579,23.076743662684
113.28675401103,23.076773668652
113.28671412627,23.076803674614
113.2866742415,23.076843654845
113.28665429912,23.076863686516
113.28663435674,23.076903666729
113.28660444316,23.076943646931
113.28658450078,23.07698362712
113.2865645584,23.077053613203
113.28656033636,23.077053862559
113.28656033636,23.077053862559
113.2869303484,23.07756371255
113.28721035023,23.077843572319
113.28733036385,23.077953454728
113.28741040287,23.078023357182
113.28751038427,23.078093259598
113.28861062886,23.078651563314
113.28868069669,23.078681402616
113.28868069669,23.078681485733
113.28870342382,23.078662202397
