113.27822019852,23.13970653299
113.27822756462,23.139705120637
113.27822756462,23.139705120637
113.27822756462,23.139705120637
113.27823762565,23.140005203894
113.27822774428,23.14011511794
113.27823789514,23.140835247925
113.27823798497,23.141055240707
113.27824804599,23.14139536478
113.2782680782,23.141705496694
113.27827813922,23.141895579865
113.27827813922,23.14192557111
113.27835817824,23.14235616488
113.27835817824,23.142386156021
113.27825846633,23.142455443006
113.27825828667,23.142455443006
113.27825828667,23.142455443006
113.27821831208,23.142475215545
113.27821831208,23.142475215545
113.27821831208,23.142475215545
113.27825828667,23.142455443006
113.27825828667,23.142455443006
113.27825828667,23.142455443006
113.27821822225,23.142285216283
113.27815830527,23.14190480155
113.27812830186,23.141394617073
113.27811824084,23.140894566256
113.27811824084,23.140594651171
113.27811824084,23.140204677466
113.27810835948,23.140124672067
113.2781078205,23.14012425667
113.2781078205,23.14012425667
113.2780678459,23.139923952182
113.2780678459,23.139553998717
113.27807772726,23.13886410295
113.27807772726,23.138784179822
113.2780678459,23.138634219977
113.2780678459,23.138584288711
113.27808778829,23.138584454871
113.27815767646,23.138565097154
113.27817761884,23.138565263315
113.27817752901,23.138564681752
113.27817752901,23.138564681752
113.27870672078,23.138458505039
113.27891638529,23.138420038806
113.27936580754,23.138323083911
113.27977525519,23.138245735954
113.28028459441,23.138158833683
113.28053432334,23.138150276382
113.28092391844,23.138152353397
113.28098383542,23.138152685719
113.28171316966,23.138216076199
113.28175314426,23.13821624236
113.28193298502,23.138227042832
113.28211282578,23.138247812967
113.28234261233,23.138278718923
113.28240252931,23.138278968164
113.28260240229,23.138299655211
113.28320202121,23.138371602908
113.283251967,23.138401761111
113.28342183657,23.138422281978
113.28351175695,23.1384425536
113.28363168074,23.138422946621
113.28365162312,23.138383068011
113.28366159431,23.138363211781
113.28375151469,23.138183508617
113.28380146048,23.138093698483
113.28394132665,23.137764117205
113.28399127244,23.137604352655
113.28402127584,23.137524511848
113.28406125043,23.13737471674
113.28407122163,23.137364830091
113.28409125384,23.137304928612
113.28412125724,23.13720506506
113.28423120984,23.136955405851
113.28433119124,23.136795723408
113.28457112864,23.136396267214
113.28464110664,23.136276463353
113.28473111685,23.136126666835
113.28477109145,23.136066847879
113.28515098485,23.135447470847
113.28529094085,23.135137739705
113.28530091204,23.135127852889
113.28531088323,23.135107913089
113.28539092225,23.134878106685
113.28544095787,23.134658269817
113.2855110257,23.134268444814
113.2855710325,23.134078599956
113.28562106812,23.133958710918
113.28568107493,23.133838821772
113.28584106314,23.133618983181
113.28591104114,23.133489123705
113.28592101233,23.133459213636
113.28597104795,23.133339324038
113.28603105476,23.133109431484
113.28605108697,23.132969518365
113.28605108697,23.132879621616
113.2860211734,23.132759731494
113.28598128863,23.132609764834
113.28595137506,23.132549861207
113.28592146148,23.132479904371
113.28553177655,23.131819799153
113.28546188838,23.13166983143
113.28540206124,23.131439852897
113.28535220528,23.131139916422
113.28534232392,23.131039965141
113.28531276967,23.12987012244
113.28529291712,23.129720235598
113.28524315099,23.129450289301
113.28521332725,23.129330312992
113.28516347129,23.129170372107
113.28510364415,23.129060365901
113.28500384241,23.128870347413
113.28498398985,23.128840436302
113.28469437616,23.128390107083
113.28453465744,23.128109938391
113.28443494553,23.127829852195
113.28440512178,23.127689933505
113.28438526923,23.12759995009
113.28437538787,23.127460031158
113.28440548111,23.127290200617
113.28443548451,23.127180359026
113.28451552353,23.12703063532
113.28463553715,23.126870940924
113.28473551855,23.126781206216
113.28475555076,23.12676134825
113.28564568169,23.126142509369
113.28602575475,23.125882858737
113.28612582599,23.125782986583
113.28623586841,23.125673143744
113.28636594305,23.125503227827
113.28641597867,23.125423296645
113.28646601428,23.12531337042
113.28649601769,23.125233439124
113.28652611092,23.125083547042
113.28653626177,23.124873664607
113.28652656007,23.124533830506
113.28652656007,23.124503918417
113.28652656007,23.12446403562
113.28651667871,23.124424152811
113.28645703123,23.123954282569
113.28645505496,23.123946638335
113.28645505496,23.123946638335
113.2862761125,23.122366848334
113.2862761125,23.122336935756
113.28620667348,23.121727133141
113.28618682093,23.121627257858
113.28618682093,23.121597345113
113.28617693957,23.121567432361
113.28615708702,23.121457502941
113.28613723447,23.121367598388
113.28602773103,23.12079775832
113.28595811235,23.120427834587
113.28578887159,23.119597995181
113.28558962743,23.118788092841
113.28535058833,23.117778096898
113.28533073578,23.117678218642
113.28529094085,23.117548260466
113.28527108829,23.117488350037
113.28523129336,23.117388388469
113.285221412,23.117358474769
113.28522015437,23.117356979083
113.28522015437,23.117356979083
113.28514038484,23.117096978881
113.28490098642,23.11657681076
113.28488113387,23.116536842486
113.28451202014,23.115786500308
113.28425258951,23.115376178506
113.28414281657,23.115236080492
113.28372366722,23.114665300043
113.28359395191,23.114505092191
113.28359332309,23.114504427428
113.28359332309,23.114504427428
113.2835833519,23.114484401432
113.28342372301,23.114294112779
113.28322411953,23.114053634065
113.28223580381,23.113080496851
113.28216600547,23.11298036577
113.28192660705,23.11266950191
113.2819067545,23.112649475637
113.28183704599,23.112529317941
113.28169744932,23.11231883397
113.28155794247,23.112078351677
113.28128881014,23.111557332912
113.28119915925,23.111397038211
113.28104968121,23.111116418147
113.28102982866,23.111076448228
113.28066107425,23.110344772233
113.2805315386,23.110114175045
113.2798932027,23.109330806396
113.27955409237,23.108988855017
113.27935466855,23.108787672518
113.27922504306,23.108666929633
113.2787761598,23.108284091692
113.27877418353,23.108282429706
113.27877418353,23.108282429706
113.27857466987,23.108121050758
113.27838512741,23.108009780607
113.27830535788,23.107959256116
113.27828550533,23.107909230204
113.27826565278,23.107859204272
113.27826565278,23.107819316473
113.27826565278,23.107779428661
113.27827562397,23.107749595894
113.27830562737,23.107669903317
113.27833563078,23.107620209694
113.27914626167,23.105916322115
113.27939652958,23.105348160826
113.27956657882,23.105099355775
113.27956639916,23.10509835856
113.27956639916,23.10509835856
113.27962640596,23.104968720472
113.27964643818,23.104918942737
113.27970644498,23.104809415033
113.27973644839,23.104739692874
113.27984658064,23.104520470877
113.27987658405,23.104470776075
113.27999677733,23.104181664979
113.28028710967,23.103543524174
113.28049740299,23.103054881921
113.28062756745,23.102765684639
113.28065757086,23.102695961407
113.28067760307,23.102656155159
113.28076770311,23.102456791329
113.28091789979,23.102127703235
113.28116816771,23.101649111291
113.2813083932,23.101299910108
113.2815386289,23.100811176495
113.28197915792,23.099853316557
113.28205928678,23.099693755667
113.28258991584,23.098606077159
113.28262000907,23.098526295989
113.28275017354,23.098206921512
113.2828603058,23.097947465542
113.28300053129,23.097598088414
113.2830205635,23.097538252086
113.28305074657,23.097348437781
113.28306089742,23.097218542808
113.28305110589,23.097118649083
113.28305110589,23.097088730815
113.28304122453,23.097018755284
113.28303134317,23.096968808355
113.28298166687,23.096748742465
113.28298130755,23.096746166163
113.28298130755,23.096746166163
113.28288141598,23.096675858025
113.28255200735,23.096404847228
113.28235240386,23.096244201806
113.28220274617,23.096123696836
113.2821628614,23.09609361213
113.28187342737,23.095852518699
113.28179365784,23.095792266049
113.28171388831,23.095732013373
113.28127470674,23.095370164309
113.28105516088,23.095199212308
113.28032654528,23.094615547106
113.28019691979,23.094494874442
113.28010717907,23.094424482005
113.28027704864,23.094335556439
113.28027579102,23.094334559143
113.28027579102,23.094334559143
113.28027579102,23.094334559143
113.28027579102,23.094334559143
113.28026833508,23.094328990905
