113.31212224845,23.108747452602
113.31212161964,23.108746372314
113.31212161964,23.108746372314
113.31106799711,23.108824402266
113.31104805473,23.108754848414
113.31104787506,23.108754765315
113.31104787506,23.108754765315
113.31172025674,23.108703327018
113.31286433864,23.108623635013
113.31457058012,23.108443808458
113.31465088863,23.108432506966
113.31545388393,23.108348410538
113.31562456198,23.108325475139
113.315785179,23.108322732863
113.31622678599,23.108304949616
113.31673864047,23.108335862549
113.31692935073,23.10834251049
113.31752133406,23.108462007183
113.3175211544,23.108461342389
113.3175211544,23.108461342389
113.31781247487,23.108196255699
113.3182141971,23.107949284175
113.31845512264,23.107865104341
113.31883663299,23.107718516626
113.31883663299,23.107718267327
113.31883663299,23.107718267327
113.31891730082,23.107336922449
113.31897784661,23.107026045371
113.31898799746,23.106955991976
113.31902824155,23.10687538482
113.31902815172,23.10687513552
113.31902815172,23.10687513552
113.31900811951,23.1068254416
113.31895817372,23.106656415651
113.31889816691,23.106497610839
113.31886834317,23.106318280008
113.31877842279,23.10600000458
113.31869856343,23.105691534299
113.31869820411,23.105691201895
113.31869820411,23.105691201895
113.31772453077,23.105898289243
113.31772453077,23.105898289243
113.31772767483,23.105905435911
