113.27617206196,23.168133329732
113.27609238226,23.168141552849
113.27609238226,23.168141552849
113.27602213477,23.167690858814
113.27598207034,23.167470494954
113.27588163979,23.166799516719
113.27585154655,23.166549248775
113.27583133468,23.16623909196
113.27580124144,23.165978855379
113.27571105157,23.165518020243
113.27571105157,23.165438113194
113.27567089731,23.1651077693
113.27566092612,23.165017728227
113.27566002782,23.165016814525
113.27566002782,23.165016814525
113.27549033791,23.165025203964
113.27546051416,23.165025037836
113.27471213584,23.165047548109
113.27425319156,23.165052781124
113.27407371012,23.165070889015
113.2738643151,23.165098632294
113.27366489128,23.165116407924
113.27336575554,23.165163089708
113.27329604704,23.165172309774
113.27319642496,23.165201215921
113.27290726041,23.165277883633
113.27261800604,23.165234607498
113.27252826532,23.165203624767
113.27252709752,23.165203292512
113.27252709752,23.165203292512
113.27234761608,23.16524108646
113.27192882605,23.165345995756
113.27182920397,23.165384786425
113.27137061901,23.165519100067
113.27128096812,23.165548006139
113.27081241196,23.165681987362
113.27048354232,23.165807662125
113.27041383381,23.165826766671
113.270413205,23.165826766671
113.270413205,23.165826766671
113.27012413028,23.165952939675
113.26992488612,23.166030271457
113.2699051234,23.166080026253
113.26984547591,23.166169235973
113.26983568438,23.16621907378
113.26981592166,23.166268828505
113.26981601149,23.166348818115
113.26980630979,23.166488695989
113.26980639962,23.166598754188
113.2697866369,23.166668526885
113.26975690299,23.1667281659
113.26972716908,23.166777754308
113.26968737414,23.166807241544
113.26963760802,23.166826595134
113.2695778707,23.166845782597
113.26951813339,23.166845035033
113.2694284825,23.166833904644
113.26935877399,23.16680300535
113.26928897565,23.166752087949
113.26924909089,23.166701585841
113.26921917731,23.166631231722
113.26919923493,23.16656104369
113.26918926374,23.166500989286
113.26916932136,23.166420750579
113.26916932136,23.166370829786
113.26916932136,23.1663609453
113.26916932136,23.16633104265
113.26918917391,23.166261352838
113.26919905527,23.166161594175
113.26920893663,23.16611183941
113.26921890782,23.166082019767
113.26923876037,23.165992394671
113.26925861292,23.165912737099
113.26927846548,23.165853097716
113.2694972927,23.165326143568
113.26949522659,23.165324233106
113.26949522659,23.165324233106
113.26957490629,23.165225304373
113.26963464361,23.165166163063
113.26970435212,23.165107187854
113.26977415046,23.165078198622
113.26985391998,23.165059343158
113.26994366071,23.165060589114
113.27006340483,23.165102204033
113.27022303372,23.165204372339
113.27032283546,23.16527572398
113.27040269482,23.165316757386
113.27068215766,23.165530479757
113.27072204243,23.165561047095
113.27090152387,23.165503484141
113.2712006596,23.165417430384
113.27133028509,23.165379138106
113.27150976653,23.165321492009
113.2718787006,23.165216167375
113.2723673788,23.165092153325
113.27295576891,23.164939149897
113.2732250809,23.164872283522
113.27329487924,23.164863146499
113.2740430779,23.164761476312
113.27439233908,23.164755246519
113.27541020905,23.164725592698
113.27567970071,23.164718283072
113.27569964309,23.1647184492
113.27613882465,23.164702667051
113.27634839933,23.164694609848
113.2765979486,23.164696852575
113.27667780796,23.164687632476
113.27713702174,23.164681651871
113.27723682348,23.164672597899
113.27765615249,23.164666035845
113.2780454781,23.164649090795
113.27888422595,23.16462525143
113.27909389046,23.164616778902
113.27936356177,23.16460863863
113.27956334492,23.164619935334
113.27988296202,23.16462192887
113.27988287219,23.164619686142
113.27988287219,23.164619686142
113.28017248588,23.164631398166
113.28033229443,23.164642279548
113.28130156608,23.164907336458
113.28153144246,23.16496838835
113.28236093777,23.16520188043
113.28252083615,23.165212512575
113.28263078874,23.165212927893
113.28293064312,23.165293997968
113.28308057031,23.165334449923
113.28341042809,23.16541543686
113.28379032149,23.165506474425
113.28421018949,23.165597428863
113.28436011668,23.165627746995
113.28493000169,23.165748687201
113.28533001714,23.165829175505
113.28570002918,23.165869461171
113.28580998177,23.165869544234
113.28624997181,23.165879677946
113.28640996002,23.165869793424
113.28650994142,23.165859908901
113.28677997206,23.165839973726
113.28689998568,23.165820038549
113.28702997048,23.165790052714
113.28718995869,23.165760066872
113.28736997912,23.165709979702
113.28736997912,23.165709315196
113.28736997912,23.165709315196
113.28747993171,23.165679163209
113.28820980494,23.16531825253
113.28838973553,23.16519797644
113.28850974915,23.165127787649
113.28855969494,23.165067732594
113.2889094951,23.164747023191
113.28938910041,23.16407578196
113.28958906322,23.16392526929
113.28997874815,23.163354033941
113.2901385567,23.163013467852
113.29024841946,23.1628331336
113.29029836525,23.162733040093
113.29046823482,23.162502450945
113.29058815861,23.162352019552
113.29075811801,23.162181403066
113.29124814366,23.161779365298
113.29153820651,23.161538058984
113.29190839821,23.161326323754
113.29215848647,23.161185111368
113.29242869677,23.161053700648
113.29276897489,23.160921874466
113.29307924962,23.160810067153
113.29341961757,23.160707978522
113.29373995332,23.160625991908
113.29406037889,23.160583877183
113.29411041451,23.160573576933
113.29479133009,23.160498733962
113.29517194213,23.160505794621
113.29578296954,23.160560867752
113.29694528704,23.160760642643
113.29765683483,23.160883830086
113.29823812833,23.16093798933
113.29853879118,23.160934915877
113.29873920314,23.160922871261
113.29914002706,23.160898615894
113.29967110528,23.160792789343
113.29991167149,23.160750093207
113.29991149183,23.160747684281
113.29991149183,23.160747684281
113.30006186817,23.160715952901
113.30049278533,23.160620924851
113.30079344818,23.160547410971
113.30111414325,23.160463596792
113.30121439414,23.160442414806
113.30129461282,23.160421482016
113.30136477048,23.160410683353
113.30143492814,23.160389916692
113.30174565202,23.160326038421
113.30221681326,23.160230013289
113.30252762697,23.160196038983
113.3031593154,23.160167630143
113.30336987821,23.160154837857
113.30472389411,23.160275699995
113.30487436028,23.160283508267
113.30490445351,23.160283176
113.30510504513,23.160310255748
113.30520538586,23.160318811618
113.30547622497,23.16033484349
113.30552635042,23.160344063892
113.30655967125,23.160438427608
113.30664995095,23.160437098542
113.30722181224,23.160488184505
113.30806460247,23.160564854946
113.30806478213,23.160563608948
113.30806478213,23.160563608948
113.30874713499,23.160642522141
113.30914849789,23.160695933886
113.30957995403,23.1607288282
113.31028242894,23.160767121823
113.31042292392,23.160774763933
113.31059351214,23.160791875613
113.31063366639,23.160801179049
113.31079428342,23.160828424824
113.31089462414,23.160846699426
113.31089471398,23.160846865558
113.31089471398,23.160846865558
113.3113061379,23.160909829849
113.31136632437,23.16092876897
113.31154697361,23.160985669383
113.31218944171,23.161214682915
113.31220956375,23.161224318587
113.31250070457,23.161339282059
113.31292236917,23.161511976279
113.31303277092,23.161560071455
113.31359502034,23.161770311127
113.31385606792,23.161865753681
113.31427773252,23.162008377457
113.31427791219,23.162008460523
113.31427791219,23.162008460523
113.31457902419,23.162073085573
113.31460911743,23.162072670245
113.31483998194,23.162088618839
113.31531168217,23.162120266823
113.31585362988,23.162060708798
113.31594390958,23.162039194805
113.31600409605,23.162028230143
113.31662617262,23.161837262134
113.31700732365,23.161640562305
113.31707757114,23.161609412601
113.31865248036,23.160791460281
113.31890328725,23.160657058777
113.32016720311,23.159974831979
113.32020735736,23.159944180284
113.32060863043,23.159767247601
113.32060863043,23.159766333864
113.32060863043,23.159766333864
113.32052823209,23.159667733246
113.32044792358,23.159569215622
113.32042789137,23.159539643707
113.32039788796,23.15951023792
113.32015678276,23.159204467188
113.32002616914,23.1589367407
113.3199457708,23.158738209074
113.31990552671,23.158498973914
113.31990534705,23.15819901561
113.31996499454,23.157637972969
113.31995502335,23.157568195512
113.31995412504,23.157567198691
113.31995412504,23.157567198691
113.31999391997,23.157156424702
113.32002392338,23.157015955489
113.32015354886,23.156043548911
113.32025326077,23.155321757113
113.32027320316,23.155211440331
113.32031326758,23.155100791178
113.32034318116,23.154880323294
113.32038306592,23.154609680605
113.32043292188,23.154188845908
113.32050254055,23.153447605389
113.32052248294,23.153317349986
113.32053245413,23.153207280748
113.32060225247,23.152656019401
113.32076197118,23.15151311673
113.32076197118,23.151443169902
113.32080185595,23.151132479272
113.32091153905,23.150110517945
113.32100127977,23.149228943282
113.32100127977,23.149188984849
113.32106110692,23.148537934842
113.32116081883,23.147416180718
113.32118076121,23.147185897204
113.32118076121,23.147105979094
113.32121067479,23.146825517654
113.32123061717,23.146635275403
113.32125064938,23.146494961184
113.32125064938,23.146435063831
113.32127059176,23.14627481128
113.32129062398,23.146124527608
113.32140048674,23.145082589355
113.32146040372,23.144531626508
113.32150037831,23.144050944445
113.32153038172,23.143770476539
113.32155041393,23.143630242364
113.32155041393,23.14355032211
113.32155005461,23.143547497484
113.32155005461,23.143547497484
113.32150990035,23.143368133658
113.32157987835,23.142707002645
113.32157987835,23.142706919567
113.32157987835,23.142706919567
113.32168992078,23.141754928314
113.32177993099,23.140573382928
113.32180993439,23.140252946536
113.32181990558,23.140122844321
113.32178990218,23.140103403749
113.3217699598,23.140083797016
113.32175001742,23.140054220751
113.3217299852,23.140014674949
113.32172001401,23.13998493251
113.32171004282,23.139935167912
113.32171004282,23.139885237136
113.32173007503,23.139844943568
113.32175010725,23.139804649987
113.32178020048,23.139774242865
113.32183032593,23.139733450785
113.32182987677,23.13973245383
113.32182987677,23.13973245383
113.32182987677,23.139612403746
113.32181990558,23.139272607416
113.32181981575,23.139272607416
113.32181981575,23.139272607416
113.32180948524,23.137432707323
113.32180948524,23.137142754153
113.32180948524,23.137012815048
113.32176942081,23.135883569074
113.32175944962,23.135723802258
113.32172944622,23.135704361041
113.32168938179,23.135695138925
113.32164931737,23.13566589401
113.32162937499,23.13564628662
113.3216094326,23.135616709365
113.3215794292,23.135587298269
113.32155948682,23.135547751134
113.32154951563,23.135518007693
113.32153954443,23.135478294373
113.32153954443,23.135438414877
113.32154960546,23.135378346363
113.32155966648,23.135348270554
113.3215697275,23.135318194739
113.32157978852,23.135298088804
113.32160988176,23.135257627676
113.32163997499,23.135227219511
113.32167006822,23.135206781232
113.32171022248,23.13517620689
113.32174031572,23.135165738499
113.32178046997,23.135155103943
113.32184065644,23.135144137056
113.32186068865,23.135143887808
113.32190084291,23.135143306231
113.32192087512,23.135143056984
113.32195096836,23.135152528386
113.32198106159,23.135161999788
113.32202121585,23.135171305024
113.32207143113,23.135200466966
113.32207035316,23.135198306822
113.32207035316,23.135198306822
113.32221084814,23.135115889009
113.32326447067,23.134618306991
113.32441843393,23.134039384704
113.32510069697,23.1336685009
113.3252210699,23.133626626856
113.32564246502,23.13351006075
113.32626445175,23.133390420449
113.32639488571,23.133368486382
113.32684628423,23.133331680345
113.32686631645,23.133331431094
113.32747824216,23.133282328668
113.32762870833,23.133270198455
113.32775914229,23.133258317491
113.32794967289,23.133345472225
113.32828069847,23.133310743272
113.3302664028,23.133153133533
113.33092818447,23.133114499593
113.33092809464,23.133113336421
113.33092809464,23.133113336421
113.33143941013,23.133076779564
113.33212113419,23.133028424797
113.33324383641,23.132955311027
113.33398556727,23.132907122384
113.33407575714,23.132896238395
113.33454673872,23.132861343157
113.33470708626,23.132849794493
113.33882446956,23.132524105131
113.33981583952,23.132447667717
113.33984584292,23.132447584632
113.33989587854,23.13244733538
113.34001607182,23.132436700606
113.34009620067,23.132426315083
113.34012620407,23.132426231999
113.34055667207,23.132433792659
113.34076687556,23.132422742463
113.34356922943,23.13220148909
113.34367927186,23.132181299598
113.34438965185,23.132139757423
113.34498989959,23.132118820161
113.34506993862,23.132108766951
113.34533996925,23.132098547572
113.34545998287,23.132098464488
113.34558996768,23.132088411276
113.34673009703,23.132028091991
113.34705007345,23.132018288027
113.34741002447,23.131988626879
113.34875963867,23.13191061055
113.34957925261,23.131852700636
113.34978909678,23.131843395167
113.34996902737,23.131824036465
113.35008895116,23.13181448174
113.35039877673,23.131795621542
113.3506386243,23.131776595172
113.35238699631,23.131684703583
113.35252686248,23.131665511027
113.35272664563,23.131656704053
113.35315612549,23.13162928611
113.35352568838,23.131611672156
113.35431467011,23.13152709191
113.35493378226,23.131411687146
113.35524333834,23.13134413917
113.35551291983,23.131296365366
113.35647132198,23.131134598983
113.35799844134,23.130889165685
113.35821798721,23.130851445023
113.35824790078,23.130841807143
113.35831778895,23.130832584688
113.3584076195,23.13081355818
113.35857730941,23.130785392296
113.35909617067,23.130701060779
113.35909599101,23.1306969896
113.35909599101,23.1306969896
113.35921573514,23.130678295414
113.3592955945,23.130669239118
113.35939539624,23.130650461842
113.35948522679,23.130631518393
113.35970477266,23.130594046914
113.35986440155,23.13057593431
113.36044308996,23.130482795608
113.36245798921,23.130188174446
113.36290678265,23.130114228253
113.36303640813,23.130096032499
113.36316603362,23.130057896183
113.36325577434,23.130039201906
113.36344522697,23.129981872775
113.36349508292,23.12997265026
113.36366459317,23.129935095508
113.36385404581,23.129887819711
113.36471156825,23.129730205903
113.36485116492,23.129702289047
113.36501070398,23.129674704528
113.36539958044,23.129610562192
113.36582834166,23.129517090467
113.36582825183,23.129515678005
113.36582825183,23.129515678005
113.36631675036,23.129493078609
113.36666565222,23.129448544494
113.36703449646,23.129384402048
113.36826059365,23.129114122722
113.36864938028,23.129020567561
113.36869923623,23.129011428066
113.368739121,23.129002205483
113.36952657561,23.128785349987
113.3712507832,23.128284670002
113.37221744976,23.128041474777
113.37267585506,23.127929556634
113.37324385364,23.12776961406
113.37353283852,23.127694835647
113.3737521149,23.127628781348
113.37388165055,23.127601196398
113.37408098454,23.127544780172
113.37417063543,23.127516447419
113.37449950508,23.127422392608
113.37475857639,23.127377110011
113.37583483622,23.127106411157
113.37753883194,23.126716979393
113.37774813712,23.12667078259
113.37799723724,23.126615279934
113.37821651362,23.126559278729
113.37888413427,23.12641121608
113.37888413427,23.126409305057
113.37888413427,23.126409305057
113.37929268362,23.126316578868
113.37966143803,23.126233158478
113.38089714709,23.12595489626
113.38102668274,23.125927227873
113.3810765387,23.125918171253
113.38133561001,23.125862751371
113.38146514566,23.125835082966
113.38151500162,23.125816055741
113.38187378484,23.125742356376
113.3823023664,23.125639742197
113.38246181563,23.125602518573
113.38311964475,23.125453707059
113.38396692651,23.125257950285
113.38467461159,23.125109636917
113.38508334059,23.125026298857
113.38635938357,23.124746538505
113.38664854811,23.12468106436
113.38683800075,23.124644089734
113.390817045,23.123770820844
113.39097667389,23.123733015068
113.39109641802,23.123704681501
113.39128596048,23.123657154214
113.39258293397,23.12334324104
113.39258284414,23.123341496153
113.39258284414,23.123341496153
113.39293201549,23.123265551985
113.3937303396,23.122984707748
113.39531737594,23.122421438772
113.39569673036,23.122295224316
113.39631575269,23.122071045875
113.39637566967,23.122051685747
113.39647547141,23.122022687096
113.39654535958,23.121993356075
113.39697474961,23.12183714543
113.39731421926,23.121720070416
113.40012097483,23.120719984683
113.4003608224,23.120601413035
113.4003608224,23.120600499027
113.4003608224,23.120600499027
113.40050068857,23.120531283713
113.40122023128,23.120145073229
113.40125023468,23.120125297361
113.40170001625,23.119827495694
113.40194992484,23.119648681425
113.40249986748,23.119180954673
113.40311996777,23.118513221815
113.40406031398,23.117475969099
113.404140353,23.117396199268
113.40442044466,23.117146918237
113.40482054993,23.116917745463
113.40554063163,23.116648687147
113.40578065886,23.11654897423
113.4069610323,23.116099184945
113.40704107132,23.116069270954
113.40734119519,23.115949199449
113.40734128502,23.115947869937
113.40734128502,23.115947869937
113.40744135626,23.115907818379
113.40780157677,23.115767554737
113.40917257063,23.115245137841
113.40922260625,23.115225111958
113.40933273851,23.115184893992
113.40951293859,23.115114512522
113.40962307085,23.115074294523
113.40992337438,23.114953474261
113.41005353885,23.114903118604
113.41014363889,23.114872871962
113.41045400344,23.114751885326
113.41196594145,23.114165397724
113.41229642804,23.114043745678
113.41242659251,23.113993140388
113.41290736562,23.113810495848
113.41405926278,23.113363273262
113.41433980359,23.113261397375
113.41484069874,23.113067866213
113.41550203126,23.112812843395
113.41573253645,23.112731076445
113.41580269411,23.112700580019
113.41624367228,23.112526908139
113.41655430633,23.112414229037
113.41703534893,23.112229920388
113.41732604059,23.112107269405
113.41803776805,23.11182041856
113.41900021257,23.111440498121
113.41937121275,23.111296490374
113.41980239939,23.111131708091
113.41994280454,23.111070215911
113.42070492694,23.11078136848
113.42126654754,23.110564649396
113.42147720018,23.110482133179
113.42199875636,23.110285606434
113.42284136693,23.109954626485
113.42324264,23.109809287552
113.42395490644,23.109529578215
113.42404518614,23.10948836134
113.42404473699,23.109485203595
113.42404473699,23.109485203595
113.42412495567,23.109444069806
113.42452622874,23.109298481018
113.42516833752,23.109049267876
113.42580047511,23.108809943045
113.4263323618,23.108602029248
113.42648291781,23.108539788004
113.42687430952,23.108393865827
113.42695461803,23.10836270361
113.42723560799,23.108248442086
113.42764712175,23.108082077131
113.42779767775,23.108019752544
113.42804857448,23.10792585011
113.42812888299,23.107894687784
113.42868089173,23.107665914532
113.42923299029,23.107447029766
113.42926308353,23.107436642287
113.42984527533,23.107197148349
113.42993564486,23.107165736551
113.43035721964,23.106998788539
113.43043752815,23.106967542894
113.43043752815,23.106965631591
113.43043752815,23.106965631591
113.43057811296,23.1069132785
113.43067854352,23.106871645312
113.43085928259,23.106798683327
113.43124079294,23.106652260635
113.43203390687,23.106338805838
113.43243544943,23.106181995061
113.43389124334,23.105596799209
113.43449364702,23.105346332601
113.43477472681,23.105241458918
113.43492537265,23.105178883693
113.43586913242,23.104812323585
113.4368329244,23.104475346668
113.43732483649,23.104306733237
113.43734495854,23.104296428614
113.4378670537,23.104057344521
113.43801769953,23.103944824434
113.43812819111,23.10385299667
113.43900206271,23.10314779057
113.43911255429,23.103055962255
113.43939372391,23.102861169673
113.43963473928,23.102687069407
113.43983560039,23.102573634027
113.44017704632,23.102367788039
113.44040800066,23.102223853553
113.44077953982,23.102007536016
113.44103052638,23.101863268726
113.44103034672,23.101861274246
113.44106502131,23.101924848274
