113.21167372636,23.119159350627
113.21166671958,23.119155694557
113.21166671958,23.119155694557
113.21168675179,23.119165416379
113.21173687724,23.119184776928
113.21173687724,23.119184776928
113.21173687724,23.119184776928
113.21168666196,23.119305344059
113.21161641447,23.119456156686
113.21151616358,23.119617355667
113.21111498033,23.119952383026
113.2109946074,23.120103942744
113.2109846362,23.120154047152
113.21095454297,23.120284418234
113.21092444974,23.120364767971
113.21064336994,23.120908353019
113.21053296819,23.121169758304
113.21034225793,23.12154225579
113.21003108491,23.122206317419
113.20999102048,23.122336852666
113.20999003234,23.122336935756
113.20999003234,23.122336935756
113.21025063077,23.122423432943
113.21076194627,23.122566680802
113.21086219716,23.122595346974
113.2108922904,23.122604985453
113.21099254129,23.122613709938
113.21107275998,23.122632654532
113.21107267014,23.122632654532
113.21107267014,23.122632654532
113.21128323296,23.122679932916
113.21149379577,23.122687244861
113.21187476713,23.12267262097
113.21216554863,23.122639135577
113.21239614365,23.122606481079
113.21288742694,23.122470794491
113.21332858477,23.12229580595
113.21359924422,23.122172831908
113.21368952393,23.122111926479
113.21372958835,23.122091569269
113.21491265671,23.121349235251
113.21553419429,23.120953222367
113.21600535553,23.120648858325
113.216065542,23.120608392728
113.21613569966,23.120567844028
113.21617576408,23.120547569673
113.21635614383,23.120426006569
113.21665680668,23.120243453976
113.21668689992,23.120213291643
113.21681715422,23.12013227708
113.21691740511,23.120071536897
113.21728822563,23.119828492799
113.21739844771,23.119757698332
113.21761889189,23.119616026191
113.21839044649,23.119110242953
113.21856076521,23.118999065108
113.21862086185,23.1189586821
113.21863083304,23.1189586821
113.21924204011,23.118554602072
113.21957270637,23.118312552311
113.21983321497,23.118081054942
113.21996346927,23.11794037813
113.22001359471,23.117900160987
113.22015391003,23.117729404181
113.22024409991,23.117609001804
113.22059488821,23.117147167518
113.22073520353,23.116966521573
113.22098574094,23.116635392096
113.22102580536,23.116565260678
113.22119612409,23.116354533825
113.22138656485,23.116093783809
113.22165713447,23.115732654992
113.22222827712,23.114970425666
113.22253891116,23.114549382037
113.22262910104,23.11443911442
113.22267922648,23.114379036395
113.22307996057,23.113897829552
113.22311005381,23.113857860471
113.22316008942,23.113807753685
113.22339041495,23.113577162513
113.22395122708,23.113065871901
113.22422152721,23.11285538878
113.22447179513,23.112674986282
113.22464193419,23.112564800205
113.22474200542,23.112494749732
113.22506225134,23.112324401454
113.22543253287,23.112154052957
113.22578278219,23.111993842073
113.22588285342,23.111953872419
113.22616303491,23.111823825541
113.2265131944,23.111673835212
113.22666330125,23.111603950464
113.22666330125,23.111599130825
113.22666330125,23.111599130825
113.22679337589,23.111539134612
113.22683335048,23.111529246037
113.22712341333,23.111399448034
113.22754355082,23.111189876343
113.22778357805,23.111080187618
113.22788355945,23.111040383884
113.22856366655,23.110731592924
113.22960372467,23.110214225189
113.22966373148,23.110184476068
113.22979371629,23.110134949583
113.23021358428,23.109956371549
113.23034356909,23.109896873183
113.232342748,23.108975974693
113.23243266838,23.108926530855
113.2330122551,23.108639922434
113.23427123027,23.108058227593
113.23462085078,23.10790083715
113.23479072035,23.107822224958
113.23485063733,23.1077927246
113.23578954624,23.107360273518
113.23716772656,23.106722646592
113.23737739106,23.106634726465
113.23852560517,23.106096401396
113.23916448004,23.105823332303
113.23923436821,23.105784191799
113.23947394629,23.105676908535
113.24023256529,23.105335695654
113.24079149098,23.105082486211
113.24113078097,23.104926754269
113.24152998794,23.104751825696
113.24171962024,23.104664319772
113.24213876959,23.104469861957
113.24221862895,23.10443097036
113.24228851711,23.104401967858
113.24237834767,23.104363242444
113.24274755123,23.104198285352
113.24291715131,23.104120668191
113.24309672258,23.104033161851
113.24395469417,23.103625213681
113.24401452132,23.103596127901
113.24417415021,23.103518510388
113.24493223023,23.10318959113
113.24557056612,23.102909203024
113.24599941718,23.102705767537
113.24605924432,23.102686736996
113.24630861393,23.102570642323
113.24630870376,23.102567318208
113.24630870376,23.102567318208
113.24638856312,23.102488536653
113.24643850891,23.102429367353
113.24646842248,23.102419893614
113.24673773447,23.102284186388
113.24683744639,23.102225848027
113.24709678719,23.102040029376
113.24718661774,23.101951524425
113.2474061636,23.101695150598
113.24749599415,23.101546727793
113.24778560785,23.100981539547
113.24783555364,23.100872424115
113.24789547061,23.10075350232
113.24806525036,23.100386348266
113.24808528257,23.100326762507
113.24815517074,23.100178005755
113.24818517414,23.100118586113
113.2483047386,23.100150498204
113.24846418783,23.100183075122
113.24853389634,23.100204183632
113.24853389634,23.100203020171
113.24853389634,23.100203020171
113.24895241688,23.1002898642
113.24899230164,23.100300501551
113.24899230164,23.100300501551
113.24899230164,23.100300501551
113.24940076116,23.100417263042
113.24976942574,23.100513414598
113.25010817675,23.100639068039
113.25025765478,23.100691589813
113.25056649222,23.100806771984
113.25111436875,23.101026083216
113.25120401964,23.10105757957
113.25124381457,23.101088244879
113.25134334682,23.101179908347
113.25194098948,23.101410188639
113.25210034887,23.101452986989
113.2534447529,23.102306374903
113.25369367336,23.102460697168
113.25591410492,23.103979893481
113.2562127915,23.104195210583
113.25639200345,23.104338395016
113.25650150689,23.104410361132
113.25718862077,23.104762545791
113.25733800898,23.104835176489
113.25767667016,23.104961158246
113.25767684982,23.104961241348
113.25767684982,23.104961241348
113.25770667356,23.104991739552
113.25797562623,23.105096530331
113.2580852195,23.105138496481
113.25827449247,23.105201819635
113.25844382306,23.105234810821
113.25860318246,23.105257663652
113.25873271811,23.105259990486
113.25873271811,23.105259907384
113.25873271811,23.105259907384
113.25879254526,23.105221016019
113.25892217075,23.105143399456
113.25898199789,23.105124535466
113.25913156576,23.105047251252
113.25915150814,23.105027722438
113.25915141831,23.105027390032
113.25915141831,23.105027390032
113.25917145052,23.104967723255
113.25935111163,23.10470105066
113.25948082694,23.104543490035
113.25958062868,23.10438534751
113.25979011353,23.104129144586
113.2597900237,23.104128812178
113.2597900237,23.104128812178
113.26004945433,23.103783440213
113.26008933909,23.103744216006
113.26012922386,23.103685047266
113.26026891037,23.103517596262
113.26029882394,23.103468233495
113.26045845283,23.103251170062
113.26057819695,23.103093358409
113.26070791227,23.102935712773
113.26075785805,23.102856682128
113.2608176852,23.102777817641
113.26094740052,23.102610199288
113.26156606352,23.101751162297
113.26170575003,23.101563680911
113.2618853213,23.1013269188
113.26188550096,23.101325755348
113.26188550096,23.101325755348
113.26204512985,23.101118577765
113.26209498581,23.101049518499
113.26234444525,23.100703889213
113.26244424699,23.100595687698
113.26250416397,23.100496793764
113.26275362341,23.100161135566
113.2630529388,23.099776361693
113.26348205934,23.099223714764
113.26374148997,23.098918137422
113.26395088499,23.09877170604
113.26400074094,23.098702645553
113.26425020038,23.098376872376
113.26431011736,23.098297922124
113.26434003094,23.098258530086
113.26442986149,23.098140104584
113.26463943616,23.097873667595
113.26501870075,23.097369962271
113.26546776367,23.096807332551
113.26547773486,23.096777580425
113.26547782469,23.096776167615
113.26554510778,23.096822208611
