113.30123478568,23.128556778924
113.30134267217,23.128517811299
113.30134267217,23.128517811299
113.30127269417,23.128268800426
113.3012427806,23.128169262416
113.30124260093,23.128169096242
113.30124260093,23.128169096242
113.3014330417,23.128156716301
113.30154335362,23.128105451699
113.30154335362,23.128105285525
113.30154335362,23.128105285525
113.30132299928,23.127748094499
113.30122292804,23.127589481101
113.30115303988,23.127200466193
113.30111306528,23.127041021265
113.30107318052,23.126831640453
113.30096313809,23.126503111323
113.30096268894,23.126502695884
113.30096268894,23.126502695884
113.30088264992,23.1262037453
113.30083270413,23.126034494768
113.30082282277,23.125964700671
113.30077287698,23.125745430645
113.30077260749,23.125745098292
113.30077260749,23.125745098292
113.30014091906,23.1260025889
113.29993044608,23.126115007198
113.29969994088,23.12626764002
113.29922877964,23.126572905137
113.2990483999,23.126664883356
113.29879786249,23.126777550357
113.29856744713,23.12687002696
113.29833703176,23.126972390924
113.29808658419,23.127074920984
113.29778601116,23.127227968138
113.2976558467,23.12726926259
113.29765485856,23.12726926259
113.29765485856,23.12726926259
113.29745453643,23.126961257185
113.29708416507,23.126384960284
113.29697412264,23.12623606656
113.29687405141,23.126117084402
113.29677398018,23.12604812123
113.2966138123,23.125999680813
113.29657383771,23.126020037422
113.29650376988,23.126040643294
113.2964838275,23.126050780052
113.29639390712,23.125831676345
113.29639318847,23.125831177815
113.29639318847,23.125831177815
113.29627308502,23.125502313853
113.29624317145,23.125442656281
113.29620328669,23.125333062426
113.29597332048,23.124785174882
113.29585339669,23.124446337625
113.29571344069,23.124117636408
113.29545347108,23.123519889996
113.29545356091,23.123439957619
113.29529366253,23.122991354956
113.29514382517,23.122522725994
113.29514301669,23.122522061271
113.29514301669,23.122522061271
113.2951330455,23.122482177879
113.29500324036,23.122093314173
113.29492347083,23.121774079484
113.29488358606,23.121604490936
113.29467419105,23.12050635622
113.29466430969,23.120446530218
113.29445491467,23.119398324426
113.29444503331,23.119318472658
113.29434541123,23.118809364577
113.29433552987,23.11874953781
113.2943056163,23.118679822973
113.29429573494,23.118599970773
113.29425594,23.118430378168
113.29411634333,23.117801529224
113.29407645856,23.117661932331
113.29378702453,23.116624174395
113.29341755147,23.115556826617
113.29297828008,23.114249905944
113.29296839872,23.114210020065
113.29294854616,23.11417021727
113.29275891387,23.113651533404
113.29267914434,23.113442131461
113.29263925958,23.113322473059
113.2926372833,23.113320644944
113.2926372833,23.113320644944
113.2926072799,23.113250844159
113.29256739514,23.113151211784
113.29254754258,23.113091382466
113.29246777305,23.112861953399
113.29208841864,23.111834295773
113.29184893039,23.111195693167
113.29173915746,23.110906347423
113.29166935912,23.110746799815
113.29160953197,23.110587168918
113.29152976244,23.110387650802
113.29138010474,23.109968503894
113.29125038943,23.109649240036
113.2909909588,23.108910575865
113.2908713045,23.10858125447
113.29087022654,23.108580257281
113.29087022654,23.108580257281
113.29074033156,23.108390791156
113.29066056203,23.108211213583
113.29063073829,23.108111411227
113.29057100097,23.107921778233
113.29037157715,23.107282741305
113.29011232618,23.10645390001
113.29005258886,23.106224210169
113.29003273631,23.106164377729
113.28990329049,23.10562497044
113.28989340913,23.105565137729
113.28987355657,23.105525332342
113.28985370402,23.105485526942
113.28969389547,23.105296139501
113.28965401071,23.105236389744
113.28964412935,23.105196501156
113.28964287172,23.105195337739
113.28964287172,23.105195337739
113.2895928361,23.105185448691
113.28953291912,23.105175725846
113.28948297334,23.105155947747
113.28943302755,23.105146141797
113.28937311057,23.105126363694
113.28932316479,23.105106585588
113.28926324781,23.105086807479
113.28926270883,23.105086391972
113.28926270883,23.105086391972
113.28921276304,23.10503653118
113.28918284947,23.105006697797
113.28916299692,23.10496680914
113.28915311555,23.104946947909
113.28915311555,23.104927003573
113.28914323419,23.104907142336
113.28914323419,23.104877225822
113.28914323419,23.104847309302
113.2891429647,23.104846727591
113.2891429647,23.104846727591
113.28915293589,23.104816727963
113.28915293589,23.104796783607
113.28916299692,23.104766867069
113.28917305794,23.104736950524
113.28919309015,23.10470695087
113.28921312236,23.104657006833
113.2892432156,23.104597007483
113.28927330883,23.104537008106
113.28931337326,23.104477008702
113.28933340547,23.10444700899
113.28936340887,23.104417009271
113.28938344109,23.104387009545
113.28942350551,23.104346954499
113.28950363436,23.104296844123
113.2895037242,23.104295930003
113.2895037242,23.104295930003
113.28951378522,23.10424590271
113.28952384624,23.104165958724
113.2895540293,23.104026015082
113.28963442765,23.10368596139
113.28963532595,23.102776238689
113.28966577851,23.102376347648
113.28965607681,23.102186540257
113.28969650056,23.101826537053
113.28975677686,23.10158645127
113.28983708537,23.101346365054
113.28991739388,23.101116250859
113.28995754814,23.101016193858
113.29015804993,23.100625688281
113.29017808214,23.100585715204
113.29009831261,23.100346125804
113.29006848887,23.100266345679
113.2900286041,23.10019653803
113.28996868713,23.10014684161
113.28983879215,23.100027337434
113.28983816334,23.100025758449
113.28983816334,23.100025758449
113.28944802925,23.099886973908
113.28926809866,23.099817581583
113.28862814581,23.099579237368
113.28823819139,23.099430064255
113.28807829301,23.099370394963
113.28779838102,23.099260862683
113.28738848421,23.099111439897
113.28561918168,23.098481751481
113.28538939513,23.098391665155
113.28530953577,23.098361664068
113.28518970182,23.09831163454
113.28514981705,23.098291689207
113.2850999611,23.098271743872
113.28507004752,23.098251798534
113.28487026438,23.098151656269
113.2848103474,23.098131627807
113.2845207337,23.097951288408
113.28416123184,23.097700724273
113.28380172997,23.097410019422
113.28338231113,23.097079090483
113.28331251279,23.097019004603
113.28325268564,23.096968891462
113.28325088903,23.096966980015
113.28325088903,23.096966980015
113.28305119572,23.09680641838
113.28298139738,23.096746249269
113.28288159564,23.096676024238
113.28255218701,23.096405013442
113.28235258352,23.09624436802
113.28220292583,23.09612386305
113.28216304106,23.096093778343
113.28187360703,23.095852684913
113.2817938375,23.095792432264
113.28171406797,23.095732179587
113.2812748864,23.095370330524
113.28105534054,23.095199378523
113.28032672494,23.094615713322
113.28019709945,23.094495040658
113.28010735873,23.09442464822
113.27999767563,23.094334143603
113.27980813317,23.094173080136
113.27963853309,23.094032128665
113.27892006834,23.093437571111
113.27874049707,23.093276423448
113.27871067333,23.093256311143
113.27823169683,23.092933017876
113.27812201373,23.092862292174
113.2778625831,23.092730398198
113.27761312366,23.09262850648
113.27739357779,23.092566839513
113.27731380826,23.092546311554
113.27736384388,23.092406854324
113.27736150828,23.092404693483
113.27736150828,23.092404693483
113.27753146768,23.092106164756
113.27757144228,23.092016572763
113.27816126968,23.090961410571
113.27820124427,23.090891764252
113.2783812647,23.090523253172
113.2784412715,23.090403823448
113.27853128172,23.090234610378
113.27884119712,23.089646934039
113.27893120733,23.089477636894
113.27943111435,23.088541138039
113.2794012906,23.088431015048
113.27937146686,23.088380898667
113.27934164312,23.088340755682
113.27927184478,23.088280416515
113.27927148546,23.088279336061
113.27927148546,23.088279336061
113.27903181755,23.088237780144
113.2787223513,23.088155748725
113.27799364587,23.087980548728
113.27784398817,23.08793949139
113.27776421864,23.087918962716
113.27771436269,23.087898683375
113.27705563526,23.08769339643
113.27692600977,23.087652422115
113.27686618262,23.087631976509
113.27671652493,23.087580779368
113.27661681301,23.087539971243
113.27654701468,23.087519442508
113.27645727396,23.087488690954
113.27642745021,23.087478468139
113.27631776711,23.08743757687
113.27580896687,23.087232954113
113.27520036489,23.086987190296
113.27519048353,23.08697721678
113.27518904624,23.086975720752
113.27519290895,23.086982037313
