113.33223530882,23.154676635232
113.33224015967,23.154678795058
113.33224015967,23.154678795058
113.33177905945,23.154664506977
113.33175911707,23.154664756188
113.33173917468,23.154665005398
113.33146860506,23.154668411278
113.3312781643,23.154670820315
113.33111781676,23.154672897071
113.33083718612,23.154676552162
113.33079721153,23.154677050583
113.3307271437,23.154677964356
113.33041641982,23.154682034797
113.33041543168,23.154681951727
113.33041543168,23.154681951727
113.33041543168,23.154771916758
113.33038551811,23.154842360249
113.33036557573,23.154872597774
113.33023550109,23.155124383047
113.33014531122,23.155095640839
113.33014504173,23.155095640839
113.33014504173,23.155095640839
113.33037509777,23.154452428475
113.33037509777,23.154342526321
113.33037509777,23.154272580988
113.33037482827,23.153892616025
113.33037482827,23.153822670453
113.33037482827,23.153732704777
113.33038435031,23.153162588458
113.33038426048,23.152982656148
113.33038426048,23.152892689902
113.33038426048,23.152812775234
113.33038426048,23.152802889737
113.33037410963,23.152583082601
113.3303740198,23.152333120074
113.33036350963,23.151563209269
113.33037303166,23.150823034002
113.33038273336,23.150372945606
113.33038264353,23.150152968292
113.33040213676,23.149272640016
113.33040204693,23.14903272317
113.33036180284,23.148673262458
113.33036072488,23.148671684052
113.33036072488,23.148671684052
113.33085200816,23.14867517316
113.33104253876,23.148672764014
113.33110272523,23.148681985227
113.33110272523,23.148681985227
113.33110272523,23.148681985227
113.33125310157,23.148660053691
113.33144363217,23.148667613425
113.33178453911,23.148673345532
113.33195494767,23.148671351755
113.33223566814,23.148677914601
113.33223557831,23.148677831527
113.33223557831,23.148677831527
113.33220548507,23.148628236342
113.33217530201,23.148318619075
113.33217512235,23.147928668098
113.33217485285,23.147328702937
113.33217485285,23.147158731698
113.33216488166,23.147028885487
113.33227519358,23.14703752529
113.3322746546,23.14703719299
113.3322746546,23.14703719299
113.33382836381,23.146989258691
113.33448978615,23.147012187405
113.33455994381,23.147021491809
113.33481048122,23.147028885487
113.33491073212,23.147027971662
113.33499086097,23.147027223986
113.33537165267,23.147043423617
113.33568228672,23.147060453995
113.3360530174,23.147076985922
113.33662407021,23.147091856346
113.33666413464,23.147101493045
113.33698473988,23.147108720568
113.33751563843,23.14713430766
113.33831692695,23.147168119167
113.33868747797,23.147185398754
113.3387575458,23.147194869296
113.33887764925,23.14713414151
113.33897781031,23.147093517846
113.33902784593,23.147073247546
113.33913797818,23.14701260278
113.33920804601,23.146952207211
113.3392180172,23.146922217104
113.33921810703,23.146921386353
113.33921810703,23.146921386353
113.33924802061,23.146771186489
113.33932787997,23.146380732506
113.33940773933,23.145940265802
113.33963743605,23.144808769746
113.33968747166,23.144658484411
113.33976751068,23.144608056955
113.33976760051,23.144607641573
113.33976760051,23.144607641573
113.33979751409,23.144427448414
113.33983739885,23.144147230536
113.33990728702,23.143726861068
113.33993729043,23.143576740661
113.34000717859,23.143166338678
113.34007715659,23.142805948197
113.34008712778,23.142695953305
113.34011713119,23.142545831729
113.34017704817,23.142185522639
113.34022699395,23.141845317514
113.34024693633,23.141695278054
113.34027693974,23.141595168574
113.34027702957,23.14159433779
113.34027702957,23.14159433779
113.34058694497,23.139792520371
113.34059691616,23.13973253691
113.34062691956,23.139512458852
113.34063689076,23.139462444837
113.34065683314,23.139012400934
113.34066680433,23.138902402893
113.34067677552,23.13854241622
113.34067677552,23.13845252325
113.34064677212,23.138212752976
113.34063680093,23.138122859782
113.3403965042,23.136304212662
113.34036659063,23.136094431067
113.34035670927,23.136044581927
113.34035670927,23.135994649685
113.34032679569,23.135784867601
113.34031691433,23.135705025698
113.34029697195,23.135505213026
113.34027702957,23.135305400053
113.34027702957,23.135255467534
113.34027613126,23.135254138215
113.34027613126,23.135254138215
113.34018603122,23.134804661604
113.34012602441,23.134525088045
113.34007607863,23.134185444842
113.34004616505,23.134045699025
113.33999621927,23.133736047691
113.33997636671,23.13338626627
113.33994645314,23.133096553501
113.33993657178,23.133046703234
113.33992669042,23.132966859682
113.33991680906,23.132887016083
113.3399069277,23.132787149203
113.33988698532,23.132637348742
113.33989704634,23.132567391952
113.33989704634,23.13252751158
113.33989704634,23.132447584632
113.33989704634,23.132397651036
113.33986713276,23.132127959443
113.3398572514,23.13192814138
113.33987728362,23.131738127001
113.33990737685,23.131328020706
113.3399274989,23.13089797271
113.33992758873,23.130538047388
113.33993791924,23.129508117178
113.33994798026,23.129308128995
113.33994807009,23.129138217735
113.33994815992,23.128928341716
113.33994815992,23.128838442227
113.33995831077,23.128448517029
113.33995831077,23.128388611522
113.33995831077,23.128328705988
113.33997852265,23.127958720168
113.33998858367,23.127878790466
113.33999873452,23.127638834897
113.34001885657,23.127358830793
113.34004912946,23.126818761861
113.34004787183,23.126815936879
113.34004787183,23.126815936879
113.34005802269,23.1265758963
113.34006817354,23.12629597304
113.34007823456,23.126256007694
113.34010904644,23.12471604484
113.34011919729,23.124546127697
113.34012943797,23.124156189879
113.3401295278,23.124016267315
113.34013976849,23.123576307933
113.34014991934,23.12341636011
113.34025079905,23.122166018478
113.3402609499,23.122016039839
113.34026103973,23.121926135665
113.34027119058,23.121766185852
113.34029158212,23.121206235351
113.34029167195,23.121106359676
113.34031215331,23.12051641031
113.34036335673,23.118966409714
113.34037350758,23.118836452799
113.34037359741,23.118726521116
113.34038374826,23.118596563967
113.34038392792,23.1183566747
113.34038392792,23.118336732379
113.34039416861,23.118026795091
113.34040422963,23.11800685272
113.34040440929,23.117816984585
113.34040440929,23.117787070981
113.34040440929,23.117747186165
113.34041447031,23.117657196005
113.34041447031,23.117627282365
113.34045552287,23.116457321373
113.34048633475,23.115587405481
113.34056888903,23.112907573336
113.34056870937,23.112905080443
113.34056870937,23.112905080443
113.3405891009,23.11247505582
113.34058919073,23.112355147257
113.34058919073,23.112335204034
113.34059934159,23.112215295344
113.34060958227,23.111965339806
113.34062000261,23.111545450004
113.34064066364,23.110865546464
113.34072187046,23.109695442765
113.34104436214,23.107584310611
113.34105442316,23.107534367657
113.3410745452,23.107394344465
113.34108460622,23.107314402375
113.34110472827,23.107234377137
113.34111478929,23.107144462949
113.34112485031,23.107084547823
113.34112485031,23.107064603808
113.34123579104,23.106294263951
113.34130639785,23.105804136006
113.34130648768,23.105734248168
113.34130684701,23.105374420784
113.34129705548,23.105254588908
113.34125770969,23.104704956433
113.34123785714,23.104615123633
113.34121800459,23.104525290773
113.34120812323,23.104495457275
113.34112853336,23.104136042044
113.34087889426,23.103627540543
113.34080909592,23.103408067403
113.3406893518,23.103158843204
113.34047977712,23.102600226945
113.3403200584,23.102241305202
113.34028017364,23.102141664565
113.3401403973,23.101832603597
113.34009054135,23.101713017834
113.34008065998,23.101693156116
113.34001077182,23.101553708489
113.33992094126,23.101324342586
113.33973112931,23.100975639172
113.33949137157,23.100527376097
113.33937162745,23.100228283894
113.33930182911,23.100048861491
113.33921208839,23.099789575329
113.33913240869,23.099430230465
113.33911255614,23.099370478068
113.33905281882,23.099081023447
113.33905290865,23.09901113207
113.33905317814,23.098691260127
113.33906323916,23.098611312797
113.33906359849,23.098191463867
113.33915414768,23.097741030642
113.33924451722,23.097500521944
113.33938519186,23.096969805632
113.33957635127,23.095978841406
113.33957635127,23.095948922881
113.33953655634,23.095739326803
113.33952667498,23.095689462501
113.33951679362,23.095599623602
113.33945714613,23.095250157191
113.33942732239,23.095120426382
113.33932770031,23.094671229359
113.33931781895,23.094591362718
113.33929796639,23.094481577173
113.3391783121,23.093972540056
113.33911857478,23.093643098506
113.3388392916,23.092345353472
113.33879949667,23.092165754202
113.33877964411,23.092085969163
113.33873984918,23.09187636699
113.33872996782,23.091806554932
113.33870014408,23.091646901266
113.3386605288,23.091167357347
113.33866061863,23.091007453582
113.33861067285,23.090897914406
113.33861103217,23.090438064967
113.33859117962,23.090318302724
113.33858210673,23.089128653047
113.33858219656,23.089028753239
113.33858219656,23.088978803306
113.33859243725,23.088688827373
113.33859252708,23.088528920625
113.33859252708,23.088459023697
113.33860276776,23.088129069803
113.33860294742,23.087869178591
113.33862369828,23.086609276633
113.33861390675,23.086369495799
113.3386099542,23.086362597419
113.3386099542,23.086362597419
113.33839040834,23.0847143729
113.33839040834,23.0847143729
113.33839040834,23.0847143729
113.33836067443,23.084124594288
113.3383409117,23.083754817721
113.33833103034,23.083654996988
113.33832114898,23.08355517618
113.33831126762,23.083385372585
113.33831126762,23.083355451224
113.33830138626,23.083265603986
113.33830138626,23.08316569977
113.3382915049,23.08312588767
113.33827156252,23.08305615413
113.33825162014,23.082986420553
113.33823167775,23.08291668694
113.33820176418,23.082857010231
113.33817185061,23.082807307325
113.33814193703,23.082767661348
113.33810196244,23.082728015359
113.33806198784,23.082688369358
113.33801204206,23.082658863417
113.33796209627,23.08262935747
113.33791215048,23.082599851515
113.33785214368,23.082590376363
113.33779213687,23.082580901209
113.33773213006,23.082581399901
113.33766206223,23.082591955555
113.33760205542,23.082612401936
113.33754204861,23.082632848314
113.337492013,23.08266326853
113.33744197738,23.082703662576
113.33740200279,23.082743973494
113.33736202819,23.082794258231
113.33733202479,23.082844542948
113.33732205359,23.082894661417
113.33730211121,23.082954836799
113.33730211121,23.083014845925
113.3373120824,23.083084745717
113.33732205359,23.083144671669
113.337352057,23.083214405163
113.33740209262,23.083273998596
113.33745212823,23.083333592003
113.33750216385,23.083363180909
113.3375822927,23.083412551148
113.33764238934,23.083442056922
113.33769242496,23.083461672024
113.33783265045,23.083530574204
113.3379127793,23.083559913722
113.33819323028,23.083557835852
113.33832339475,23.08355692159
113.33842355581,23.083556256672
113.33863384913,23.083564734378
113.33881413905,23.083563570772
113.33883417126,23.083563487657
113.33898436794,23.08356249028
113.33955515126,23.083558750115
113.33994564467,23.083556422901
113.3400157125,23.083556090442
113.34086667731,23.083561326673
113.3413371199,23.083568973232
113.3418675693,23.083596567331
113.34250806113,23.083683920905
113.3426782002,23.083703286627
113.34269823241,23.083703286627
113.34291840709,23.083732542992
113.34294841049,23.083742433637
113.343308631,23.083821309425
113.34398891777,23.083979476432
113.34454910108,23.084108220746
113.34470917912,23.084137892594
113.3451392878,23.084227240556
113.34533934044,23.084266969212
113.34618940694,23.084436272995
113.34640940196,23.084486224635
113.34644937656,23.084486224635
113.34664933936,23.084526202556
113.34668931396,23.084536176256
113.34702923276,23.084606241476
113.34706920736,23.084616298284
113.34736915157,23.084676472887
113.34804889935,23.084817184941
113.34819882654,23.084847355315
113.34854871653,23.084917919054
113.3489684947,23.085018736205
113.34996785958,23.085221367642
113.3524154726,23.085751715318
113.35241295734,23.085749138803
113.35241295734,23.085749138803
113.3534616392,23.085975207068
113.35369133591,23.086026654168
113.35386111566,23.08606779521
113.35396100723,23.086088490396
113.35417067173,23.086129880759
113.3545001702,23.086202189194
113.35459997194,23.086222884359
113.35468980249,23.086243579521
113.35478960423,23.08626427468
113.35478960423,23.08626427468
113.35478960423,23.08626427468
113.3548594924,23.086234852646
113.35492938057,23.086235351324
113.35504921452,23.086256295824
113.35523893665,23.086187893736
113.35523893665,23.08618772751
113.35523893665,23.08618772751
113.35523893665,23.08618772751
113.35523893665,23.08618772751
113.35523192986,23.086184153645
