113.32961225673,23.125715186475
113.32961692792,23.125711364409
113.32961692792,23.125711364409
113.3298477026,23.125398286983
113.32987779584,23.125347935289
113.32998819758,23.125206518385
113.33022894346,23.125113375912
113.33027906891,23.125102823638
113.33086063189,23.125035272449
113.33091075734,23.125024720169
113.3312716965,23.125000208965
113.33146222709,23.124977858066
113.3318732917,23.124972789646
113.33216398336,23.125049231369
113.33243455298,23.125265926798
113.33262481408,23.125573603786
113.33263478528,23.125643481177
113.33267475987,23.125852946952
113.33271473447,23.126172421089
113.33273458702,23.126572157346
113.33274455821,23.126681999441
113.33281453621,23.127101176643
113.33280447519,23.127331245787
113.3327642311,23.127891668956
113.33273413787,23.128271957724
113.3327339582,23.12827129303
113.3327339582,23.12827129303
113.3325533988,23.128493383826
113.33229280037,23.12875651898
113.33185173236,23.128851902228
113.33178166453,23.128872756919
113.3317115967,23.128883641238
113.33073909116,23.128986003648
113.33061889788,23.128977695014
113.33054883005,23.128978608964
113.33032829605,23.128971629711
113.33030835367,23.12897187897
113.33021816379,23.128973125265
113.32988740771,23.128807700244
113.32962689911,23.128451341976
113.32962573131,23.128451009629
113.32962573131,23.128451009629
113.32957569569,23.128201666284
113.32956581433,23.128111932476
113.32955593297,23.128072133851
113.32955575331,23.128071967677
113.32955575331,23.128071967677
113.32902422594,23.127959384864
113.32782076605,23.128006744435
113.32769042192,23.128018708956
113.32748992013,23.128041724038
113.32723920306,23.128065486898
113.32621603309,23.128191114256
113.32548373444,23.128282592833
113.32510258341,23.12831865249
113.32510204442,23.128318486317
113.32510204442,23.128318486317
113.3251416597,23.129707772716
113.3251416597,23.129827748683
113.32506144102,23.129849018649
113.32506135118,23.129849018649
113.32506135118,23.129849018649
113.32327543,23.130018181227
113.32242257875,23.130062465894
113.32225208036,23.130075344172
113.32197118023,23.130090133418
113.32186086831,23.130122038303
113.32186050899,23.130122038303
113.32186050899,23.130122038303
113.32191054461,23.130721167411
113.32194036835,23.131890587182
113.32193039716,23.132130784311
113.32193039716,23.132250758086
113.3219302175,23.132250758086
113.3219302175,23.132250758086
113.32197001243,23.13458997575
113.32197001243,23.135009958781
113.32198007346,23.135159756561
113.32202022771,23.135169061798
113.32207044299,23.13519822374
113.32211059725,23.135237521732
113.32214069048,23.135267015988
113.32216072269,23.135286706516
113.32217078372,23.135306563207
113.32218084474,23.135336389777
113.32219090576,23.13535624646
113.32219090576,23.135396209063
113.32220096678,23.135426035614
113.32220096678,23.135465998196
113.32219099559,23.13549615706
113.3221810244,23.135536285786
113.32216108202,23.135566610798
113.32214113963,23.135596935804
113.32212119725,23.135627260802
113.32209119385,23.135657751958
113.32206119044,23.13567827325
113.32203118704,23.135698794539
113.32199112261,23.135709512133
113.32196111921,23.135720063563
113.32194117683,23.135730365745
113.32189105138,23.135731196567
113.32185098695,23.135731861223
113.32180086151,23.135732692045
113.32176079708,23.13572346993
113.32173079368,23.135704028713
113.32169072925,23.135694806596
113.32165066483,23.135665561681
113.32164886821,23.135665478599
113.32164886821,23.135665478599
113.32149840204,23.1357380093
113.32109703914,23.135934913751
113.32078604577,23.136080307146
113.32042483713,23.136266576622
113.31971239103,23.136608956186
113.31950173839,23.136692619293
113.31874913803,23.137065820913
113.31872919565,23.137076206072
113.31860882271,23.137098305688
113.3185788193,23.137108857008
113.31829791917,23.137243780888
113.31825785475,23.137264468097
113.3180472021,23.137358183604
113.31800713768,23.137378870794
113.31745521877,23.137628612287
113.31723450511,23.137722493698
113.31683314221,23.13784960736
113.31644184033,23.137926540146
113.31608063168,23.137962929503
113.31539827882,23.138015021101
113.31500697694,23.138012030197
113.31468592255,23.138017679683
113.31458567165,23.138019424377
113.31447535974,23.138021335233
113.31431483254,23.138014273375
113.3141944596,23.138016433473
113.31417451722,23.138016765795
113.31412439177,23.138017679683
113.31409438837,23.138018178167
113.31292030307,23.138028729413
113.31258918766,23.138024575379
113.31173624658,23.138029310978
113.31167614994,23.138030307946
113.311555777,23.138032384963
113.3111544141,23.137979296403
113.31021128314,23.137985278214
113.31009100004,23.137987272151
113.30996065591,23.137989432249
113.30995733218,23.137989515329
113.30995733218,23.137989515329
113.3095660303,23.13798602594
113.30935537765,23.137979628726
113.30874345194,23.137949719669
113.30836230091,23.137906019202
113.30686752054,23.137689842914
113.30686707139,23.137689427509
113.30686707139,23.137689427509
113.30614483376,23.137580591504
113.30506156715,23.137376876848
113.30499140949,23.137358017441
113.30481093991,23.137340736573
113.30453021944,23.137294875795
113.30433977867,23.137267708262
113.30431983629,23.137267957505
113.30371815126,23.137246522567
113.30359786815,23.13722824471
113.30191336566,23.137220850485
113.30184329783,23.137221764378
113.30039972087,23.137259566309
113.2986758726,23.137259067822
113.29831520294,23.137262889555
113.29813491302,23.13726471734
113.29783434,23.137257821605
113.29753385681,23.137250842787
113.29731350247,23.137253002897
113.29615145446,23.137243697807
113.29614983751,23.137242700833
113.29614983751,23.137242700833
113.29520823367,23.137240540723
113.29432699597,23.137217277994
113.29341584469,23.137143501884
113.29322567341,23.137134778355
113.29299543771,23.137126304069
113.29280526643,23.137117497457
113.29266522061,23.13711832827
113.29231488146,23.137120239138
113.29194459993,23.137152142332
113.29178452188,23.137182965462
113.29164447606,23.13720365268
113.29161456248,23.137213788584
113.29157458789,23.13722400757
113.29127437419,23.137325366568
113.2909542181,23.137426725488
113.29076413666,23.137467518277
113.29065409423,23.137487956208
113.29043400938,23.13750880954
113.29026396015,23.137509391107
113.28989376845,23.137520607042
113.28977375483,23.137521022447
113.28921348168,23.137532653785
113.28888344424,23.137533484595
113.28793321667,23.137565221527
113.28745316221,23.137555916458
113.28508334244,23.137545697499
113.28434367769,23.137524594929
113.28434143192,23.1375238472
113.28434143192,23.1375238472
113.28415153014,23.137523514876
113.28410167418,23.137523514876
113.28402181482,23.137523431795
113.2835921553,23.137512465104
113.28359179597,23.13751213278
113.28359179597,23.13751213278
113.283251967,23.137501166088
113.28230272757,23.137448077316
113.28225287161,23.137457880878
113.28197322911,23.137446831101
113.28179347818,23.137446166452
113.28100431678,23.137422571435
113.28094448964,23.137422322192
113.2808746913,23.137412020141
113.28035538088,23.137399308738
113.27990595864,23.137386763497
113.27985610268,23.137386514253
113.27902723619,23.137361340685
113.27877768692,23.137359679063
113.27869791739,23.137359180577
113.27862811905,23.137368651821
113.2783586274,23.137376710686
113.27815902391,23.137395237766
113.2780293086,23.137394323874
113.27800945605,23.137394240793
113.27791971533,23.137403545873
113.27789986277,23.137403462792
113.27772020167,23.137422072949
113.27750065581,23.137430297973
113.27725119637,23.137448243478
113.27673215544,23.137483885238
113.27616325856,23.137538801778
113.27544470399,23.137592056675
113.27532504969,23.137590976623
113.27504567668,23.137608174378
113.27475633247,23.137625205969
113.27454684763,23.137633015576
113.27376864557,23.137684691899
113.27353921834,23.137692169179
113.27270127896,23.137732546482
113.27227242791,23.137757470737
113.27219274821,23.137756556848
113.27105576293,23.137802334385
113.2700386116,23.137848942714
113.2698392776,23.137856253823
113.26980945386,23.1378559215
113.26976965893,23.137855423015
113.26976588604,23.137854426046
113.26976588604,23.137854426046
113.26940692316,23.137889486132
113.26915773321,23.137906019202
113.26892848565,23.137932771201
113.26892830599,23.137932771201
113.26892830599,23.137932771201
113.26865908383,23.138028895574
113.26854949055,23.138097354031
113.26848975324,23.138166477098
113.2684499583,23.13823593245
113.26844007694,23.138315772828
113.26842022439,23.138395446997
113.26840037184,23.138445129093
113.26840037184,23.138715140158
113.26839049048,23.138895008762
113.26839058031,23.139215033038
113.26838078878,23.139754885321
113.26838078878,23.139954857747
113.26837099725,23.14018473843
113.26837108708,23.140524781659
113.26837108708,23.140604786816
113.26837108708,23.140674822444
113.26831134976,23.140683961135
113.26826158364,23.140693265984
113.26821181751,23.140662609828
113.26821082938,23.140662526749
113.26821082938,23.140662526749
113.26821082938,23.140542477508
113.26821082938,23.14049254696
113.26821082938,23.140372663723
113.26822062091,23.139542866035
113.26822053108,23.139542616796
113.2682220582,23.139548681615
