113.28442748959,23.122374991202
113.28442641162,23.122374991202
113.28442641162,23.122374991202
113.28377675708,23.122393603468
113.28320714156,23.122402078696
113.28320705173,23.122402078696
113.28320705173,23.122402078696
113.28284728037,23.122370919768
113.28263752603,23.122350313327
113.28236785472,23.12232945761
113.28182842226,23.122287413806
113.28126904742,23.122234983668
113.28116924568,23.122224597346
113.28084971841,23.122193106015
113.27934173295,23.122034485975
113.27880265981,23.121930954929
113.27811383915,23.121796098559
113.27789429328,23.121754553131
113.27738522355,23.121720652052
113.27738414558,23.121719571871
113.27738414558,23.121719571871
113.27752419141,23.121260743176
113.27748430665,23.121270381752
113.27748430665,23.121270464843
113.27748430665,23.121270464843
113.27653605535,23.121022520553
113.2759972517,23.120837725311
113.27498962241,23.120488159147
113.27406194231,23.12014864618
113.27406167282,23.120148313812
113.27406167282,23.120148313812
113.27367261671,23.12000414933
113.27365276415,23.120003983147
113.27344336914,23.119921722075
113.27336368944,23.119880923888
113.27314432324,23.119798496556
113.2731045283,23.119778138992
113.27303481979,23.119747394908
113.27300499605,23.119737174576
113.27290537397,23.119706098115
113.27255638228,23.119562099337
113.27249664496,23.119531438296
113.27249574666,23.119530690466
113.27249574666,23.119530690466
113.27208692782,23.119365752223
113.27176793953,23.119231973447
113.27033226767,23.118643677603
113.27004328279,23.118519869247
113.26999351666,23.118489291058
113.26992380815,23.118458463583
113.26987404203,23.11842788538
113.26987350304,23.118427386822
113.26987350304,23.118427386822
113.26962422327,23.1183839292
113.26940494689,23.1183210278
113.26934520957,23.1183103088
113.26897645516,23.118215250343
113.26852793122,23.118098919972
113.26844825152,23.118077897401
113.26831871587,23.118056126988
113.26822906498,23.118034938224
113.26801984963,23.117961982376
113.2677807207,23.117888527927
113.26757150535,23.117825543198
113.26751176803,23.117804769864
113.26703342035,23.117677636988
113.26690397452,23.11764572911
113.26656522351,23.117560641398
113.26567841631,23.117186969421
113.26559882645,23.117155809269
113.26555903151,23.117155227612
113.26517051438,23.116989123103
113.26434362416,23.116655833237
113.26420420714,23.116573653184
113.26413458847,23.116542575982
113.26394540533,23.116439539216
113.26390561039,23.116418931854
113.2638559341,23.116388186992
113.26353739496,23.116103007288
113.26337821523,23.115920448747
113.26310953205,23.115606101795
113.26297020486,23.115493840781
113.26296759978,23.115491514127
113.26296759978,23.115491514127
113.26294774723,23.115461184524
113.26272874034,23.115277627961
113.26253964703,23.115144509824
113.26227078419,23.114970010191
113.2621414282,23.114897883609
113.26200210102,23.114825590797
113.26120530403,23.114462048762
113.26097632595,23.114358179426
113.26064754614,23.11438244331
113.26064673766,23.114381944737
113.26064673766,23.114381944737
113.26063658681,23.114601732116
113.26063658681,23.114711750312
113.26059679188,23.114741082943
113.26054702575,23.114770249376
113.2605271732,23.114799914375
113.26052672405,23.114799748185
113.26052672405,23.114799748185
113.26032747989,23.114786286757
113.26023791883,23.114774819615
113.25996896616,23.114760194852
113.25955053545,23.114772825329
113.25930152516,23.114768504376
113.25923190649,23.114767341043
113.2587138537,23.114738257704
113.25822571448,23.114729698892
113.25813615342,23.114728203177
113.25705019189,23.114728867939
113.25693080709,23.114666795759
113.25664200187,23.114611703558
113.25649261366,23.114589101623
113.25566572344,23.114604308072
113.2556358997,23.114583866615
113.25561604715,23.11457356279
113.2555961946,23.114573313504
113.2555465183,23.114552539661
113.25554490135,23.114551376326
113.25554490135,23.114551376326
113.25557490476,23.114451911118
113.25557490476,23.1144120253
113.2555650234,23.114391916195
113.25555514203,23.114371807088
113.2555453505,23.114321700496
113.2555553217,23.11428198083
113.25559529629,23.114172793234
113.25572510144,23.113855284501
113.25599486258,23.113120299973
113.25599495241,23.113070359102
113.25599504224,23.113010446651
113.25602504565,23.112851067765
113.25605513888,23.112641747656
113.25605513888,23.112611832885
113.25605495922,23.112610835726
113.25605495922,23.112610835726
113.25579588791,23.112606182317
113.25569635566,23.112604520385
113.25569626583,23.112604437288
113.25569626583,23.112604437288
113.25571593872,23.112884721821
113.25571593872,23.112994741441
113.25571593872,23.113104760969
113.25571566923,23.113104677872
113.25571566923,23.113104677872
113.25571530991,23.113544588881
113.25572510144,23.113704714797
113.25570524889,23.113754323046
113.25565548276,23.113803432701
113.25552594711,23.113931067863
113.2554562386,23.113939792919
113.25542641485,23.11393937744
113.25491833326,23.11395034608
113.25412126678,23.113946274388
113.25398184976,23.113953836102
113.25372286829,23.113949348931
113.25233786085,23.113975025518
113.25138125531,23.113998458514
113.25115218741,23.113994636111
113.25115110944,23.113994303728
113.25115425351,23.113949348931
