113.34952768988,23.137986773666
113.34952912717,23.137990179975
113.34952912717,23.137990179975
113.34958904414,23.137290389414
113.34962901874,23.136660549826
113.34963898993,23.136070669646
113.34961904755,23.135800736277
113.34965902214,23.135610893612
113.34969899674,23.135181108755
113.34977894593,23.134571448278
113.34981901035,23.133881692747
113.34984901376,23.133541881729
113.34988898835,23.133342065797
113.34989895954,23.133222176093
113.34992896295,23.132932379882
113.34998905959,23.132282662451
113.34996920704,23.13204271485
113.34996902737,23.132041468584
113.34996902737,23.132041468584
113.34975918321,23.132060827254
113.34941944406,23.132079853583
113.34889977433,23.132098630656
113.34878991156,23.132108434614
113.3480902214,23.132137181807
113.34756040081,23.132166593669
113.34719056843,23.132176314538
113.34710064805,23.132156374294
113.34699078529,23.132166344416
113.34636089346,23.132206307981
113.34616093066,23.132226331301
113.34497076569,23.132297451451
113.34496986738,23.132297202198
113.34496986738,23.132297202198
113.34471977913,23.132327611036
113.34281887484,23.132462539782
113.34244868314,23.13248389241
113.34076723489,23.132591569422
113.34056709242,23.132602619604
113.34016671765,23.132624886134
113.34011677187,23.132635188557
113.34009682948,23.132635271641
113.34005685489,23.132635520893
113.34001688029,23.132635770145
113.33988680566,23.132636517902
113.33984683106,23.132636767154
113.33885555093,23.132733227703
113.33469819303,23.133069302024
113.33455796754,23.133080767585
113.33407701477,23.133095888831
113.33399688592,23.133116742855
113.33038803337,23.133340404125
113.32888391062,23.13344101834
113.32819194589,23.133490951543
113.32819032894,23.133491034626
113.32819032894,23.133491034626
113.3278794254,23.133515544262
113.32778923553,23.13353689672
113.32753860829,23.133550605495
113.32749854386,23.133551187079
113.32713751488,23.133576610621
113.32647555355,23.13362670994
113.32608443133,23.133662768144
113.32608389235,23.133662768144
113.32608389235,23.133662768144
113.32601364486,23.133693841336
113.32582311426,23.133746848528
113.32523131059,23.133946165351
113.32505084101,23.133999006275
113.32451913398,23.13420754494
113.32334522834,23.134816791677
113.32234182108,23.135313625209
113.32227166342,23.13535483406
113.32219144474,23.135396209063
113.32220150576,23.135426035614
113.32220150576,23.135465998196
113.32219153457,23.13549615706
113.32218156338,23.135536285786
113.322161621,23.135566610798
113.32214167862,23.135596935804
113.32212173624,23.135627260802
113.32209173283,23.135657751958
113.32206172943,23.13567827325
113.32203172602,23.135698794539
113.3219916616,23.135709512133
113.32196165819,23.135720063563
113.32194171581,23.135730365745
113.32189159036,23.135731196567
113.32185152594,23.135731861223
113.32180140049,23.135732692045
113.32176133606,23.13572346993
113.32173133266,23.135704028713
113.32169126823,23.135694806596
113.32165120381,23.135665561681
113.32163126143,23.135645954291
113.32161131904,23.135616377037
113.32158131564,23.13558696594
113.32156137326,23.135547418805
113.32155140207,23.135517675364
113.32154143088,23.135477962044
113.32154143088,23.135438082548
113.32153846647,23.135437334807
113.32153846647,23.135437334807
113.32137793927,23.135460099354
113.32129772059,23.135471481627
113.32108706795,23.135505129944
113.32083626105,23.135539442911
113.32051520666,23.13554500942
113.32011384376,23.135502055901
113.31974257409,23.135468656829
113.31915059076,23.135409086823
113.31882953637,23.135364803942
113.31825758525,23.135254969039
113.31760532562,23.135116553669
113.31715374744,23.134974648686
113.31691300157,23.134909013426
113.31682281169,23.134870712329
113.31612033679,23.134593299063
113.31587959091,23.134507640641
113.31557856873,23.134383099346
113.31486612263,23.134085828189
113.31452503603,23.133941928106
113.31440466309,23.133884102162
113.31391302049,23.133682874328
113.31385292385,23.133654044386
113.31367236444,23.133577275289
113.3135519915,23.133509479166
113.31341158635,23.133451985368
113.31329121341,23.133384189181
113.31316086928,23.133306589091
113.31298030988,23.13321984975
113.31279975047,23.133153050449
113.31197699245,23.132807421687
113.31168612113,23.132692516541
113.31110419882,23.132472592965
113.31098391571,23.132434706585
113.3106227969,23.132310911101
113.31013124412,23.132129288792
113.31000089999,23.13210153861
113.30992068131,23.132072957578
113.30979033718,23.132035237252
113.30959980658,23.13198846071
113.30915846909,23.131905874733
113.30915496569,23.131902883691
113.30915496569,23.131902883691
113.30894431305,23.131856356356
113.30816188895,23.131699160311
113.30812182453,23.131689854831
113.30810188215,23.131680300096
113.30801169227,23.131661855302
113.3079215024,23.131643410506
113.307891499,23.131633938853
113.30730975635,23.131493276414
113.30662767297,23.131363996451
113.30634686267,23.131308412675
113.30630679825,23.131299107167
113.30627679484,23.131299605677
113.30607629305,23.13126271598
113.30603622863,23.13125341047
113.30603506083,23.131252413451
113.30603506083,23.131252413451
113.30594478113,23.13125374281
113.30537318933,23.131132438773
113.3047715043,23.13101138388
113.30450084485,23.130955384531
113.30402959378,23.130872216314
113.3033477799,23.130741772552
113.30224493022,23.130506641116
113.30165348587,23.13038433937
113.30157335702,23.130385336396
113.30157263838,23.130384754797
113.30157263838,23.130384754797
113.30116157378,23.130439923534
113.30107147373,23.130461027231
113.30092118722,23.130472908445
113.29990879691,23.130624871569
113.29980863585,23.130636005
113.29922734235,23.130772514087
113.29893674052,23.130845712146
113.29875645061,23.13089764037
113.29833559447,23.131012048561
113.29736362791,23.131281742424
113.29691285821,23.131405954293
113.29683281919,23.131426725497
113.29671271574,23.131457799213
113.29642229357,23.131540385469
113.29597152386,23.131694258317
113.29572116612,23.131786399154
113.29563106608,23.131827110594
113.29546083718,23.131888510069
113.29537073714,23.131919251338
113.29522054046,23.131980484602
113.29453953505,23.132255660059
113.29412900943,23.132408618151
113.29348815828,23.132662938628
113.2934382125,23.132683294215
113.29322800901,23.13274461021
113.29322576324,23.132744527126
113.29322576324,23.132744527126
113.29314563439,23.132775018945
113.29268516299,23.132917757121
113.29173421678,23.13318279442
113.29140399967,23.133254329475
113.29097371133,23.133336249944
113.29093373674,23.133346386145
113.2907336841,23.133367240128
113.29028345338,23.133418918114
113.28994326508,23.133420081284
113.28974321244,23.133420745952
113.28967323444,23.133420995203
113.28886287304,23.133443178512
113.28880295607,23.133443344679
113.28845288641,23.133444092431
113.28788282173,23.133455059459
113.28739279608,23.133475581091
113.28631276336,23.133475996509
113.28625284639,23.133466109569
113.2861029192,23.133466109569
113.28608297681,23.133466109569
113.28605306324,23.133456222628
113.28601317848,23.133456222628
113.28597329371,23.133456222628
113.28592334793,23.133456222628
113.28521359674,23.133395737798
113.28513373738,23.133385767769
113.28513140179,23.1333851031
113.28513140179,23.1333851031
113.28489146439,23.133344807556
113.28436173363,23.133264050264
113.28407194027,23.133223505432
113.2838620961,23.1331930968
113.28375223334,23.133172907459
113.28353241798,23.133152385779
113.28333263484,23.133121894047
113.28313285169,23.13310137236
113.28286309055,23.133080601418
113.28246343442,23.133049278831
113.2817441612,23.132996520612
113.28112486938,23.13292373916
113.2803957148,23.132850043744
113.28029591306,23.132829605099
113.27975666026,23.13271652782
113.27937721602,23.132614251374
113.27930741768,23.132583925686
113.27860853599,23.132309249416
113.27818929681,23.132176314538
113.2780895849,23.132155626535
113.27787003903,23.132114001267
113.27751071683,23.132091236145
113.2774309473,23.132080684427
113.27738109134,23.132080352089
113.2759337415,23.132007819388
113.27530510731,23.131961873681
113.27524528016,23.131961375174
113.2752430344,23.131959381147
113.2752430344,23.131959381147
113.27487383083,23.131935618984
113.27462446122,23.13192315631
113.27437509161,23.13191061055
113.27397606431,23.131896403098
113.27300840961,23.131845638449
113.27273909762,23.131832594175
113.27193116165,23.131792962836
113.27185148195,23.131782078755
113.27106357818,23.131752251385
113.27066473054,23.131727159831
113.27063490679,23.131736797647
113.27051534233,23.13172533197
113.27045560502,23.131724584208
113.27041581008,23.131724168785
113.2698275098,23.131706305589
113.2697478301,23.131705308574
113.2696781216,23.131704394643
113.26878080422,23.131651885142
113.26875098048,23.131651552804
113.26866132959,23.131630366211
113.26863150585,23.131619980625
113.26862961941,23.131618568186
113.26862961941,23.131618568186
113.26800152419,23.131579435291
113.26762279859,23.131543958113
113.26687522875,23.131512801333
113.26655633029,23.131498012246
113.26635708613,23.131485051021
113.2658189113,23.131456719111
113.26532062123,23.131418915525
113.26487218712,23.131391829873
113.26468291415,23.131388838819
113.26431424957,23.131362916348
113.26403523588,23.131368316863
113.26398546975,23.131367569099
113.26298897945,23.131361088481
113.26243095207,23.131361670075
113.26160388218,23.131367486014
113.26102600225,23.131377456196
113.2610061497,23.131377206941
113.26094641238,23.131376293008
113.26093653102,23.131376209923
113.26093491407,23.131374963651
113.26093491407,23.131374963651
113.26053633592,23.131407948329
113.26045674605,23.13141658915
113.25970953553,23.131463448979
113.25893241143,23.131529750622
113.2584642146,23.131571459158
113.25731842592,23.131661024456
113.25656124421,23.13172749217
113.25648165434,23.131726162816
113.25625258643,23.131732061824
113.25577441841,23.131763550891
113.25550546574,23.131758815069
113.25523651307,23.131764049398
113.25404095827,23.131772773281
113.25393145483,23.13177094542
113.25392157347,23.131660858286
113.25404113793,23.131662935403
113.25403979047,23.131662686149
113.25403979047,23.131662686149
113.25412944136,23.131654211513
113.25463761279,23.131663267741
113.25549450641,23.131658615
113.25575357772,23.131643327421
113.25613221349,23.131640170203
113.25623183557,23.131632027905
113.25634142885,23.131624051775
113.25634142885,23.131623636352
113.2563374763,23.131622639336
