113.29242240863,23.143661063987
113.292415851,23.143649516264
113.292415851,23.143649516264
113.29219576615,23.143730682615
113.29219558649,23.143730682615
113.29219558649,23.143730682615
113.29216549325,23.143570842179
113.29220537802,23.143220671321
113.29217537461,23.143150886271
113.29217537461,23.143150803194
113.29217537461,23.143150803194
113.29210530678,23.14317115717
113.29189519312,23.143242271448
113.29176520832,23.143282896293
113.2916451947,23.143333490408
113.29148511666,23.143394219936
113.29121499619,23.143495491138
113.29033447713,23.143829045864
113.28998440747,23.143960307518
113.28943419535,23.144141996695
113.28938424956,23.144162101289
113.28858412884,23.144494075881
113.28852421187,23.144514180422
113.28842432029,23.144554389494
113.2882843643,23.144604650817
113.28806445911,23.144695038074
113.28806311165,23.144694954997
113.28806311165,23.144694954997
113.28797310144,23.144725111762
113.28794318786,23.144735164015
113.28781329289,23.144795311365
113.28763336229,23.144865510931
113.28643349562,23.145366211375
113.28628356843,23.145416223162
113.28600374627,23.145526132721
113.2859038547,23.145556123144
113.28581393431,23.14558611356
113.28577404955,23.145606051783
113.28553420198,23.145665866435
113.285334329,23.145705659778
113.28497455765,23.145745203882
113.28487466607,23.145755089906
113.28454489812,23.14579455092
113.28434511498,23.145814156808
113.28379544183,23.145872974457
113.28352568069,23.145902300195
113.28326589074,23.145921573765
113.28239660049,23.146008720173
113.28220687837,23.146027993727
113.28199712403,23.146047184203
113.28191726467,23.146016944664
113.28174748493,23.145976320657
113.28164768319,23.145955967111
113.28162783064,23.145945998026
113.28155794247,23.145925727551
113.28146811192,23.145905373998
113.28142822715,23.145885269668
113.28136840001,23.145855113168
113.28136579492,23.145854531637
113.28136579492,23.145854531637
113.2813557339,23.145784415671
113.28134576271,23.14570441364
113.28130578811,23.145554295473
113.28126590335,23.145494148467
113.28121604739,23.145423949234
113.28119610501,23.145403927907
113.28116619144,23.145373854373
113.28113627786,23.145343780833
113.2810663897,23.145263529308
113.28097655914,23.145173142438
113.2807467726,23.144942024262
113.28065694204,23.144851637174
113.27993757899,23.144177636655
113.2796079907,23.143875652074
113.27940829739,23.14368449174
113.27931846683,23.143613959239
113.27864922923,23.14299943597
113.27847953932,23.142818326771
113.27844962575,23.142778200249
113.27837982741,23.142677759277
113.27830993924,23.142557296471
113.27826008328,23.142457021486
113.27822019852,23.142286794765
113.27816028154,23.141906380037
113.27813027814,23.141396195566
113.27812021712,23.140896144755
113.27812021712,23.140596229673
113.27812021712,23.140206255973
113.27811033575,23.140126250575
113.2781078205,23.14012425667
113.2781078205,23.14012425667
113.2781078205,23.139844195852
113.27809775948,23.13886418603
113.27809775948,23.138774293278
113.27808787812,23.138634303057
113.27808787812,23.138584371791
113.27807799676,23.138534357426
113.27805805437,23.138274315655
113.27792824923,23.13747341703
113.27791836787,23.137403462792
113.27789851532,23.137263388042
113.27787866276,23.137133282893
113.277838778,23.136913034357
113.27782889664,23.136763072395
113.27784883902,23.136153336111
113.27784785088,23.136152172965
113.27784785088,23.136152172965
113.2778678831,23.136002376306
113.27787785429,23.135912564695
113.27792780008,23.135713001583
113.27795780348,23.135553317643
113.27797774586,23.13546358881
113.27800765944,23.135383912879
113.27802760182,23.135354169401
113.27808751879,23.13515468853
113.27814743577,23.134985200174
113.27818741037,23.134865561204
113.27837713249,23.134367064334
113.27843704947,23.134217597991
113.27846705287,23.134157861256
113.27848699525,23.134088071434
113.278656775,23.133759394114
113.27874669538,23.133580100126
113.27887659035,23.133341068794
113.27897648193,23.133161857324
113.27900648533,23.133112173248
113.27930616005,23.132584258023
113.27936607703,23.132484723251
113.2794359652,23.13250516195
113.2794359652,23.132503500267
113.2794359652,23.132503500267
113.27957583136,23.132544377656
113.2797855857,23.132605693715
113.28034487071,23.132718937256
113.28041475888,23.132729322756
113.28177335613,23.132875965924
113.28286246173,23.132960129891
113.2831422839,23.132980983935
113.28355200104,23.133032163569
113.28362197904,23.133042382876
113.28377190623,23.133062738405
113.28389183002,23.133073040794
113.28399181142,23.133093230151
113.28513140179,23.133265213435
113.28521135098,23.133275266557
113.28521144081,23.133275266557
113.28521144081,23.133275266557
113.28590124961,23.133335751442
113.28597122761,23.133335751442
113.28606123782,23.133345804559
113.28612124463,23.133345804559
113.28618125144,23.133355857675
113.28631123624,23.133355857675
113.28648119565,23.133355857675
113.28719121632,23.133355691508
113.28738120794,23.133355608425
113.28792135904,23.133335086773
113.28859158478,23.133334006686
113.28877169504,23.133333674352
113.28883170184,23.133333591268
113.28886170525,23.133323621234
113.28966209546,23.133311574108
113.28966227512,23.133310992523
113.28966227512,23.133310992523
113.28966227512,23.133051023591
113.28966227512,23.133001090222
113.28964260223,23.131881281716
113.28964260223,23.131701403596
113.28964260223,23.131701154342
113.28963766155,23.131705723997
