113.27651341805,23.102265571301
113.27651395703,23.102265737507
113.27651395703,23.102265737507
113.27657378418,23.102296236331
113.27664367235,23.10232681825
113.27690301315,23.10248903527
113.27690310298,23.102489118373
113.27690310298,23.102489118373
113.27700308438,23.102309948333
113.27710315562,23.102110916396
113.27720313702,23.101921856556
113.27734327268,23.101533181919
113.27750335072,23.101204590158
113.27755329651,23.101135115418
113.27755329651,23.101134699899
113.27755329651,23.101134699899
113.27847145457,23.101591603687
113.27904035145,23.101855540117
113.27923995493,23.101956843034
113.28056765048,23.102654659308
113.28065748103,23.102695130379
113.28065757086,23.102695130379
113.28065757086,23.102695130379
113.28067760307,23.102655241028
113.28076770311,23.102455877197
113.28091789979,23.1021267891
113.28116816771,23.101648197153
113.2813083932,23.101298995967
113.2815386289,23.100810262352
113.28197915792,23.099852402407
113.28205928678,23.099692841516
113.28258991584,23.098605163
113.28262000907,23.098525381829
113.28275017354,23.09820600735
113.2828603058,23.097946551379
113.28300053129,23.097597174248
113.2830205635,23.09753733792
113.28316078899,23.097187959712
113.28325097886,23.096968392824
113.2833110755,23.096828690916
113.28331098567,23.096827195
113.28331098567,23.096827195
113.28343117895,23.096547624527
113.28352136882,23.096327973473
113.28360149767,23.096128267716
113.28369159772,23.095938617609
113.28396198768,23.095289467014
113.28421234542,23.094710206922
113.28466311513,23.093621324086
113.28483343385,23.09320170871
113.28503366615,23.092782175118
113.28536415275,23.092032779111
113.28540421717,23.09194293774
113.28548434602,23.091773144863
113.28573470377,23.091183480689
113.28576470717,23.091133614677
113.285764797,23.091132451136
113.285764797,23.091132451136
113.28573488343,23.090982520546
113.28583504449,23.090682741968
113.28585507671,23.090642849009
113.28616553109,23.089913138196
113.28625572096,23.089673280213
113.28626569215,23.089653333584
113.28631572777,23.089543460847
113.28668627879,23.088713594617
113.28670631101,23.088673701067
113.28702664675,23.088113694098
113.28720666718,23.08806366071
113.28720684684,23.08806282959
113.28720684684,23.08806282959
113.28730682824,23.088092749891
113.28784688951,23.088252158493
113.28849699321,23.088461101489
113.28905717653,23.08862990126
113.28926729019,23.088689326042
113.28997758035,23.088907244386
113.29087813162,23.089043879504
113.29142861324,23.089111449008
113.29199912707,23.089188659384
113.29199894741,23.089188742496
113.29199894741,23.089188742496
113.2920089186,23.089308671978
113.29201879996,23.089478634227
113.29203874234,23.089658486463
113.29203874234,23.089748495601
113.29203865251,23.089748495601
113.29203865251,23.089748495601
113.29192852026,23.089748994266
113.29192852026,23.089748994266
113.29193732365,23.089791214598
