113.29671630896,23.098924785835
113.29671783608,23.098923456153
113.29671783608,23.098923456153
113.29697834468,23.098881155619
113.29752945511,23.098786000143
113.2976396772,23.098764974514
113.29772986707,23.098744198197
113.29782005694,23.098723421877
113.29852172338,23.098526379094
113.29922347964,23.098328920492
113.30000545459,23.098110186546
113.30004551901,23.098099798337
113.30017586314,23.098068384387
113.30241210488,23.097420823215
113.3025124456,23.097389575317
113.30300390855,23.097253114995
113.3032345934,23.097190037369
113.30341515281,23.097137680423
113.30377627162,23.097052745778
113.30391667678,23.097020832942
113.30400695648,23.096999640821
113.30414736163,23.096977783845
113.30428776678,23.096965899632
113.30452842283,23.096982437802
113.30464879577,23.097000721204
113.30471895343,23.097019669453
113.30480923313,23.097048341142
113.30507998241,23.097124383417
113.30524041977,23.097181976062
113.30536070288,23.097220204933
113.30548098599,23.097268406536
113.30573161323,23.097364643478
113.30590211161,23.097422069807
113.30670429843,23.097699727002
113.30683464256,23.097747679114
113.30706523759,23.097874083125
113.3072758004,23.097990763643
113.30741611572,23.098088495964
113.3077268396,23.09836349239
113.30831828394,23.098823896131
113.30869925531,23.099147673691
113.30964166762,23.099892043286
113.30987226264,23.100088169893
113.3101329509,23.100303742619
113.31040361035,23.100539176887
113.31044367478,23.100568512649
113.31060411214,23.100695745016
113.31070436304,23.10076405653
113.31082473598,23.100821980013
113.31101526657,23.100908740533
113.31116573275,23.100946137292
113.31152694139,23.101009961069
113.31155703463,23.10100954555
113.31268090465,23.101120073633
113.31289164712,23.101136361975
113.31403563919,23.101236335781
113.31438687664,23.101260186545
113.31446718516,23.101268746226
113.31482848363,23.101292347673
113.31671510486,23.101428886949
113.31724699156,23.101459469068
113.31736745433,23.101467363908
113.31807999026,23.101494704979
113.31815023775,23.101503430852
113.31822048524,23.101502267402
113.31822075473,23.101500522228
113.31822075473,23.101500522228
113.3188931364,23.101518638801
113.32002715728,23.101548722278
113.32125145786,23.101577476093
113.32141198505,23.101584706097
113.32144207829,23.101584290579
113.32149229356,23.101583542648
113.32177328353,23.101588695065
113.32180337676,23.101588279547
113.32188368527,23.10159692231
113.32214455319,23.101602490244
113.32225495494,23.101600661967
113.3222951092,23.101609969558
113.32234532448,23.101609221626
113.32307780279,23.101626922667
113.32465289167,23.101810996726
113.32477326461,23.101829030153
113.32535509709,23.101909723475
113.3256259362,23.101945457887
113.32569618369,23.101954349936
113.32601714825,23.101979280914
113.32635823485,23.101984017799
113.32649864,23.101981940218
113.32725097086,23.101960582681
113.32733118955,23.101959502339
113.32874539191,23.101938892728
113.32894598353,23.10193615032
113.32922679383,23.101932244466
113.32929695149,23.10193133033
113.32955772958,23.101927756889
113.3297583212,23.101925097584
113.33044022492,23.101915956222
113.33176369842,23.101909058649
113.3339588876,23.101893518332
113.33402904526,23.101902742799
113.33455015228,23.101897257981
113.33483078292,23.101894432468
113.33500110165,23.101902659695
113.33548205442,23.10189800591
113.33614329711,23.101911717954
113.33633364804,23.101910055889
113.33641377689,23.101909391062
113.33648393455,23.101908809339
113.33687469745,23.101885457311
113.33802668444,23.101776176416
113.3384173575,23.101723322657
113.33913851717,23.101638307842
113.33944897155,23.101616368525
113.33961920044,23.101605398866
113.33984952598,23.101564096428
113.33994968704,23.101553542282
113.34000978368,23.101553292971
113.34009988372,23.101542821928
113.340220077,23.101532184677
113.34051040934,23.101530605709
113.340650545,23.101509912929
113.34072061283,23.101499608089
113.34078070947,23.101499358778
113.34103097738,23.101478167371
113.34126121309,23.101477087025
113.34150141998,23.101495951533
113.34174162687,23.101534843989
113.34197177274,23.1016038199
113.34214182198,23.101673128188
113.34216185419,23.101683017497
113.3422518644,23.101732630239
113.34231187121,23.101762381254
113.34248183061,23.101901662456
113.34255180861,23.101991413988
113.3427017358,23.102180806142
113.34271170699,23.10220075089
113.34288157656,23.102450143093
113.34337115307,23.103158427692
113.34347104464,23.103308095231
113.34347077515,23.103304937339
113.34347077515,23.103304937339
113.34349080736,23.103324881919
113.34356078536,23.103414632489
113.34361073115,23.10346449389
113.34364073455,23.103504382998
113.34401056693,23.103883328925
113.34411054833,23.103943079291
113.34423056195,23.104012801868
113.34445055697,23.104112358
113.34453059599,23.104132219356
113.34467064182,23.104181914284
113.34494067245,23.104221470769
113.34524070649,23.104261027242
113.34661089189,23.104270168443
113.34733079392,23.104270417748
113.34795062472,23.104270999461
113.34861043012,23.104272079784
113.3491202185,23.104283132325
113.35022953597,23.104276401079
113.35049929712,23.104287370517
113.35071911247,23.104288201535
113.35200791139,23.104303907776
113.35220769453,23.104304904997
113.35253728283,23.10431662235
113.35255722521,23.104316705451
113.35287684231,23.104318533691
113.35332626456,23.104321192948
113.35372574102,23.104333741317
113.35422501922,23.10433714849
113.35431484977,23.104337813304
113.35574261655,23.10436872716
113.35733971391,23.104412937286
113.35751937501,23.104404710215
113.35774889207,23.104406953962
113.35790861079,23.104408532894
113.35806823968,23.104410111827
113.35814809904,23.104410942845
113.3581482787,23.104410942845
113.3581482787,23.104410942845
113.35890698753,23.104128978382
113.3590168503,23.104030253283
113.35910686051,23.103861306877
113.35912698255,23.103661612448
113.35908727745,23.103511280489
113.35897777401,23.103380228111
113.35892800788,23.103359784925
113.35887824176,23.103329369449
113.35882847563,23.103308926255
113.35876873832,23.103298372248
113.35871897219,23.103287901342
113.35866920607,23.103277430435
113.35860946875,23.103266876425
113.35854973143,23.103266294708
113.35849987548,23.103275768387
113.35837016016,23.103324383304
113.35830036182,23.103373663023
113.3582106211,23.1034327488
113.35817073634,23.103472305508
113.35813085157,23.103521917581
113.35811090919,23.10357169584
113.35809096681,23.103621474081
113.35807102443,23.103691279929
113.35806105324,23.103781196456
113.35805108204,23.103871112922
113.35805099221,23.104041056538
113.3580706651,23.104321192948
113.3580706651,23.10441119215
113.35808045663,23.104561273786
113.35809024816,23.104701383067
113.35811971259,23.105181626034
113.3580794685,23.105561148881
113.35792828368,23.10714928275
113.3579083413,23.107239030735
113.3578683667,23.10735861152
113.35786818704,23.107608575733
113.35785785653,23.108078337657
113.35785749721,23.108558236012
113.35789585485,23.110128301731
113.35793520063,23.110688548271
113.35793520063,23.110758516599
113.35810264478,23.113049751216
113.35828006012,23.115431104199
113.35828006012,23.115451130052
113.35828006012,23.115521095869
113.35833916862,23.116401565162
113.35834904998,23.11651166496
113.35860560604,23.120073780379
113.3586025518,23.120072783276
113.3586025518,23.120072783276
113.35867163149,23.12114341838
113.35869139421,23.121463568588
113.35876056374,23.122444205554
113.35878041629,23.122654424194
113.35878041629,23.122654341104
113.35878041629,23.122654341104
113.35882021122,23.122764768074
113.3588501248,23.122845116309
113.35886009599,23.122875194953
113.35887994854,23.123005397181
113.35887994854,23.12306538821
113.35891965364,23.123365758394
113.35892962483,23.123435886218
113.35896924011,23.123886232258
113.3590189164,23.124176712951
113.35907838423,23.124837271657
113.35904811133,23.125586897941
113.35905781303,23.126186961506
113.35906769439,23.126397008039
113.35897759435,23.127335981768
113.35895765196,23.127515782721
113.35893770958,23.127635594497
113.35893735026,23.12763551141
113.35893735026,23.12763551141
113.35889728583,23.128045047515
113.35886728243,23.12837473604
113.35885731124,23.128554618672
113.35880727562,23.129124009986
113.35878733324,23.12946374924
113.35878733324,23.129583725428
113.35878733324,23.129683677806
113.35879730443,23.129763772592
113.35880727562,23.129843867329
113.35881724681,23.12990393835
113.3588371892,23.129964175516
113.35886710277,23.13002449574
113.35887707396,23.130054572756
113.35890698753,23.1300948693
113.3589468723,23.130135332002
113.35896681468,23.130165575164
113.35897678587,23.130175711607
113.35901667064,23.130206120931
113.35908646898,23.130256886208
113.35910641136,23.130277075993
113.35915626731,23.130307651465
113.35915599782,23.130307734551
113.35915599782,23.130307734551
113.35926568092,23.130358915216
113.35931553688,23.130379437328
113.35935542164,23.130389906096
113.35937536403,23.130390155352
113.35942521998,23.130400707205
113.35948504713,23.130411342143
113.35957487768,23.130422309421
113.35968465061,23.130443579292
113.35974447776,23.130444243976
113.35997390499,23.130426962206
113.36011359149,23.130428540829
113.36037302213,23.130401704231
113.36047282387,23.130392980258
113.3605525934,23.130384007028
113.36223835352,23.130165242822
113.36261734861,23.130120293504
113.36271706052,23.130101682322
113.36303622847,23.130096032499
113.36316585396,23.130057896183
113.36325559468,23.130039201906
113.36344504731,23.129981872775
113.36349490326,23.12997265026
113.36366441351,23.129935095508
113.36385386615,23.129887819711
113.36471138859,23.129730205903
113.36485098526,23.129702289047
113.36501052432,23.129674704528
113.36539940077,23.129610562192
113.36582816199,23.129517090467
113.36582825183,23.129515678005
113.36582825183,23.129515678005
113.36635672496,23.129413731434
113.36703458629,23.129294336696
113.36817094276,23.129042585433
113.3682407411,23.129083713148
113.36826068348,23.129114039636
113.36829059706,23.129144532289
113.36831053944,23.129174858764
113.36833048182,23.129215155575
113.36833048182,23.129245149688
113.36833048182,23.129275143795
113.36833048182,23.129295167557
113.36831062927,23.129324829308
113.36829077672,23.129364461385
113.36829050723,23.129364378299
113.36829050723,23.129364378299
113.36794160537,23.129448710666
113.36770247644,23.129504876823
113.36737360679,23.129589624531
113.36705470834,23.12964454434
113.36609774348,23.129839713039
113.36584855353,23.129885908738
113.36530031768,23.129877766332
113.36513089726,23.12993526168
113.36508113113,23.129934596994
113.36476214285,23.129969908431
113.36469243434,23.129978881689
113.36446318677,23.130015522485
113.36442339184,23.130024911168
113.3632268489,23.130238108874
113.36249895195,23.13032825667
113.36249769432,23.13032825667
113.36249769432,23.13032825667
113.36229818066,23.130355591797
113.36210872803,23.130383093088
113.35954505394,23.130781985802
113.35941542845,23.130800513803
113.35930574535,23.130819291058
113.35919606225,23.13083806831
113.35919570293,23.13083806831
113.35919570293,23.13083806831
113.35918573173,23.130987953888
113.35917585037,23.131087822123
113.35917585037,23.131177803172
113.3591459368,23.131377456196
113.35906616727,23.131706554843
113.35876667221,23.133403298403
113.35881652817,23.133923815959
113.35897615706,23.134145564957
113.35917567071,23.134267697067
113.36002367111,23.134347290586
113.36029307294,23.13427052189
113.36064224429,23.133884766828
113.36074204603,23.133766040782
113.36074159688,23.133765874615
113.36073854264,23.133766206949
