113.28217274276,23.099223964079
113.28217956988,23.099222883715
113.28217956988,23.099222883715
113.2822596089,23.099073294676
113.28234970895,23.098853730903
113.28241977678,23.098744115092
113.28258982601,23.098604830579
113.28258982601,23.098604498157
113.28258982601,23.098604498157
113.28261991924,23.098524633881
113.28275008371,23.098205259399
113.28286021597,23.097945803427
113.28300044146,23.097596426294
113.28302047367,23.097536589966
113.28305065674,23.097346775658
113.28306080759,23.097216880684
113.28305101606,23.097116986958
113.28305101606,23.097087068689
113.2830411347,23.097017093157
113.28303125334,23.096967146228
113.28298157704,23.096747080335
113.28298130755,23.096746166163
113.28298130755,23.096746166163
113.28288141598,23.096675858025
113.28255200735,23.096404847228
113.28235240386,23.096244201806
113.28220274617,23.096123696836
113.2821628614,23.09609361213
113.28187342737,23.095852518699
113.28179365784,23.095792266049
113.28171388831,23.095732013373
113.28127470674,23.095370164309
113.28105516088,23.095199212308
113.28032654528,23.094615547106
113.28019691979,23.094494874442
113.28010717907,23.094424482005
113.27999749597,23.094333977387
113.27980795351,23.09417291392
113.27963835343,23.094031962449
113.27891988868,23.093437404894
113.27874031741,23.093276257231
113.27871049367,23.093256144925
113.27823151717,23.092932851658
113.27812183407,23.092862125956
113.27786240343,23.09273023198
113.27761294399,23.092628340262
113.27739339813,23.092566673295
113.2773136286,23.092546145336
113.27697433861,23.092473424808
113.2751180801,23.092226424043
113.27479882232,23.092183290282
113.2747090816,23.092162429826
113.27427016953,23.092057961279
113.27418051864,23.092027127667
113.27408089656,23.091986154688
113.2739213575,23.091924487423
113.27382173542,23.091873458155
113.27359239802,23.091761010855
113.27358934379,23.091758268237
113.27358934379,23.091758268237
113.27256213144,23.091246561167
113.27242262459,23.091165030266
113.27236288727,23.091124389462
113.27178464802,23.090767431354
113.27175482427,23.090747152448
113.27093736626,23.090286886934
113.27079785941,23.090205189223
113.2707381221,23.090204524338
113.27073749328,23.090203859453
113.27073749328,23.090203859453
113.27055801184,23.090221562014
113.27055801184,23.090221562014
113.27055801184,23.090221562014
113.27052800844,23.090271095926
113.27036837955,23.090488928565
113.27015889471,23.090756045248
113.27011900994,23.090815469079
113.2700492116,23.090904480111
113.2699095251,23.091092558313
113.26988967254,23.091132284916
113.26973004365,23.091350033034
113.26957041477,23.091567780794
113.26947070285,23.091706407808
113.26892174836,23.09245863137
113.26876211947,23.092666321115
113.26864246517,23.092824560704
113.26820337344,23.093428096731
113.2681335751,23.093527079037
113.2680538954,23.093555917697
113.26768469184,23.094030383393
113.26670670663,23.09530542364
113.26664687948,23.095404487655
113.26606810124,23.096145387739
113.26595841814,23.096273621624
113.26580876044,23.096481222299
113.26567913496,23.096649180813
113.265629279,23.096718408581
113.26554950947,23.096827111893
113.26505068042,23.097448996181
113.26441207504,23.098308476529
113.26410278845,23.098713366137
113.26399310535,23.098861542793
113.26399076975,23.098861709003
113.26399076975,23.098861709003
113.26382090018,23.099238839869
113.26318229479,23.100088003685
113.26314249986,23.100147340237
113.26302284557,23.1003053216
113.26290319127,23.100463302776
113.26268373524,23.100719512773
113.26263396911,23.100788655315
113.26259417418,23.100837935975
113.26233483338,23.101143508899
113.26220520789,23.101281294883
113.26213549938,23.101350104718
113.26203578747,23.101458388722
113.26202590611,23.101468194943
113.26176656531,23.101783655719
113.26148728213,23.102128783576
113.26145745839,23.102188285423
113.26109831584,23.102652000018
113.26091874457,23.102928815252
113.26059948679,23.103353136734
113.26044991893,23.103560477036
113.25991111528,23.104310888326
113.25977151861,23.104488393633
113.2596618355,23.104636397641
113.25958206597,23.104754983553
113.25949232525,23.104883375328
113.25946250151,23.10494287594
113.25939270317,23.105041600361
113.25934284722,23.105170656669
113.25928302007,23.105309601891
113.25926307769,23.105409240151
113.25922319292,23.105538545405
113.25917306747,23.105907596532
113.25910308948,23.106196288367
113.25909311828,23.106256120793
113.25909042337,23.106256037693
113.25909042337,23.106256037693
113.25907039115,23.106315703891
113.25905044877,23.106375370062
113.25903050639,23.106435036207
113.25901056401,23.106504674375
113.25894067584,23.106763365723
113.25891076227,23.106882780737
113.25869067742,23.107858705675
113.25858081465,23.108226670061
113.25850095529,23.108455193049
113.25848110274,23.10850480326
113.25835138742,23.10879240916
113.25818178734,23.109089321504
113.25792235671,23.109564645787
113.2577926414,23.109812279093
113.2575430023,23.110427704025
113.25738337341,23.1107547772
113.25732363609,23.110843691771
113.25726389877,23.110932606281
113.25715412584,23.111150571227
113.25689469521,23.111635859795
113.25664523577,23.112081343166
113.25653555267,23.112279362994
113.25652567131,23.112299140032
113.25649584756,23.112338611002
113.25637619327,23.112546435849
113.25636631191,23.112586239132
113.25630648476,23.112765146014
113.25620668302,23.113063295916
113.25608684907,23.113421108152
113.25599701851,23.113679453638
113.25595713375,23.113788724735
113.25591724899,23.113918021827
113.25589739643,23.113967629996
113.25584754048,23.114096677627
113.25582768793,23.114146285729
113.25573794721,23.114344634859
113.25573794721,23.114364660875
113.25571809465,23.114414268878
113.2556982421,23.114463876862
113.25568836074,23.114513651018
113.25563859462,23.114562760392
113.25561874206,23.114572399455
113.25558891832,23.114581872327
113.25554912339,23.114601150449
113.25552927084,23.114630815485
113.25552495897,23.114630981676
113.25552495897,23.114630981676
113.25501678754,23.11463197882
113.25480766202,23.114638294065
113.2538710887,23.114641700973
113.25348257156,23.114644858595
113.25283498312,23.114653500509
113.2528346238,23.114653334318
113.2528346238,23.114653334318
113.25282447295,23.114873121248
113.25282429328,23.1151930373
113.25282411362,23.115523007049
113.2528237543,23.116072927109
113.25278368988,23.116412201222
113.25278342038,23.1168021618
113.25278324072,23.117132127548
113.25278306106,23.117442066926
113.25276275936,23.118001617848
113.25276195088,23.118001534754
113.25276195088,23.118001534754
113.25260178301,23.118898606122
113.25258184063,23.118998234182
113.25251195246,23.119236958994
113.25241215072,23.119525206376
113.25241197106,23.119525206376
113.25241197106,23.119525206376
113.25239193884,23.119554870312
113.25223248962,23.119732022864
113.25208301158,23.119879428231
113.2518637352,23.120075608402
113.25175414193,23.120163685809
113.25162460628,23.12028142693
113.25159478253,23.120310924513
113.25146524688,23.120428665504
113.25138556718,23.120507270228
113.25135574344,23.120546738756
113.25120617557,23.120774160341
113.25116638064,23.120833487647
113.25100666192,23.121340676865
113.25096677715,23.121489991539
113.25095680596,23.121599837842
113.25092671273,23.122049276117
113.25092671273,23.122199254719
113.25091683137,23.12225907993
113.25090677034,23.122518903836
113.25090668051,23.122828830631
113.25090668051,23.123008803875
113.25089670932,23.123098624225
113.25087649745,23.123678175901
113.25087443135,23.123678092811
113.25087443135,23.123678092811
113.25055553289,23.123722628864
113.25036625992,23.123779379074
113.25027660903,23.123787854213
113.25016710559,23.123795996993
113.24968884773,23.123788020392
113.24945969,23.123794169022
113.24847299123,23.123937913938
113.24847245224,23.123937913938
113.24847245224,23.123937913938
113.24841334374,23.122797090172
113.24840355221,23.12266705392
113.24840364204,23.12255712541
113.24838396915,23.122296886127
113.24838378949,23.122296719946
113.24838378949,23.122296719946
113.248254164,23.122304613546
113.24771598917,23.122325967809
113.24771598917,23.122325884718
113.24772272646,23.122358373105
