113.32146462575,23.100046700775
113.32176465979,23.100069138977
113.32176465979,23.100069138977
113.32180508354,23.099768632963
113.32186589883,23.099187813411
113.32192617513,23.099126897434
113.32192617513,23.099126565014
113.32192617513,23.099126565014
113.32195671751,23.09862610555
113.3220075616,23.097885468621
113.32201780229,23.097695405494
113.32209900911,23.096734281929
113.32211940064,23.096394126459
113.32218021592,23.095763261661
113.32221057865,23.095482857876
113.32224094138,23.095212509506
113.32224094138,23.095172617907
113.32228145495,23.094722091337
113.32231181768,23.094421739441
113.32232196853,23.094261673378
113.32233202955,23.094201586223
113.32244341944,23.093009976704
113.32247378216,23.092719594023
113.32249426353,23.0921994135
113.322484472,23.092019730923
113.32248483132,23.09158988799
113.3224650686,23.091250384226
113.32246515843,23.091170515527
113.32243551435,23.090671189633
113.32239589908,23.090062072665
113.32239598891,23.08997214685
113.32234613295,23.089643110935
113.3222863058,23.089234287454
113.32226636342,23.089134720171
113.32223644985,23.088965339262
113.32223644985,23.088935419157
113.32221650747,23.088815821783
113.32219656508,23.088746257452
113.32212667692,23.088387547608
113.32204672772,23.087989026153
113.32198681075,23.087700128517
113.32192689377,23.087431260332
113.32190695139,23.087331691697
113.32178684794,23.086913884936
113.32168677671,23.08660570278
113.32148645458,23.086009283501
113.32136635113,23.085621476554
113.32134640875,23.085561884173
113.32129637313,23.085432808812
113.32129430703,23.085429650496
113.32129430703,23.085429650496
113.32112380864,23.085232587996
113.3209734323,23.085065279959
113.32084308817,23.084927643383
113.3207528983,23.084829319582
113.32071283387,23.084800063459
113.32064267621,23.084731411279
113.32054242532,23.084643227254
113.32041208119,23.084525620757
113.32037201676,23.084496364566
113.32022164042,23.084369116685
113.32012138953,23.084310936686
113.3198305182,23.084196072669
113.31966001982,23.08413913931
113.31953973671,23.08411129598
113.31943948581,23.084093177033
113.31934929594,23.084084865589
113.31927913828,23.084076221687
113.31924913488,23.084066829753
113.31911879075,23.084059183223
113.31907872632,23.084059848139
113.31898853645,23.084051536693
113.31869757529,23.084036742317
113.31809553094,23.084007486019
113.31732280854,23.083991278692
113.31678095066,23.083930937549
113.31677888456,23.083929025915
113.31677888456,23.083929025915
113.31614656731,23.083950220121
113.31484195822,23.083973325958
113.31455099706,23.083978479058
113.3144808394,23.083979725775
113.31199208399,23.084023194657
113.31133991419,23.084034415112
113.3107077766,23.084045136879
113.30920275555,23.084070237446
113.30838008736,23.084083618872
113.30828989749,23.084085114932
113.30705598504,23.084094673093
113.30660467635,23.084101654706
113.30611321341,23.084109218119
113.30562175046,23.084116615303
113.30542124867,23.084109716806
113.30503012646,23.084105561084
113.30491990437,23.084107140258
113.30477958905,23.084109218119
113.30464933475,23.084111129751
113.3046477178,23.084110963522
113.3046477178,23.084110963522
113.30453740588,23.084102568965
113.30365500038,23.084085114932
113.30305340518,23.084043474589
113.30230152347,23.083963601559
113.30206095725,23.083936838681
113.3019808284,23.083937836056
113.30183054189,23.083919883315
113.30148972478,23.083884310284
113.30120909414,23.083837932345
113.30093852452,23.083791305047
113.30024700894,23.083669708291
113.30020703434,23.083670206979
113.29994652575,23.08361335651
113.29994544778,23.083612359133
113.29994544778,23.083612359133
113.29972500361,23.083564900608
113.29917389318,23.083441142659
113.29793144683,23.083074273218
113.29770112129,23.083006617529
113.29741069912,23.082909539034
113.2973306601,23.082880365603
113.29693001584,23.08274422284
113.29687000904,23.082724856978
113.29679994121,23.082695600391
113.29674990559,23.082686125245
113.29670993099,23.082666593143
113.29664992419,23.08264722727
113.29654985295,23.082618220012
113.29632958844,23.082520226964
113.29624954942,23.082480996479
113.29621954602,23.082471355087
113.29590918146,23.082334131402
113.29556872367,23.082187016817
113.29513816584,23.082030509991
113.29451743674,23.081725308684
113.29347621082,23.081232513481
113.29330607176,23.081143662204
113.29301582925,23.081015496833
113.29274561895,23.080877191132
113.29250550189,23.080758667021
113.29237542725,23.080699488042
113.29196508129,23.080501753596
113.29179503206,23.08041265248
113.29165498623,23.08035339023
113.29139483695,23.080224725396
113.29106461985,23.08006630457
113.29092457402,23.07999698501
113.29078452819,23.079927665413
113.29026422964,23.07967972704
113.28916371556,23.079133147217
113.2891238308,23.07911336524
113.28877376114,23.07894430403
113.28871384416,23.078894516543
113.28864386616,23.078864760407
113.28858394918,23.078835004264
113.28858062545,23.078831679555
113.28858062545,23.078831679555
113.28742037406,23.078243370966
113.28730045027,23.078153520273
113.2872005587,23.078083701006
113.28707066372,23.077973901823
113.28703077896,23.077934005049
113.28683090598,23.077724214319
113.2867809602,23.077674343257
113.2866010296,23.077454494768
113.28660031096,23.077453829819
113.28660031096,23.077453829819
113.28637034475,23.077213866231
113.28631042777,23.07717396923
113.28623047858,23.077144046471
113.28620056501,23.077134155335
113.28615061922,23.077114206824
113.28603069543,23.07712418108
113.28578078684,23.077174052349
113.28557094267,23.077263903704
113.2853010917,23.077323666042
113.28519122893,23.077343531403
113.28519051029,23.07734311581
113.28519051029,23.07734311581
113.2840008843,23.07785105297
113.28384107575,23.077920706122
113.28377118759,23.077950545588
113.28348139423,23.078069820267
113.28348112474,23.078069737148
113.28348112474,23.078069737148
113.28312135338,23.078238633235
113.28237189709,23.078546086731
113.28224209195,23.078595624994
113.28205227999,23.078714899094
113.28200242404,23.07873468113
113.28196253927,23.078764520413
113.28182276293,23.07886392923
113.28170292898,23.078943389736
113.28167301541,23.078963254855
113.28152317805,23.079092585851
113.2815033255,23.079112534065
113.28135357797,23.079231807701
113.28125377622,23.079301293895
113.28088421334,23.079609409871
113.28020491471,23.080135707211
113.27964553987,23.080592350752
113.27958571272,23.080641971369
113.27940596179,23.080780859131
113.27920626848,23.080939528455
113.27911643793,23.08100893064
113.27868704789,23.081345967084
113.27861724955,23.081395504304
113.27791818821,23.081990281972
113.27741891,23.082406275671
113.27731910826,23.082485484713
113.27649042143,23.083158385649
113.27628084675,23.08331647033
113.27610118565,23.083454856608
113.27585163638,23.08364252978
113.27549231418,23.083959113375
113.275073075,23.084314926172
113.27495333087,23.084433696454
113.27489350372,23.084503096815
113.27476378841,23.084671735385
113.27451423914,23.084979090888
113.27445441199,23.085058464624
113.27439458484,23.085127864659
113.27430484412,23.085246883556
113.27415518643,23.08543530222
113.27395558294,23.085693120357
113.27395234904,23.085693037244
113.27395234904,23.085693037244
113.27310371983,23.086783397972
113.27289414515,23.087040964156
113.27189585824,23.088388877396
113.27175617173,23.088577125382
113.27105746971,23.089518195091
113.27102764596,23.08954778262
113.2710177646,23.089567646155
113.27099791205,23.089597399895
113.27090817133,23.089716248567
113.27088831878,23.089746002274
113.27086846623,23.089775755974
113.27084861368,23.089795453252
113.27083873231,23.089805343446
113.27080890857,23.089854960624
113.27079902721,23.089874824112
113.27076920347,23.089904411562
113.27074935092,23.089934165226
113.27071952717,23.089973809066
113.27071952717,23.090003812047
113.27070964581,23.090013702225
113.27068979326,23.090033399468
113.27062996611,23.090112603964
113.27056016778,23.090201698577
113.27027073374,23.090577773595
113.27014101843,23.090756045248
113.27009116247,23.090815385969
113.27003133532,23.090904563221
113.26990162001,23.091072778117
113.26989173865,23.091092641423
113.2698319115,23.091171845288
113.26971225721,23.091330169766
113.26967246227,23.091379620155
113.26866438383,23.09276522088
113.2685846143,23.092864037462
113.26805569202,23.093556250131
113.26768648845,23.094030715826
113.26670850324,23.09530575607
113.2666486761,23.095404820085
113.26606989786,23.096145720166
113.26596021475,23.096273954051
113.26581055706,23.096481554725
113.26568093157,23.09664951324
113.26563107561,23.096718741007
113.26555130609,23.096827444319
113.26505247704,23.097449328606
113.26441387165,23.098308808951
113.26410458506,23.098713698558
113.26399490196,23.098861875213
113.26399076975,23.098861709003
113.26399076975,23.098861709003
113.26382090018,23.099238839869
113.26318229479,23.100088003685
113.26314249986,23.100147340237
113.26302284557,23.1003053216
113.26290319127,23.100463302776
113.26268373524,23.100719512773
113.26263396911,23.100788655315
113.26259417418,23.100837935975
113.26233483338,23.101143508899
113.26220520789,23.101281294883
113.26213549938,23.101350104718
113.26203578747,23.101458388722
113.26202590611,23.101468194943
113.26176656531,23.101783655719
113.26148728213,23.102128783576
113.26145745839,23.102188285423
113.26149725332,23.102238978316
113.26151710587,23.102279283307
113.26151584824,23.102279283307
113.26151584824,23.102279283307
113.26120647183,23.102713828508
113.26100695817,23.102980338889
113.26093715983,23.103069092461
113.26077762078,23.103276267001
113.26068788006,23.103394687923
113.260528341,23.103621889592
113.26036880194,23.10383903552
113.2601493459,23.10414510015
113.26005960518,23.104273492515
113.25990006612,23.104470692974
113.25979038302,23.104618697002
113.25971061349,23.10473728293
113.25951109984,23.105053733155
113.25945136252,23.105132679391
113.25943142014,23.105202318243
113.25942144895,23.105292150645
113.25936144214,23.10558101002
113.25933143874,23.105810451671
113.25933000145,23.10581036857
113.25933000145,23.10581036857
113.25930996923,23.105870034969
113.25924996243,23.106148921011
113.25924996243,23.106208919659
113.25923972174,23.106548634489
113.25922984038,23.10658843957
113.25922984038,23.106678437235
113.25920980817,23.106888016048
113.25920926919,23.106888099148
113.25920926919,23.106888099148
113.25917926578,23.10700751405
113.25914935221,23.107136983947
113.25910937761,23.107366256709
113.25902933859,23.10779471899
113.25893932838,23.108173070976
113.25892944702,23.108222847491
113.25889953345,23.108322317367
113.25889890463,23.108322317367
113.25889890463,23.108322317367
113.25896852331,23.108493501773
113.25898837586,23.108533804865
113.25898837586,23.108533804865
113.25899646061,23.108539704905
