113.29428190103,23.073251121221
113.29427588238,23.073255692888
113.29427588238,23.073255692888
113.29430597562,23.073365495967
113.29430588579,23.073365495967
113.29430588579,23.073365495967
113.29439607566,23.073324849721
113.29459639779,23.073243474069
113.29466646562,23.073213051698
113.29537756426,23.072907663905
113.29564795422,23.072805590747
113.29570805086,23.072775168276
113.29604859848,23.072632365436
113.29790198241,23.071845201511
113.29796207904,23.071824670351
113.29819258424,23.071772386534
113.2982927453,23.071751439752
113.29853322169,23.071689014999
113.29853322169,23.071688100655
113.29853322169,23.071688100655
113.29945524246,23.071558097479
113.29998641051,23.071472149018
113.30087851771,23.071371654083
113.30096870758,23.071360598804
113.30191111989,23.071268831644
113.30210165049,23.071256446397
113.30225202684,23.071234585187
113.30262302701,23.071219789385
113.3029138085,23.071235915147
113.30313443234,23.071252955253
113.30355564779,23.071237245106
113.30383645809,23.071193439554
113.3041172684,23.07115960869
113.30423764133,23.071137996832
113.30427779559,23.071127523392
113.30438810751,23.071096019943
113.30478929075,23.070980313283
113.304829445,23.07096983983
113.30528075369,23.07088330913
113.30533087914,23.070872669424
113.30539106561,23.070861863472
113.30559165723,23.070838921602
113.3064342678,23.07074623973
113.30681541882,23.070700439069
113.30700603925,23.070677580294
113.30727687837,23.070653391549
113.30732700381,23.070642668702
113.30778846335,23.070595454916
113.30806936349,23.07056104204
113.30835026362,23.070526629155
113.30868137903,23.070491301909
113.30902246563,23.070445833652
113.3090223758,23.070443423085
113.3090223758,23.070443423085
113.3092731827,23.070389310019
113.30949389636,23.070325720904
113.30990532029,23.070278922621
113.31065783081,23.070186323482
113.31077820375,23.07017435375
113.31283532337,23.06990902442
113.31293566409,23.069897387156
113.3130259438,23.069885916138
113.31346746095,23.069828311664
113.31360795594,23.069805951479
113.31378860517,23.06978284318
113.31383882045,23.06986197662
113.31388903573,23.069931135218
113.31392918999,23.069980427321
113.31392927982,23.069979596089
113.31392927982,23.069979596089
113.31416023416,23.070295547235
113.31435103425,23.07056220576
113.31442128174,23.070660955727
113.31462205303,23.070937421995
113.31491319384,23.071332337185
113.31532479743,23.071895074759
113.31554569075,23.072191155227
113.31576658408,23.07249729276
113.31578661629,23.072516909477
113.31581670952,23.072546417669
113.31603760285,23.072882478109
113.3161380334,23.073030683568
113.31623846396,23.073188946535
113.31625849617,23.073208563151
113.31660982346,23.07373230908
113.31681059474,23.07402871794
113.31746303403,23.074987179644
113.31753328152,23.075095900733
113.31774402399,23.075472184733
113.3179848597,23.07588794947
113.31805510719,23.076016701621
113.31812535468,23.076145453647
113.3182056632,23.07627403931
113.3182959429,23.076442438962
113.31848665316,23.076839083302
113.31881776857,23.077543265392
113.31888801606,23.077702021699
113.319008389,23.077969912146
113.31923916368,23.078465877926
113.31928928913,23.078594960051
113.31953003501,23.079270706675
113.31955006722,23.079350333173
113.3196302859,23.079558957695
113.31971050459,23.079797504059
113.31980078429,23.080065888986
113.31991109621,23.080383977201
113.32021193872,23.081268669035
113.32021211838,23.081268752152
113.32021211838,23.081268752152
113.32043283205,23.081574868783
113.32058329822,23.081832278829
113.32070367116,23.08202020364
113.32078388984,23.082138809742
113.32081398307,23.082178289675
113.32090426278,23.082266724683
113.32092429499,23.08227636609
113.32100451367,23.082344936422
113.32109479338,23.082413340488
113.32116504087,23.082462129271
113.32124534938,23.082510751806
113.32132556806,23.08256934817
113.32141584777,23.082617804435
113.32186733611,23.082890090081
113.3220078311,23.082957662715
113.32225863799,23.083093389684
113.32238907195,23.083151154641
113.3224994737,23.083199278234
113.32270015515,23.083285884034
113.32289077558,23.08336268222
113.32297108409,23.083381299955
113.32312155027,23.083428758546
113.32325198423,23.083466575799
113.32337235717,23.083494585494
113.32348275891,23.083522761413
113.32353288436,23.08353190404
113.32397431169,23.083604629462
113.32447592548,23.083656409938
113.32464642387,23.083723649723
113.32464642387,23.083723732838
113.32464642387,23.083723732838
113.32478691885,23.083721488742
113.32538887337,23.083711930554
113.32549918529,23.08371026826
113.32580011764,23.083705613838
113.32601077028,23.083702372366
113.32614120424,23.083700460728
113.32724468273,23.083673697797
113.32763589478,23.083667962882
113.32852854096,23.083664970753
113.32907012935,23.0836573242
113.32948128378,23.083651672399
113.3297821263,23.083647599778
113.33228866816,23.083635381914
113.33236888685,23.083634467652
113.33268967174,23.083630727489
113.33282998706,23.083629148309
113.33306049226,23.083626571753
113.33314071094,23.083625740605
113.33347146703,23.083612026674
113.33357171792,23.083610946182
113.33375209767,23.083618925197
113.3347442761,23.083588422086
113.33555589513,23.083570386183
113.33583643594,23.083567809625
113.33583652577,23.083566064215
113.33583652577,23.083566064215
113.33599687331,23.083544537488
113.33650791931,23.08334996564
113.33670833127,23.08325828987
113.33682852455,23.083197366589
113.3369086534,23.083126801936
113.33698878225,23.083056237245
113.33701887549,23.083026066465
113.33711912638,23.082925330918
113.33724938068,23.082784367515
113.33724938068,23.082783536363
113.33724938068,23.082783536363
113.33744979264,23.08263185093
113.3375199503,23.082571342939
113.33758004694,23.082530948853
113.33761014017,23.082510751806
113.33769026902,23.08247019147
113.33776042668,23.082439688095
113.33783058434,23.082419241687
113.337900742,23.082398795276
113.33797080983,23.082398296583
113.33804087766,23.08239779789
113.33812100652,23.0824171638
113.33826123201,23.082466118813
113.33833129983,23.0825155725
113.33837136426,23.082545244704
113.33844143209,23.08262470301
113.33849146771,23.082704327498
113.33852147111,23.08278411817
113.33857150673,23.082953756303
113.33861139149,23.083383460942
113.33863133388,23.083563321427
113.33864130507,23.083653251579
113.33864130507,23.0837632123
113.33873104579,23.084692513903
113.33875098817,23.084962384996
113.33881072549,23.085641922469
113.33882024752,23.086601713362
113.33882024752,23.086801682778
113.33882015769,23.087041629057
113.33880973735,23.087871588841
113.33879976616,23.087951625746
113.33879976616,23.088131563161
113.33879967633,23.088481546968
113.33878943564,23.089021522551
113.33878943564,23.089121505475
113.33878934581,23.08938147735
113.33881881024,23.090211173188
113.33881836108,23.090901072593
113.33877829666,23.091011359758
113.33877829666,23.09114134391
113.33882797295,23.0916309442
113.33884791533,23.091790764104
113.33885788652,23.09186065928
113.33890783231,23.092060288344
113.33890783231,23.092090290854
113.33896774929,23.092329812036
113.33933686302,23.094077007098
113.3393568054,23.094186876086
113.33941663255,23.094456395464
113.33944654613,23.094556208083
113.33947654953,23.094635991638
113.33951643429,23.094815670677
113.33953637668,23.094865535307
113.33960617501,23.095165055124
113.33961614621,23.095224975628
113.33968603437,23.095454518279
113.33971594795,23.095574275891
113.33973589033,23.095714145332
113.33977568526,23.096003856612
113.33972546999,23.09622408995
113.33961497841,23.096714668786
113.33961363095,23.096714170147
113.33961363095,23.096714170147
113.33953314278,23.097114576875
113.33952317159,23.09714466135
113.33934243252,23.097825715529
113.33923203077,23.098206339772
113.3391415714,23.098626853498
113.33913160021,23.098686938651
113.33913142055,23.099006893709
113.33913142055,23.099066895585
113.3391912477,23.099346460755
113.33921119008,23.099406296267
113.33933102404,23.099765391882
113.33944097663,23.100004649912
113.33947098004,23.100084430194
113.33951095463,23.100184155479
113.33964084961,23.100483247782
113.3396508208,23.100503192785
113.33975071237,23.100732560106
113.33979068697,23.100832284905
113.33993055313,23.101141348201
113.34010033288,23.101540245719
113.34014030747,23.101620025078
113.34016024985,23.101679859567
113.34024019904,23.101839334967
113.34061982295,23.102677013967
113.34061901448,23.102677013967
113.34061901448,23.102677013967
113.34091868919,23.103335269719
113.34095866379,23.103425020282
113.34099863838,23.103534798435
113.34120830289,23.104113604529
113.34129795378,23.104503102629
113.34131789616,23.104602990799
113.34133783855,23.104692906709
113.34137727416,23.105252594479
113.34138724535,23.105302538292
113.34138697586,23.105632449527
113.3413867962,23.105632449527
113.3413867962,23.105632449527
113.34138670637,23.105732419948
113.34138670637,23.105812362991
113.3413262504,23.106262519537
113.34132607074,23.106262602638
113.34132607074,23.106262602638
113.34132607074,23.106312629171
113.34120524865,23.107063024907
113.34119527746,23.107143050248
113.34118530627,23.107233047537
113.34116527406,23.107353126928
113.34115530287,23.107393181067
113.34113527065,23.10753328736
113.34112529946,23.107573341444
113.34080289761,23.109704583591
113.34072178063,23.110874770307
113.34070120943,23.111554756897
113.34069105858,23.111794741557
113.34068099756,23.111974729766
113.34067075687,23.112294735902
113.34067075687,23.112354731773
113.34067075687,23.112444725529
113.34067075687,23.112504721332
113.34065045517,23.112924774291
113.34056799072,23.11558474645
113.34053726868,23.116454745454
113.34049630594,23.117614735253
113.34049630594,23.117644731989
113.34048633475,23.117744776457
113.34048633475,23.117784744367
113.34048633475,23.117814741065
113.34048624492,23.118014746576
113.34047627373,23.118034772038
113.34046612288,23.118334738147
113.34046612288,23.118354763561
113.34046603305,23.118574710546
113.34045597203,23.118714721943
113.3404558822,23.118894700767
113.340445911,23.118974718975
113.34038455674,23.120784796051
113.34037440589,23.121114834986
113.34037440589,23.121274785584
113.34035410418,23.121804823098
113.34035104994,23.121804740007
113.34035104994,23.121804740007
113.34033083807,23.122174826083
113.34037009402,23.123424419823
113.340360033,23.123594421493
113.34034988215,23.123994414787
113.34034988215,23.124134420464
113.34032967027,23.124584514865
113.34032967027,23.124714466149
113.34023921091,23.125614898752
113.3401889058,23.126305112722
113.34017884478,23.12658511905
113.34015872273,23.12695519179
113.34011847865,23.127625374773
113.34010841762,23.127955396689
113.34009844643,23.128085427757
113.34007841422,23.128315495193
113.34007841422,23.128385454227
113.34007841422,23.12843547242
113.34007841422,23.128665456163
113.34006844303,23.128835534202
113.34006844303,23.129125505539
113.34006844303,23.129305470239
113.34004841082,23.129535535559
113.34004679387,23.129535701731
113.34004679387,23.129535701731
113.34010680067,23.12962535149
113.34011677187,23.129785291826
113.34012665323,23.130345206111
113.34013653459,23.130695161725
113.34014641595,23.131145067691
113.34014650578,23.131145067691
113.34014650578,23.131145067691
113.34039668386,23.131443591713
113.34044671948,23.13150332967
113.34086712646,23.131831015568
113.34113733676,23.132059664072
113.34135751144,23.132298614631
113.34135751144,23.132298531546
113.34135751144,23.132298531546
113.34183801505,23.132256324733
113.34196808969,23.132255826228
113.34228833561,23.132244609848
113.34297886305,23.132192183646
113.34351919381,23.132170581718
113.34356922943,23.132200408994
113.34367927186,23.132180219502
113.34438965185,23.132138677326
113.34498989959,23.132117740064
113.34506993862,23.132107686854
113.34533996925,23.132097467475
113.34545998287,23.13209738439
113.34558996768,23.132087331179
113.34559005751,23.132086500335
113.34559005751,23.132086500335
113.34581005253,23.131976330379
113.34641012061,23.131966194074
113.3479299637,23.131887180717
113.34842978088,23.131858018047
113.34875963867,23.131838742432
113.34893956926,23.131839157855
113.34908949645,23.131819549899
113.34912947104,23.131819632983
113.34936931862,23.131800357363
113.34960916619,23.131791134975
113.34995896635,23.131762304622
113.35011886473,23.131742945909
113.35045860388,23.131724168785
113.35115802455,23.131687029953
113.35232689968,23.131612669173
113.35250674044,23.131593725861
113.35256665742,23.13158417112
113.35384512582,23.131492030142
113.35445426678,23.131396316453
113.35499351958,23.131280413066
113.35514326711,23.131241612411
113.35514335694,23.131239950712
113.35514335694,23.131239950712
113.35562260293,23.131163761812
113.35562260293,23.131163761812
113.35562260293,23.131163761812
113.35588221322,23.131115904858
113.35620165066,23.131068712566
113.35662088984,23.131002493777
113.35711001719,23.130927052507
113.35729964949,23.13088891643
113.35754919876,23.130831421495
113.35766894288,23.130782650484
113.35766894288,23.130782235058
113.35766894288,23.130782235058
113.35781869041,23.130733713284
113.3578686362,23.130714271335
113.35795846675,23.13069524481
113.35799835151,23.130695660236
113.35806823968,23.130706378235
113.35812815666,23.130717013148
113.3581879838,23.13073761829
113.35823783976,23.130758140343
113.35828769572,23.130778662393
113.35831760929,23.13082892894
113.3583076381,23.130978814529
113.35829775674,23.131028748659
113.35826793299,23.131078433515
113.35823810925,23.131098124665
113.3582182567,23.131117898898
113.35816840074,23.131157364269
113.35808863121,23.131186527093
113.35806877866,23.131186444008
113.35796906675,23.131215440656
113.35783944127,23.131254158234
113.35777961412,23.131273600104
113.35770981578,23.1312928758
113.35731069864,23.13135901136
113.35695146627,23.131415675217
113.35534430788,23.131671825461
113.35534296042,23.131671493123
113.35534296042,23.131671493123
113.3551532383,23.131690021
113.3551532383,23.131690021
113.3551532383,23.131690021
113.3547239381,23.131606770159
113.35445444644,23.131644822945
113.3543946193,23.131654377682
113.35431484977,23.131673819493
113.35354599008,23.131748678747
113.35336632898,23.131767538951
113.35322655264,23.13176679119
113.35322601366,23.131766625021
113.35322601366,23.131766625021
113.35260672184,23.131892996633
113.35208741143,23.131920248352
113.35115838387,23.131965861736
113.35115811438,23.13196594482
113.35115811438,23.13196594482
113.35116808557,23.132125965418
113.35116808557,23.132445922949
113.35116808557,23.132515879803
113.35116808557,23.132985885882
113.35117805676,23.133195921646
113.35117805676,23.133345887643
113.3511778771,23.133345970727
113.35117158896,23.133350789576
