113.32079089662,23.125765039499
113.32079853222,23.125880698442
113.32079853222,23.125880698442
113.3205979406,23.125914183017
113.32023673195,23.125940438905
113.32010638782,23.125952735965
113.31872156005,23.125956973466
113.31801917497,23.125929471256
113.31784867659,23.125912604339
113.31766811718,23.12590587419
113.31751765101,23.125878621235
113.31699591517,23.125757976988
113.31691569648,23.125759389491
113.31651433358,23.125756564486
113.3159724757,23.125756232133
113.31569157557,23.125761217434
113.31493897521,23.125774511571
113.31458782759,23.125780743198
113.31331331173,23.125893161684
113.31304238279,23.125917921988
113.31249046388,23.125967525671
113.31244033843,23.125978410229
113.31239021299,23.125979241111
113.31218962137,23.126002755076
113.3119689077,23.126016547718
113.31131664807,23.126067730039
113.31111605645,23.126101131479
113.31025314418,23.126185715185
113.31006261358,23.126198926191
113.30994233047,23.126210973963
113.30967149136,23.126235484944
113.30867823496,23.126331867061
113.3086080773,23.126333030293
113.30860520272,23.126332365589
113.30860520272,23.126332365589
113.3076018853,23.126408474177
113.30665893401,23.126523218593
113.30562561318,23.126998895866
113.30533483168,23.127033211034
113.30515436211,23.127065864442
113.30426180575,23.127178780364
113.30426126677,23.127178780364
113.30426126677,23.127178780364
113.30419110911,23.12699980983
113.30375040043,23.126016215365
113.30374051907,23.125986469786
113.30367054107,23.125787556442
113.30360056307,23.125488687335
113.30355061728,23.125289523978
113.30351082235,23.124920194391
113.3034809986,23.124680732004
113.30348036979,23.124680067292
113.30348036979,23.124680067292
113.30292854072,23.12514752539
113.30257757275,23.125322177815
113.30243725743,23.125383995745
113.30229694211,23.125435843019
113.30216668781,23.125457529132
113.30202655215,23.125229450866
113.302026103,23.125229450866
113.302026103,23.125229450866
113.30167513504,23.125323922677
113.30134428912,23.125538041913
113.30134410946,23.125538125001
113.30134410946,23.125538125001
113.30141417729,23.125817218977
113.30144418069,23.125916841841
113.30149421631,23.126016215365
113.30149421631,23.126086175611
113.30158431635,23.126344994965
113.30166435537,23.126643945231
113.30196519789,23.126520227429
113.30196519789,23.126520061253
113.30197139619,23.126529450184
