113.26803341404,23.152184504709
113.26802730556,23.15219098431
113.26802730556,23.15219098431
113.26796756824,23.152200122207
113.26791780212,23.152209426247
113.26780820885,23.152217816497
113.26780802919,23.152217733425
113.26780802919,23.152217733425
113.26740927137,23.152321822322
113.26701069322,23.152395839197
113.26689121858,23.152424000489
113.26678162531,23.152442359322
113.26662226591,23.152479907697
113.26582501977,23.152677534918
113.2656357468,23.152734521948
113.26549632979,23.152772319454
113.26534694158,23.152799982237
113.26526735171,23.152828724943
113.26519773304,23.152857633785
113.2651579381,23.15286702085
113.26504843466,23.152895265114
113.26469980229,23.153009654317
113.26449067677,23.153106266182
113.26398259517,23.153277974285
113.26388306292,23.153306301531
113.26374364591,23.153344015803
113.26346472205,23.153439381359
113.26297667266,23.15365121227
113.26297487605,23.153651129199
113.26297487605,23.153651129199
113.26295493367,23.153630859903
113.26288513533,23.153519711003
113.26276548104,23.153347754001
113.262616003,23.15318526689
113.26238675544,23.153011398814
113.26228713335,23.15294975991
113.2621575977,23.152857633785
113.26162930423,23.152508650472
113.26143994143,23.152375486637
113.26085182081,23.151985298386
113.26085101234,23.151984550739
113.26085101234,23.151984550739
113.26122937862,23.151591038449
113.26145844652,23.151395071053
113.26166766188,23.151308758912
113.26188684842,23.151242633306
113.26201638407,23.151204918436
113.26227545538,23.151129405591
113.26296292859,23.150921059696
113.26311240663,23.150883677025
113.2631123168,23.150883095517
113.2631123168,23.150883095517
113.26331156096,23.150776430236
113.26338126947,23.15069767731
113.26338126947,23.150697511165
113.26338126947,23.150697511165
113.26340112202,23.150597906923
113.26341073389,23.150108108825
113.26341073389,23.150068150658
113.26341073389,23.1500182237
113.26341073389,23.149828318326
113.26341064406,23.149578350602
113.26341064406,23.14942840297
113.26342034575,23.149068611036
113.26342968813,23.148118742344
113.26350936783,23.148110185685
113.26350909834,23.148109354942
113.26350909834,23.148109354942
113.26351871021,23.147539463647
113.26351871021,23.147499504705
113.26352850174,23.147239729749
113.26352850174,23.14711976954
113.26351853055,23.146919641776
113.26354826446,23.146550206291
113.26356811701,23.146340607063
113.26356811701,23.146280709641
113.26356811701,23.146160748564
113.26356811701,23.145970837661
113.26356811701,23.145930878246
113.26356811701,23.145880949729
113.26357799837,23.14563114071
113.26362731534,23.144561949463
113.2636371967,23.144322190241
113.26364707807,23.144202393545
113.26364707807,23.144082430586
113.26364707807,23.14376250114
113.26364707807,23.143592608404
113.2636371967,23.143522491241
113.26362731534,23.143402361512
113.26357745939,23.143211615882
113.26322855753,23.142625835667
113.26292951162,23.142180870267
113.26286977431,23.142089899748
113.262610703,23.14180560609
113.26243140122,23.141692619546
113.26232189778,23.141640861707
113.26221239434,23.141609042673
113.26221059773,23.141606965712
113.26221059773,23.141606965712
113.26201135356,23.1415734851
113.26197155863,23.141562851058
113.26137373631,23.141362631823
113.26126423287,23.141320843288
113.26113478705,23.141268669911
113.26107504973,23.141237681574
113.2609555751,23.141165652354
113.26078624451,23.141032809435
113.2606368563,23.140870307222
113.26052726303,23.140688447402
113.26047749691,23.140547628412
113.26046761554,23.140517553776
113.26044776299,23.140367263575
113.2604377918,23.139947131356
113.26050750031,23.139548432376
113.26053741388,23.139418994108
113.26057720882,23.139219768593
113.26060712239,23.139070390801
113.26065688852,23.138841338987
113.26065554106,23.138840009704
113.26065554106,23.138840009704
113.26023702052,23.138892682518
113.25979864743,23.138934970299
113.25973891012,23.13894394295
113.25939027775,23.138977839626
113.25900176061,23.13902095818
113.25648111535,23.13933608044
113.25633172715,23.139353444128
113.25627207966,23.139362416751
113.2561825186,23.139380777394
113.25588374219,23.139475405282
113.25578420994,23.139503652399
113.25547546234,23.139608166682
113.25540584366,23.139626942689
113.2553959623,23.139626859609
113.25539470467,23.13962669345
113.25541222163,23.139648377243
