113.27647748583,23.121161864636
113.27647604854,23.121161947727
113.27647604854,23.121161947727
113.27642610275,23.121321482813
113.27640616037,23.121391279353
113.27640607054,23.121391279353
113.27640607054,23.121391279353
113.27662561641,23.121483178074
113.27697487759,23.121606152755
113.27738414558,23.121719571871
113.27738414558,23.121719571871
113.27738414558,23.121719571871
113.27752419141,23.121260743176
113.27748430665,23.121270381752
113.27748430665,23.121270464843
113.27748430665,23.121270464843
113.27653605535,23.121022520553
113.2759972517,23.120837725311
113.27498962241,23.120488159147
113.27406194231,23.12014864618
113.27406167282,23.120148313812
113.27406167282,23.120148313812
113.27367261671,23.12000414933
113.27365276415,23.120003983147
113.27344336914,23.119921722075
113.27336368944,23.119880923888
113.27314432324,23.119798496556
113.2731045283,23.119778138992
113.27303481979,23.119747394908
113.27300499605,23.119737174576
113.27290537397,23.119706098115
113.27255638228,23.119562099337
113.27249664496,23.119531438296
113.27249574666,23.119530690466
113.27249574666,23.119530690466
113.27208692782,23.119365752223
113.27176793953,23.119231973447
113.27033226767,23.118643677603
113.27023264559,23.118632460072
113.27018287946,23.118641766468
113.27014308453,23.118651239049
113.27011326079,23.118660794722
113.27006349466,23.118680155345
113.26995381156,23.118728681528
113.26995300308,23.118728349157
113.26995300308,23.118728349157
113.26991293866,23.118897858288
113.26987296406,23.119067284111
113.2696425487,23.120573909715
113.26961254529,23.12076344154
113.26945228759,23.121821108901
113.26940225197,23.122200334896
113.26937224857,23.122429913998
113.26933227398,23.122669297358
113.26932239261,23.122729122358
113.26930245023,23.122828830631
113.26927262649,23.122888406289
113.26917264509,23.12345690794
113.2691626739,23.12360671877
113.2691626739,23.123686734136
113.2691626739,23.123826740138
113.2691626739,23.123906755371
113.26917237559,23.124316884614
113.2691712078,23.124316801525
113.2691712078,23.124316801525
113.26949028591,23.124311317633
113.2698392776,23.124316136811
113.27003870143,23.124318878757
113.27003879126,23.124318795667
113.27004561838,23.124360838828
