113.29294342582,23.092808105125
113.2929474682,23.092813008555
113.2929474682,23.092813008555
113.29288755122,23.092773448672
113.29262740194,23.09265501828
113.29223717803,23.092497277145
113.29223726786,23.092427382304
113.29223690854,23.092427049867
113.29223690854,23.092427049867
113.29222711701,23.092197086438
113.29221723565,23.092137247678
113.29221723565,23.092117301418
113.29219747293,23.091887503672
113.29215785765,23.091407877512
113.29214806612,23.091248057147
113.2921283034,23.090988255145
113.29211851187,23.090818377937
113.29205913388,23.089978878822
113.29203937116,23.089749077377
113.29203946099,23.089659151351
113.29201960844,23.089479382227
113.29200981691,23.08930950309
113.29199993555,23.089189656719
113.29199894741,23.089188742496
113.29199894741,23.089188742496
113.29142843358,23.08911153212
113.29087804179,23.089044045726
113.28997758035,23.08890749372
113.28926738002,23.088689658488
113.28905735619,23.088630316818
113.2884972627,23.08846160016
113.28784724884,23.088252740275
113.28730727739,23.088093414787
113.28720738582,23.088063577598
113.28720684684,23.08806282959
113.28720684684,23.08806282959
113.2872370299,23.087722901253
113.28728733501,23.087233037226
113.28727745365,23.087193143231
113.28727736382,23.087192893894
113.28727736382,23.087192893894
113.2871673214,23.087183003506
113.28699736199,23.087183086618
113.28687743821,23.087223146841
113.28630746336,23.08724326006
113.286227604,23.087203366069
113.28617765822,23.087203366069
113.28569778341,23.087223146841
113.28522796963,23.087232704776
113.28514811027,23.08724259516
113.28514739163,23.087242428935
113.28514739163,23.087242428935
113.28499773393,23.08669230636
113.28495793899,23.086562317856
113.28493808644,23.086482363227
113.28471863041,23.085782217933
113.2846089473,23.085422170271
113.28459906594,23.085392249369
113.28458918458,23.08536232846
113.28426983697,23.084341938317
113.28421998102,23.084211947514
113.28412026911,23.083931851809
113.28398049277,23.083661646165
113.28391069443,23.083521597806
113.28383083507,23.083481453353
113.28378097912,23.08346142268
113.28374109435,23.083451365784
113.2835512824,23.08347089777
113.28354984511,23.083469651048
113.28354984511,23.083469651048
113.28277990746,23.084397209304
113.28271001929,23.084476998959
113.28181036632,23.085443447353
113.28181018666,23.085443364239
113.2818044375,23.085436133356
