113.29134444202,23.098118663324
113.29135117931,23.098120325437
113.29135117931,23.098120325437
113.29135117931,23.098130298117
113.2912308962,23.098380778335
113.29112067411,23.098621202334
113.29098035879,23.098951711905
113.29091020113,23.099111938527
113.29090022994,23.099141939444
113.29086016551,23.099242080962
113.29084022313,23.099282137548
113.29063972134,23.099742870524
113.29054953147,23.099943152578
113.29050946704,23.100033320956
113.2904593416,23.100173518119
113.29045844329,23.100173601223
113.29045844329,23.100173601223
113.29044838227,23.100203685006
113.29041837887,23.100253796926
113.29033816018,23.100513996327
113.29029809576,23.100664082368
113.29023799912,23.1008342794
113.29011762618,23.101244646152
113.29004746852,23.101474843229
113.28996724984,23.101745012646
113.28994712779,23.101955014763
113.28990688371,23.102305045254
113.28988676166,23.10248504633
113.28985648877,23.1028650755
113.2898953854,23.104014713214
113.28990526676,23.104114684853
113.28991514812,23.104214656418
113.28990517693,23.104244656183
113.28989511591,23.104364655174
113.28992511931,23.104404544011
113.2899350905,23.104434543733
113.28994506169,23.104464543448
113.28995503288,23.104494543157
113.28995503288,23.104524542858
113.28996500407,23.104584459139
113.28997488543,23.104674375061
113.2899847668,23.104784318384
113.28999473799,23.104854289824
113.28999473799,23.104884289444
113.2899847668,23.104914289057
113.2899847668,23.104934316497
113.2899847668,23.104964316099
113.2899747956,23.104994315694
113.2899747956,23.105024315283
113.28996482441,23.105054314865
113.2899747956,23.105094286596
113.2899747956,23.105134258316
113.29000443969,23.105474058996
113.29002429224,23.105614001112
113.2901438567,23.106133464291
113.29015382789,23.106163463622
113.29023359742,23.106433124896
113.29042313988,23.107032277878
113.29083240787,23.10807044321
113.29087229264,23.108180217522
113.29087067569,23.108180300621
113.29087067569,23.108180300621
113.29099059947,23.108319824388
113.29110037241,23.108619313861
113.29116028939,23.108779030223
113.29128003351,23.109108434226
113.29136986406,23.109387978254
113.29147963699,23.109687382218
113.29149957938,23.109747296169
113.29145951495,23.109867456384
113.29161923367,23.110286603611
113.29165920827,23.110376432573
113.29172909643,23.110556090314
113.2917290066,23.110556007216
113.2917290066,23.110556007216
113.29177895239,23.110715721249
113.29183886937,23.110875351991
113.29194873213,23.111164780901
113.29195870332,23.111214722489
113.29216836783,23.111763497041
113.29257772565,23.112841013095
113.29266764603,23.113070442198
113.29271759182,23.113220098563
113.29274759522,23.113289899365
113.29279754101,23.113409557795
113.29286742918,23.11360907137
113.2930571513,23.114107812445
113.29306712249,23.114157752926
113.2930871547,23.114187584253
113.29352651593,23.115504560008
113.29389607882,23.116591933888
113.29418560268,23.117639746382
113.29422557728,23.117769455189
113.29437523497,23.118418246597
113.29441511974,23.118597893452
113.29442509093,23.118657803381
113.29444512314,23.118697687923
113.29444512314,23.118727684415
113.29446506553,23.118797565412
113.29455480625,23.119286814452
113.29457474863,23.119366666239
113.29479420466,23.120484835481
113.29500368951,23.121583053466
113.29503360308,23.121732783322
113.29512352346,23.122062072082
113.29524344725,23.122461072912
113.29525341844,23.122490985462
113.29526338963,23.122520898006
113.29539328461,23.122929785182
113.29555327282,23.12336841727
113.29555318299,23.123368666539
113.29555318299,23.123368666539
113.29558318639,23.123408383486
113.29596316962,23.124425066792
113.29616322226,23.12492326868
113.29634324268,23.125391639896
113.29645328511,23.125630602469
113.29652335294,23.125769941712
113.29661336315,23.125999099195
113.29719375834,23.127463603911
113.29738383979,23.128031753606
113.29741384319,23.128141428318
113.29748391102,23.128290735337
113.29755397885,23.128440042188
113.29768414332,23.128648755767
113.29773417894,23.128738239952
113.2977343586,23.128738323039
113.2977343586,23.128738323039
113.29781448745,23.128767486395
113.29783451966,23.128807284812
113.29785455187,23.128837112844
113.29785455187,23.128837112844
113.29785455187,23.128837112844
113.29799477736,23.128925682952
113.29851579456,23.1291903128
113.29878636418,23.129297410883
113.29878636418,23.129297410883
113.29878636418,23.129297410883
113.29890655746,23.129356152774
113.29902684056,23.129394870895
113.29916715589,23.129453363485
113.29938760006,23.129530882743
113.29942766448,23.129540437633
113.29952791538,23.129579321872
113.29960813406,23.129598431643
113.2996682307,23.129627760982
113.30019939875,23.129791606349
113.30040987173,23.129859155116
113.30074062782,23.129965172545
113.30123182127,23.130139153941
113.3012619145,23.130148791872
113.30165285706,23.130273835658
113.30165285706,23.130273752572
113.30165285706,23.130273752572
113.30173307574,23.130292696072
113.30179326221,23.130301918565
113.30179326221,23.13030200165
113.30179326221,23.13030200165
113.30335739177,23.130631186052
113.30630598977,23.131188271877
113.30633608301,23.131187856453
113.30636617624,23.131197411223
113.30666710859,23.131252745791
113.3071185071,23.131345717783
113.30732915975,23.131392411466
113.30751978018,23.131429384211
113.30806154823,23.131540717808
113.30813179572,23.131549607875
113.30817194998,23.13155899645
113.3083625704,23.131605939312
113.30875387228,23.131679552334
113.30895455374,23.1317262459
113.30918532842,23.131772440943
113.30961678456,23.131885269773
113.30981746601,23.131931963267
113.30993783895,23.131969932875
113.31002811865,23.13198846071
113.31015855261,23.132026264133
113.310479607,23.132130867395
113.31063007317,23.132188361766
113.3110414971,23.132331349827
113.31116187003,23.132379289426
113.31132239723,23.132436534437
113.31173382115,23.132579439146
113.31185419409,23.132627378656
113.31196459584,23.132675484317
113.31216527729,23.132752004684
113.31216518746,23.1327519216
113.31216518746,23.1327519216
113.31290781662,23.133089075962
113.31290781662,23.133089075962
113.31290781662,23.133089075962
113.31307840484,23.133156041463
113.31334933378,23.133271278542
113.31341958127,23.133300025483
113.3137607577,23.133474002504
113.31385103741,23.133492447046
113.31390125269,23.133521526273
113.31404174767,23.133579020041
113.31421233588,23.133656038388
113.31492487181,23.133963446662
113.31563740774,23.134280824185
113.31577790273,23.134338317624
113.31604883167,23.134453470593
113.31616929444,23.134501326342
113.31695207786,23.134807403333
113.31703238637,23.134835983776
113.3170324762,23.134836233024
113.3170324762,23.134836233024
113.31764467141,23.135015359148
113.31824680559,23.135144718633
113.31917008399,23.135238435638
113.31974212494,23.135278398277
113.31974212494,23.135278481359
113.31974212494,23.135278481359
113.31986258771,23.13525638144
113.31998305048,23.135224394708
113.32005329797,23.135223231554
113.32010351325,23.135232370621
113.32054512023,23.135254719792
113.3206053067,23.135253722803
113.32080598815,23.135250316424
113.3210769171,23.135215754135
113.32126762736,23.135182521156
113.32149840204,23.13514862351
113.3215385563,23.135118049154
113.32159874277,23.135067119574
113.32165892924,23.135036212869
113.32171911571,23.135025245972
113.32173914792,23.135015026818
113.32175918013,23.13501477757
113.32179933439,23.135004143001
113.32182942762,23.135003727589
113.32191970733,23.135002232102
113.32193973954,23.135001982855
113.32196983277,23.135011454267
113.32202004805,23.135020593349
113.32206020231,23.135029898595
113.32212038878,23.135058894403
113.32216054303,23.135088222534
113.32221075831,23.135117384494
113.32224085155,23.135156848675
113.32227094478,23.135196312844
113.32229097699,23.135216003382
113.32230103801,23.135245829973
113.32232107023,23.135275490393
113.32234110244,23.135315120691
113.32235116346,23.13534494726
113.32235116346,23.135394962829
113.32235116346,23.135454948253
113.32235116346,23.135494910826
113.32234119227,23.135535039552
113.32233122108,23.135565198401
113.3223112787,23.135615546215
113.32229133632,23.135655924151
113.32227139393,23.135686249136
113.32224139053,23.135726793215
113.32221138712,23.135747314496
113.32219144474,23.135767669609
113.32217150236,23.13578802472
113.32215155998,23.135798326897
113.32212155657,23.135818848167
113.32208149215,23.135849505443
113.32208041418,23.135848093048
113.32208041418,23.135848093048
113.32210044639,23.136037769209
113.32210044639,23.136287762474
113.32210044639,23.136287762474
113.32210044639,23.136287762474
113.3222510024,23.136285186939
113.32237137534,23.136283192977
113.32237137534,23.136283192977
113.32237137534,23.136283192977
113.32236140414,23.136213321192
113.32257214662,23.135789852525
113.32282304335,23.135665727845
113.32306387905,23.135641800183
113.32316421978,23.135630168679
113.32349533519,23.135624768337
113.32388663707,23.135648280592
113.32452874585,23.135707767409
113.32501032743,23.13579001869
113.3251607936,23.135817601936
113.3251607936,23.135817269608
113.3251607936,23.135817269608
113.32526113433,23.135655674904
113.32533138182,23.135584639638
113.32536147506,23.134884254801
113.32536147506,23.134884088635
113.32536147506,23.134884088635
113.32585302783,23.134846286027
113.32615396018,23.134831663477
113.32649504678,23.134816459346
113.32714703692,23.134806655589
113.32714703692,23.134796768748
113.32714712675,23.134796436417
113.32715089963,23.134796436417
