113.25982290168,23.104708779104
113.25981930846,23.104719249898
113.25981930846,23.104719249898
113.25970980502,23.10473728293
113.25970971519,23.10473728293
113.25970971519,23.10473728293
113.2595101117,23.105053733155
113.25945037439,23.105132679391
113.259430432,23.105202318243
113.25942046081,23.105292150645
113.259360454,23.10558101002
113.2593304506,23.105810451671
113.25923082852,23.105868705356
113.2591710912,23.105907679633
113.25917046239,23.105907596532
113.25917046239,23.105907596532
113.25910039456,23.106196288367
113.25909042337,23.106256120793
113.25909042337,23.106256037693
113.25909042337,23.106256037693
113.25907039115,23.106315703891
113.25905044877,23.106375370062
113.25903050639,23.106435036207
113.25901056401,23.106504674375
113.25894067584,23.106763365723
113.25891076227,23.106882780737
113.25869067742,23.107858705675
113.25858081465,23.108226670061
113.25850095529,23.108455193049
113.25848110274,23.10850480326
113.25835138742,23.10879240916
113.25818178734,23.109089321504
113.25792235671,23.109564645787
113.2577926414,23.109812279093
113.2575430023,23.110427704025
113.25738337341,23.1107547772
113.25732363609,23.110843691771
113.25726389877,23.110932606281
113.25715412584,23.111150571227
113.25689469521,23.111635859795
113.25664523577,23.112081343166
113.25653555267,23.112279362994
113.25652567131,23.112299140032
113.25649584756,23.112338611002
113.25637619327,23.112546435849
113.25636631191,23.112586239132
113.25630648476,23.112765146014
113.25620668302,23.113063295916
113.25608684907,23.113421108152
113.25599701851,23.113679453638
113.25595713375,23.113788724735
113.25591724899,23.113918021827
113.25589739643,23.113967629996
113.25584754048,23.114096677627
113.25582768793,23.114146285729
113.25573794721,23.114344634859
113.25573794721,23.114364660875
113.25571809465,23.114414268878
113.2556982421,23.114463876862
113.25568836074,23.114513651018
113.25566841836,23.114603310928
113.25566446581,23.114603477119
113.25566446581,23.114603477119
113.25561452003,23.114752550089
113.2555744556,23.115031749849
113.25552441999,23.115360805955
113.25547420471,23.115919783991
113.2554238996,23.116578805019
113.25542354028,23.116578888113
113.25542354028,23.116578888113
113.25539326738,23.117058257171
113.25538329619,23.117218046472
113.25534314193,23.117627282365
113.25531295887,23.118046654365
113.2552430707,23.118355345212
113.25524271138,23.118355345212
113.25524271138,23.118355345212
113.25520282661,23.118434615909
113.25500286381,23.11945092187
113.25494294683,23.119769829781
113.25488302985,23.120068711772
113.25484314509,23.120198002745
113.25473337215,23.120536019936
113.25469348739,23.120645285388
113.25454382969,23.12105259961
113.25451400595,23.121132034877
113.25437431944,23.121489492993
113.2543045211,23.121688246601
113.25408488541,23.122414292993
113.2539451989,23.122861734345
113.25380542256,23.123379218951
113.25378557001,23.123468872871
113.25374568525,23.123608131295
113.25372574286,23.123717726575
113.25365531571,23.124956338052
113.25364534452,23.125206102942
113.25362531231,23.125575680998
113.2536052801,23.125895321979
113.2536052801,23.125945341112
113.2535953089,23.126125143951
113.2535953089,23.126295142159
113.25358524788,23.126664966444
113.25359512924,23.126805135478
113.25359512924,23.126955108702
113.25359503941,23.127255054641
113.25360492077,23.127505230639
113.25361480213,23.127615404309
113.25365441741,23.128206069886
113.25366429877,23.128376231601
113.25370400387,23.128676922105
113.25373382761,23.128887463213
113.25361435298,23.128925350607
113.25361210722,23.12892526752
113.25361210722,23.12892526752
113.25331315114,23.129039926672
113.25319367651,23.129077814022
113.25302434592,23.129144864634
113.25254608807,23.129326491031
113.25200800307,23.129527143873
113.2517390504,23.129622443482
113.25121093659,23.129823345134
113.25103163481,23.129890229199
113.25061311427,23.130073100859
113.25005508689,23.130223651987
113.25001529196,23.130232957569
113.24962668499,23.130266441045
113.24942744083,23.130253230444
113.24915848816,23.130228886377
113.24852078108,23.130118465621
113.24851943362,23.130118133278
113.24851943362,23.130118133278
113.24857926077,23.130219165366
113.24844954545,23.130916999206
113.24845942681,23.131127121333
113.248469398,23.131167251381
113.24852913532,23.131428221024
113.24858887264,23.131539222283
113.2487084371,23.131731147893
113.2487881168,23.131842481237
113.24884785412,23.131933458787
113.24944567643,23.132793297416
113.24969477655,23.133147483839
113.24973466131,23.133218188076
113.2500933547,23.133754159863
113.25026277512,23.134006982262
113.25048196167,23.134330673989
113.25050190405,23.134360999277
113.25066135328,23.134683693147
113.25071120923,23.134844541291
113.25072118043,23.134884670214
113.25074112281,23.134955041194
113.25076106519,23.135115390514
113.25080094995,23.135346027331
113.2508607771,23.135697049814
113.25088071948,23.135797412994
113.25091063306,23.136077897771
113.25076124485,23.136095344968
113.25076097536,23.13609542805
113.25076097536,23.13609542805
113.24991387326,23.136211077983
113.24966477315,23.13624688624
113.24863836927,23.136379900118
113.24824976231,23.13643357089
113.2481003741,23.136461154003
113.24800075202,23.136469545249
113.2472632432,23.136567747724
113.2469942007,23.136603472802
113.24640616991,23.136684311142
113.24640545127,23.136684477305
113.24640545127,23.136684477305
113.24667467343,23.13739864409
113.24687409725,23.137921721463
113.24712337703,23.138625662706
113.24712337703,23.138625662706
113.24711187872,23.138626493509
