113.28033121647,23.103570283102
113.28034702664,23.103573274783
113.28034702664,23.103573274783
113.28016691639,23.103982137235
113.28001680954,23.104321192948
113.27992679933,23.10452063708
113.27992679933,23.104550636776
113.27992652983,23.104550636776
113.27992652983,23.104550636776
113.27980642639,23.104769858723
113.27977651281,23.104839663968
113.27969656362,23.105009107736
113.27896597175,23.10658403525
113.27853577324,23.107490823368
113.27841575963,23.107729901279
113.27836581384,23.107829537722
113.27835584265,23.107869425519
113.27832592908,23.107929174091
113.27828613414,23.107908980905
113.27823627819,23.107888704616
113.27823537988,23.107888621517
113.27823537988,23.107888621517
113.27766657283,23.107604337647
113.27737722863,23.107472125912
113.27641945529,23.107004106946
113.27593068727,23.106789791602
113.2753721209,23.10654456257
113.27508295636,23.106421823233
113.27501324785,23.106391242257
113.27485370879,23.106329747881
113.27470414092,23.106268336577
113.27464440361,23.106247810736
113.27456472391,23.106217063518
113.2744950154,23.106196454568
113.27434544753,23.106154987357
113.27372705402,23.105978398387
113.27345783186,23.105905519012
113.27298918587,23.105770313954
113.27241076696,23.105623640824
113.27206177527,23.105529487393
113.27201200914,23.105508961437
113.27158333775,23.105373755975
113.2707757611,23.105123538251
113.27034717954,23.10498799999
113.27027747103,23.104967141546
113.26971926399,23.104789719981
113.26952999102,23.104727227645
113.26916123661,23.104602159783
113.26889219411,23.104518476437
113.26803503099,23.104246235117
113.26771622236,23.104141609871
113.26758677654,23.10409980961
113.26751706803,23.104078867924
113.2674772731,23.104058341744
113.26690927452,23.103869866391
113.26650081501,23.103693689892
113.26628171829,23.103590393846
113.26593308593,23.103425020282
113.26566422309,23.103280920738
113.26558454339,23.103289646493
113.26550486369,23.103298372248
113.2655013603,23.103295297458
113.2655013603,23.103295297458
113.26541170941,23.103233884751
113.26502328211,23.103017818167
113.2647942142,23.102884189119
113.26468471076,23.102812471483
113.26461509208,23.102771418729
113.26436617163,23.102617429236
113.26426663938,23.102545877663
113.26376870863,23.102237814873
113.26351978817,23.102073769275
113.26339043218,23.101991746401
113.2633307847,23.101950859599
113.26276323527,23.101521464321
113.26265382166,23.101439690416
113.26252437584,23.101407612427
113.26243481478,23.101386171695
113.26243355715,23.101385174451
113.26243355715,23.101385174451
113.26226413673,23.101392238259
113.26214457227,23.101450161467
113.26214448244,23.101450161467
113.26214448244,23.101450161467
113.2620446807,23.101568500914
113.261965001,23.101657089223
113.26192520606,23.101716425074
113.26179558058,23.101894183159
113.26154621097,23.102229836976
113.26151638723,23.102279283307
113.26120710064,23.102713828508
113.26100758699,23.102980338889
113.26093778865,23.103069092461
113.26077824959,23.103276267001
113.26068850887,23.103394687923
113.26052896981,23.103621889592
113.26036943075,23.10383903552
113.26014997472,23.10414510015
113.260060234,23.104273492515
113.25990069494,23.104470692974
113.25979101183,23.104618697002
113.25971124231,23.10473728293
113.25951172865,23.105053733155
113.25945199134,23.105132679391
113.25943204895,23.105202318243
113.25942207776,23.105292150645
113.25936207095,23.10558101002
113.25933206755,23.105810451671
113.25923244547,23.105868705356
113.25917270815,23.105907679633
113.25917046239,23.105907596532
113.25917046239,23.105907596532
113.25910039456,23.106196288367
113.25909042337,23.106256120793
113.25909042337,23.106256037693
113.25909042337,23.106256037693
113.25907039115,23.106315703891
113.25905044877,23.106375370062
113.25903050639,23.106435036207
113.25901056401,23.106504674375
113.25894067584,23.106763365723
113.25891076227,23.106882780737
113.25869067742,23.107858705675
113.25858081465,23.108226670061
113.25850095529,23.108455193049
113.25848110274,23.10850480326
113.25835138742,23.10879240916
113.25818178734,23.109089321504
113.25792235671,23.109564645787
113.2577926414,23.109812279093
113.2575430023,23.110427704025
113.25738337341,23.1107547772
113.25732363609,23.110843691771
113.25726389877,23.110932606281
113.25715412584,23.111150571227
113.25689469521,23.111635859795
113.25664523577,23.112081343166
113.25653555267,23.112279362994
113.25652567131,23.112299140032
113.25649584756,23.112338611002
113.25637619327,23.112546435849
113.25636631191,23.112586239132
113.25630648476,23.112765146014
113.25620668302,23.113063295916
113.25608684907,23.113421108152
113.25599701851,23.113679453638
113.25595713375,23.113788724735
113.25591724899,23.113918021827
113.25589739643,23.113967629996
113.25584754048,23.114096677627
113.25582768793,23.114146285729
113.25573794721,23.114344634859
113.25573794721,23.114364660875
113.25571809465,23.114414268878
113.2556982421,23.114463876862
113.25568836074,23.114513651018
113.25563859462,23.114562760392
113.25561874206,23.114572399455
113.25558891832,23.114581872327
113.25554912339,23.114601150449
113.25552927084,23.114630815485
113.25552495897,23.114630981676
113.25552495897,23.114630981676
113.25501678754,23.11463197882
113.25480766202,23.114638294065
113.2538710887,23.114641700973
113.25348257156,23.114644858595
113.25283498312,23.114653500509
113.25258597283,23.114649262647
113.25229707778,23.114654248366
113.25217760315,23.114652254079
113.2516893741,23.114663804327
113.25137056548,23.114658403132
113.2511912637,23.114655411701
113.2508425415,23.114659400276
113.25040416841,23.114652004793
113.24992591056,23.114653915985
113.2492582899,23.114652835746
113.24885971175,23.114656242654
113.24882988801,23.114655827177
113.24854090312,23.114671116714
113.24828183181,23.114676933386
113.24815229616,23.114684827439
113.2480327317,23.114692887683
113.24770386205,23.114707595548
113.24739493478,23.114712664361
113.24713586348,23.114718564125
113.24713397703,23.114717816268
113.24713397703,23.114717816268
113.24705411767,23.114756538661
113.24696446678,23.114775151996
113.24688478709,23.114783876996
113.24685496334,23.114783461519
113.24674537007,23.114811713896
113.24659589203,23.114879353386
113.24643644281,23.114956881161
113.24634679192,23.115005491801
113.24627708341,23.115054434804
113.24555897798,23.115523505617
113.24545926607,23.115602030153
113.24540949995,23.115631279492
113.24536970501,23.115670666376
113.24534985246,23.115700331173
113.24532999991,23.115740050415
113.24527008293,23.115929090577
113.24526864564,23.115929090577
113.24526864564,23.115929090577
113.24523864224,23.116038609106
113.24523864224,23.116038609106
113.24523864224,23.116038609106
113.24522858122,23.11609852019
113.24519866764,23.116248090046
113.24518869645,23.116337914973
113.24511889811,23.1164968742
113.24498927263,23.116614950952
113.24486961834,23.116683171181
113.24479990983,23.116702116622
113.2447501437,23.116731365718
113.24474951489,23.116731365718
113.24474951489,23.116731365718
113.2446198894,23.116749480212
113.24454020971,23.116758288176
113.24440070286,23.116756377014
113.24436090793,23.11675587845
113.24430117061,23.11674507623
113.24426137568,23.116734606385
113.24416175359,23.116723305599
113.24406213151,23.116701950434
113.24393259586,23.116690234174
113.24379308901,23.116688323011
113.2437333517,23.116687575165
113.24367352455,23.116736766829
113.24351398549,23.116874536629
113.24297518185,23.117317094138
113.24280558177,23.117464751469
113.24236657986,23.117828866931
113.24230675272,23.117868086976
113.24230540526,23.117867339137
113.24230540526,23.117867339137
113.24210580177,23.118044660128
113.24187637455,23.118231702773
113.24169680328,23.118399384494
113.24144734384,23.118606202737
113.24120785559,23.118793161497
113.24113805725,23.118842269288
113.24077882488,23.119117804373
113.23996037873,23.119738005498
113.23995983974,23.11973808859
113.23995983974,23.11973808859
113.24009934659,23.119859735416
113.24009934659,23.119859735416
113.24014102796,23.119815779711
