113.29632105454,23.131564480041
113.29632069522,23.131571376073
113.29632069522,23.131571376073
113.29597017641,23.131694424486
113.29571981866,23.131786565323
113.29562971862,23.131827276763
113.29545948972,23.131888676238
113.29536938968,23.131919417507
113.295219193,23.131980650771
113.29453818759,23.132255826228
113.29412766198,23.132408784319
113.29408768738,23.132309166332
113.29408696874,23.132308917079
113.29408696874,23.132308917079
113.29448761299,23.132156041957
113.29531899474,23.131819799153
113.29541915581,23.13178905786
113.29557941351,23.131727824508
113.29594008317,23.131584918882
113.29603027305,23.13155426062
113.29639094271,23.131441182254
113.2967916768,23.131327688367
113.29744294829,23.131151631405
113.29786380442,23.131037555675
113.29794393327,23.131006814201
113.29831475379,23.130903123989
113.29864550988,23.130819706484
113.2989061083,23.130747006922
113.29918673895,23.130674058065
113.29978815448,23.130527412461
113.29987834436,23.130516445191
113.30058001079,23.13041832132
113.30063013624,23.130407769469
113.30071035492,23.130266856473
113.30071035492,23.130246915942
113.30071035492,23.130207034873
113.30071035492,23.130167153791
113.30069041254,23.130137492229
113.30059025147,23.130028816196
113.30059025147,23.130026905225
113.30059025147,23.130026905225
113.30053015483,23.130007629344
113.29983863925,23.12977582004
113.2996282561,23.129708271231
113.29954812725,23.129679274253
113.29939793057,23.129631084419
113.29935795598,23.129611642309
113.29922779151,23.12957317351
113.29898740495,23.129465909477
113.29898668631,23.129465244789
113.29898668631,23.129465244789
113.29890655746,23.129426111258
113.29872626754,23.129348176508
113.29847581996,23.129250882634
113.29838571992,23.129201944869
113.29832571311,23.129162645088
113.29816545541,23.129084377838
113.29784494001,23.12891770666
113.29764470771,23.128809777405
113.29756466869,23.128680660999
113.2975447263,23.128640945631
113.29752478392,23.128611200641
113.29752397545,23.128610369775
113.29752397545,23.128610369775
113.2974438466,23.128481170089
113.29725376515,23.128093154838
113.29705371251,23.127545195608
113.29704383115,23.127505396813
113.29648355801,23.126050780052
113.29639363762,23.125831676345
113.29627371384,23.125502895473
113.29624380026,23.125443237901
113.2962039155,23.125333644046
113.29597394929,23.124785756505
113.2958540255,23.124446919249
113.29571406951,23.124118218034
113.29545409989,23.123520471624
113.29545418972,23.123440539248
113.29529429134,23.122991936587
113.29514445398,23.122523307627
113.29514301669,23.122522061271
113.29514301669,23.122522061271
113.2951330455,23.122482177879
113.29500324036,23.122093314173
113.29492347083,23.121774079484
113.29488358606,23.121604490936
113.29467419105,23.12050635622
113.29466430969,23.120446530218
113.29445491467,23.119398324426
113.29444503331,23.119318472658
113.29434541123,23.118809364577
113.29433552987,23.11874953781
113.2943056163,23.118679822973
113.29429573494,23.118599970773
113.29425594,23.118430378168
113.29411634333,23.117801529224
113.29407645856,23.117661932331
113.29378702453,23.116624174395
113.29341755147,23.115556826617
113.29297828008,23.114249905944
113.29296839872,23.114210020065
113.29294854616,23.11417021727
113.29275891387,23.113651533404
113.29267914434,23.113442131461
113.29263925958,23.113322473059
113.2926372833,23.113320644944
113.2926372833,23.113320644944
113.2926072799,23.113250844159
113.29256739514,23.113151211784
113.29254754258,23.113091382466
113.29246777305,23.112861953399
113.29208841864,23.111834295773
113.29184893039,23.111195693167
113.29173915746,23.110906347423
113.29166935912,23.110746799815
113.29160953197,23.110587168918
113.29152976244,23.110387650802
113.29138010474,23.109968503894
113.29125038943,23.109649240036
113.2909909588,23.108910575865
113.2908713045,23.10858125447
113.29087022654,23.108580257281
113.29087022654,23.108580257281
113.29070062646,23.1081010238
113.29033151272,23.107062692507
113.2901320889,23.106433623499
113.2900524092,23.106164045326
113.28996284814,23.105794496307
113.28991317185,23.105564805325
113.28989331929,23.105484945235
113.28988352776,23.105395112963
113.28983385147,23.105155366038
113.28982397011,23.105105505271
113.2897942362,23.10493572922
113.28977447348,23.104745925488
113.2897348582,23.104406206046
113.28972506667,23.104276317977
113.28971554463,23.103906514397
113.2897157243,23.10372659835
113.2897263243,23.103186765645
113.28972497684,23.103185519108
113.28972497684,23.103185519108
113.28973548702,23.102685573556
113.28973557685,23.102615684077
113.28974590736,23.102285765346
113.2897963023,23.101885789725
113.28981642434,23.101735871272
113.28989682269,23.10141575658
113.2899771312,23.101185642505
113.29003731767,23.101025584593
113.29012759737,23.100775441779
113.29013765839,23.100735468747
113.29017781265,23.10063541146
113.29021796691,23.100505353494
113.29021796691,23.100504439348
113.29021796691,23.100504439348
113.29023799912,23.100444355017
113.29032827882,23.100194128004
113.29033833984,23.100164210428
113.29035837206,23.100104209048
113.29036843308,23.100084263985
113.29038855512,23.100014290032
113.29041864836,23.099944316041
113.29042870938,23.099924370954
113.2906895773,23.099273577739
113.29074976377,23.099093489206
113.29100057067,23.098442691919
113.29167259302,23.096920024898
113.29171274727,23.096839910289
113.29267555112,23.094855313059
113.29269567316,23.094785253243
113.29308697504,23.093753217178
113.2931271293,23.093653071522
113.29317734458,23.093492838315
113.2931874056,23.093442890061
113.29320752764,23.093352883426
113.29324777173,23.093142784599
113.29325792258,23.092992856277
113.29325801241,23.092922961697
113.29330840735,23.092442840619
113.29335898195,23.091772729315
113.29341925825,23.09147245386
113.29350953795,23.091202014219
113.29356972442,23.091071697686
113.29376025502,23.090730613502
113.29389059915,23.090529818895
113.29426141967,23.090107367992
113.29465227239,23.089644690043
113.29495293525,23.089292548409
113.29500306069,23.089232292785
113.29517346925,23.089041053718
113.29525368793,23.088940488953
113.29530381338,23.088880150057
113.29530354389,23.088877158045
113.29530354389,23.088877158045
113.29560429657,23.08842486478
113.29577470513,23.088183591208
113.29581485938,23.088093331675
113.2958348916,23.088043215167
113.29599541879,23.087612029574
113.29619610024,23.087060495614
113.29620616126,23.087020518456
113.29630659182,23.086499816944
113.29636695795,23.085979445845
113.29639705118,23.085859264017
113.29642741391,23.085259101272
113.29644780545,23.084379090397
113.29646810715,23.08374908281
113.29649829022,23.083468903014
113.29650835124,23.08339892031
113.29652847328,23.083198862659
113.29652847328,23.083188971974
113.29657868856,23.082918598589
113.29660878179,23.082788440163
113.29664893605,23.082648141538
113.29667902928,23.082567935208
113.29670912252,23.082477754976
113.29672915473,23.082417662493
113.29677928018,23.082267306492
113.29684943784,23.08212675797
113.29684943784,23.082116867205
113.29685949886,23.082086862443
113.29695974976,23.081866023861
113.29704993963,23.081655241945
113.29731053806,23.081182893084
113.29763132296,23.0807299087
113.2976814484,23.08065950897
113.29841311824,23.079812215789
113.29852334033,23.079681140033
113.2993753831,23.078742078613
113.29968610698,23.07838866132
113.29977629685,23.078297730191
113.29986648672,23.078196824824
113.30000680204,23.078045300394
113.30041777682,23.07759055983
113.30104937542,23.076913059169
113.30127997044,23.076660294266
113.30233269467,23.075516903194
113.30249313203,23.075344845093
113.30254325748,23.075284250666
113.30261341514,23.075193400533
113.3026135948,23.075189577013
113.3026135948,23.075189577013
113.3026135948,23.07513953876
113.30276397115,23.074987595244
113.30297453396,23.07475485867
113.30310487809,23.074603164077
113.30342575281,23.074258879047
113.3038167852,23.073733555894
113.30392709712,23.073442050521
113.30398719376,23.073121285815
113.30398719376,23.072951385772
113.30405735142,23.072580497544
113.30406732261,23.072390398225
113.30407738363,23.07237036588
113.30409741584,23.072350167289
113.30411744806,23.072339943309
113.30414754129,23.072329636207
113.3041675735,23.072329469964
113.30420772776,23.072338862726
113.304237821,23.072358396345
113.30424788202,23.072378262448
113.30426791423,23.072417994645
113.30426791423,23.072416747819
113.30426791423,23.072416747819
113.30423791083,23.072807170055
113.30423791083,23.072807170055
113.30423791083,23.072807170055
113.30425803287,23.073136912619
113.30425803287,23.073136912619
113.30425803287,23.073136912619
113.30443859228,23.073134335859
113.30469937037,23.073120703966
113.30593310315,23.073082551284
113.30593310315,23.073082551284
113.30593301332,23.07308230192
113.30592394044,23.073076566549
