113.27460002731,23.126579302901
113.27459643409,23.12658320803
113.27459643409,23.12658320803
113.27467629345,23.126604063077
113.27481597996,23.126655494435
113.27501549361,23.126787520883
113.27524492084,23.126989756232
113.27550435147,23.127012272967
113.27556426845,23.12699291356
113.27558421083,23.126983192312
113.27564412781,23.126893873118
113.27564412781,23.126893623855
113.27564412781,23.126893623855
113.27554414641,23.127212596961
113.27553417521,23.127312468039
113.27553417521,23.127312468039
113.27553417521,23.127312468039
113.27509517331,23.126978207056
113.27481597996,23.126765502636
113.27473630026,23.126694794959
113.27427744581,23.12657008015
113.2737587642,23.126464558535
113.27330997077,23.126339677333
113.27307066218,23.126277028969
113.27224287366,23.126057344018
113.27118574773,23.125804340286
113.27112601042,23.125793621891
113.2710662731,23.125792957184
113.27099656459,23.125832091786
113.27088688149,23.125880698442
113.27088562386,23.125879867559
113.27088562386,23.125879867559
113.27085553063,23.126239390083
113.27073569667,23.126637796733
113.27073560684,23.126637796733
113.27073560684,23.126637796733
113.27016715912,23.126560275783
113.27005756584,23.126538922201
113.26971863517,23.126484416546
113.26964892667,23.12647353203
113.2694196791,23.126440463036
113.26938985536,23.126460071787
113.26934008923,23.126479348183
113.26931026549,23.126488903293
113.26927047056,23.126508345861
113.26924064681,23.126527954602
113.26921082307,23.126557533884
113.26913114337,23.12663638424
113.26913006541,23.126636051889
113.26913006541,23.126636051889
113.26913006541,23.12667601712
113.26912018404,23.126755864459
113.26908011962,23.127375282089
113.26902002298,23.128224348987
113.26899001958,23.128693871757
113.26896001617,23.129073410449
113.26893001277,23.129522989573
113.26892938395,23.129522989573
113.26892938395,23.129522989573
113.26888949919,23.129652354417
113.26884952459,23.130271758519
113.26879957881,23.130911017077
113.26877963643,23.131250751752
113.26874972285,23.131550272553
113.26874972285,23.131590236303
113.26874972285,23.131650223449
113.26872978047,23.131939939378
113.26867983468,23.132909199481
113.26863994992,23.133678637075
113.26863923127,23.133678637075
113.26863923127,23.133678637075
113.26862917025,23.133908445558
113.26860922787,23.13439813736
113.26858937532,23.134797848823
113.26857949396,23.135037708355
113.26855964141,23.1352674314
113.26855964141,23.135297424145
113.26855964141,23.135357409613
113.26854976005,23.135517259953
113.26852990749,23.135806967432
113.26852936851,23.135807050514
113.26852936851,23.135807050514
113.26849945494,23.135876590185
113.26849945494,23.135916552631
113.26842974643,23.136895587268
113.26840989388,23.137065322426
113.26836021758,23.137874614675
113.26835033622,23.13795445527
113.26835033622,23.138024492299
113.26835033622,23.138074506856
113.26835033622,23.138154513493
113.26834045486,23.138404336604
113.2683208718,23.139844112773
113.2683111701,23.140534003439
113.2683111701,23.140614008591
113.2683111701,23.140644000126
113.2683111701,23.140683961135
113.2683111701,23.140834001741
113.2683014684,23.141453852076
113.2682917667,23.142153786813
113.26828197517,23.142443645944
113.26828197517,23.142493658834
113.26828197517,23.142523649944
113.268282065,23.142863687171
113.2682920362,23.142943857072
113.2682920362,23.143043882456
113.2682823345,23.143613793085
113.26828242433,23.143733839545
113.26832239892,23.143884458236
113.26831269722,23.144224325819
113.2682532294,23.144763493088
113.26813393443,23.145371777472
113.26810420051,23.145471385643
113.26790522584,23.146118546164
113.26788537329,23.146178277509
113.26788537329,23.146258279254
113.26785563938,23.146427836271
113.26785581904,23.146717852204
113.26786588006,23.146837978927
113.26797628181,23.148049707542
113.26798634283,23.148229895775
113.26799640385,23.148330083317
113.26812692764,23.149822170904
113.26812531069,23.14982208783
113.26812531069,23.14982208783
113.26816555478,23.150402768786
113.26828619721,23.15182472026
113.2682961684,23.151874895753
113.26829625823,23.15201495506
113.26835626504,23.152255863365
113.26859647193,23.153459484542
113.26878664321,23.154392368579
113.26901696874,23.155545796259
113.26906727385,23.15607661052
113.26907733487,23.15620678014
113.26908730606,23.156256953973
113.26911748913,23.156547446804
113.26911775862,23.156547280666
113.26911775862,23.156547280666
113.26918800611,23.157048352304
113.26927792649,23.157219639953
113.26930810956,23.157500079388
113.26935832484,23.157840825794
113.2694185113,23.158241712568
113.26951858254,23.158633128406
113.26969860296,23.159195745112
113.26969851313,23.159195828179
113.26969851313,23.159195828179
113.26974854875,23.159366531579
113.26990853696,23.159788761963
113.27007858619,23.160361175627
113.27015889471,23.160862315902
113.27014919301,23.161052205456
113.27014928284,23.161152217167
113.2701494625,23.161302234593
113.27010984722,23.161521778061
113.27010966756,23.161521861127
113.27010966756,23.161521861127
113.27010975739,23.161601853605
113.2700900845,23.161761589219
113.27004076753,23.162210974391
113.27000124209,23.16252047612
113.2698930861,23.163919288651
113.26989272678,23.163919371715
113.26989272678,23.163919371715
113.27012260316,23.164492598163
113.27014263538,23.164542851921
113.2701526964,23.164602990277
113.27025276763,23.164984419659
113.27025276763,23.164984419659
113.27025276763,23.164984419659
113.27023300491,23.165164252599
113.27022312355,23.165204123149
113.27022321338,23.165284113402
113.27022330321,23.165354135983
113.27022339304,23.165434126146
113.27021360151,23.165494014908
113.27020380998,23.165593940201
113.27019401845,23.165673847155
113.27018422692,23.165723685149
113.27017434556,23.16576355553
113.27016455403,23.165813393489
113.27012493876,23.165952856612
113.2701150574,23.165992726924
113.27008532348,23.16610237022
113.27005558957,23.166221980985
113.27001588447,23.166351476128
113.269966298,23.166490855622
113.26993656409,23.166570429784
113.26993530646,23.166570512847
113.26993530646,23.166570512847
113.26988554034,23.166699841524
113.26984583524,23.166819285624
113.26980613013,23.166908744034
113.26976642503,23.166978184319
113.26974666231,23.167027938758
113.26966707244,23.167136833635
113.26956754019,23.16726549726
113.26946800794,23.167394160761
113.26937844688,23.167522907198
113.26929885701,23.167621834214
113.26924918072,23.167711125958
113.26917965187,23.167890207637
113.26907032809,23.168138728748
113.26895103312,23.168397133727
113.2689312704,23.168456855025
113.26882194662,23.168705375073
113.26882068899,23.168705375073
113.26882068899,23.168705375073
113.26862171432,23.169122675066
113.26844268203,23.169510154873
113.26839300573,23.169609495708
113.26815432596,23.17008609811
113.26803494116,23.170294413853
113.26796541231,23.170433456954
113.26791573602,23.170522746801
113.26773679356,23.170980159054
113.26762746978,23.171268626147
113.26761758842,23.171308494858
113.26760770706,23.171348363556
113.26754823923,23.171647544534
113.26752847651,23.17173724886
113.26739004763,23.172855391565
113.26724164756,23.173993375714
113.26722197467,23.174193130334
113.26718244923,23.17447262018
113.26718253906,23.174522620976
113.26717274753,23.17460252254
113.26713322209,23.174861994648
113.2671135492,23.175021714262
113.26704437967,23.175570723008
113.26682663042,23.177267652281
113.26675737106,23.17774663572
113.26672772698,23.177986251373
113.26671793545,23.1780961339
113.26670814392,23.178156016932
113.26669835239,23.178235916302
113.26668856086,23.178315815625
113.26665891678,23.178495381285
113.26664912525,23.178565230766
113.266619571,23.17888482697
113.26658004555,23.179234239089
113.26654052011,23.179573683731
113.26639212004,23.180951552599
113.26628324541,23.181900023011
113.26628324541,23.181940054624
113.26627336405,23.181999935916
113.26619404368,23.182538783271
113.26608498939,23.183267153903
113.2660653165,23.183486910093
113.26603576225,23.18383647616
113.26606594531,23.184267016703
113.2660759165,23.184337195343
113.26610591991,23.184557697218
113.26614598433,23.18489837397
113.26617598774,23.185098859585
113.26621605216,23.185379489106
113.26624605557,23.185579973992
113.26626608778,23.185720329842
113.26627605897,23.185750477262
113.26632600476,23.186031271502
113.26637595054,23.186282083953
113.26640595395,23.186442537232
113.26644592854,23.186653152628
113.26649587433,23.18693394495
113.26654582011,23.187224702655
113.26655579131,23.187304845697
113.26657582352,23.187435150705
113.26660582692,23.187685628296
113.26662576931,23.187795918013
113.26669583713,23.188407077512
113.26684585416,23.18966950036
113.26695589658,23.190811243109
113.26701581356,23.191332199411
113.26703584577,23.191552523529
113.26704581696,23.191692706946
113.26705578815,23.191762881645
113.26711570513,23.19236380808
113.26713564751,23.192614110243
113.26710582377,23.192613778057
113.26697628812,23.192611867989
113.26682681008,23.192609708782
113.26682339652,23.192609044411
113.26682339652,23.192609044411
113.26678351175,23.192608463086
113.26671380325,23.192607466528
113.26662415236,23.192606137786
113.26662406252,23.192605971693
113.26662406252,23.192605971693
113.26617535892,23.192259003252
113.26610565042,23.192228026849
113.26580669434,23.192053379591
113.26563727392,23.191950816782
113.26479996336,23.191467483279
113.26461069039,23.191474376192
113.26445133099,23.1915117474
113.26434182755,23.191579929066
113.26434128856,23.191579679925
113.26434128856,23.191579679925
113.26428173091,23.192878778934
113.26422208342,23.193297829692
113.26414249355,23.19398652834
113.26410278845,23.194265893319
113.2640829359,23.194325602939
113.26406308335,23.194405243406
113.26402328841,23.194554558771
113.26401340705,23.194584371997
113.2639935545,23.19463403301
113.26397370195,23.194723721748
113.26390408327,23.194952593845
113.2638244934,23.195231292425
113.26374490354,23.195509990416
113.26359551533,23.195997544399
113.2635457492,23.196186719179
113.26348601189,23.196375727599
113.26342627457,23.196604762924
113.26331677113,23.196962930859
113.26324706262,23.197031774062
113.2632455355,23.197031607975
113.2632455355,23.197031607975
113.26314582359,23.197749933597
113.26327535925,23.198222116382
113.26331524401,23.198352742803
113.26329539146,23.19851243405
113.26324562533,23.19861158702
113.26318588802,23.198720621984
113.26314609308,23.198869932475
113.26311626934,23.198949404119
113.26305653202,23.199068403889
113.26299679471,23.199197368628
113.26293705739,23.199306320067
113.26288729127,23.199405472442
113.26283752514,23.199514589793
113.26274787425,23.199703095203
113.26266819455,23.199851740249
113.26260845724,23.199980704223
113.26254871992,23.200099703065
113.26249895379,23.200198854845
113.26245915886,23.200288207641
113.26232953337,23.200835948927
113.26232809609,23.200836031968
113.26232809609,23.200836031968
113.26210890954,23.200722265393
113.26196949253,23.200679997348
113.26144146855,23.200501043101
113.2613419363,23.200459439318
113.26100327512,23.200313701411
113.2602560646,23.200160738717
113.25991740342,23.2001148997
113.25976801521,23.2001023604
113.25948909135,23.200067565915
113.25931976076,23.200034681381
113.25913057762,23.200011429685
113.25889153853,23.19997729951
113.25867244181,23.199953466511
113.25838363659,23.199888444754
113.25792541095,23.199840363511
113.25759672097,23.199744616183
113.25728797336,23.19972917038
113.25652091029,23.199665560227
113.25648111535,23.199664895891
113.25602288971,23.199686735934
113.2560210931,23.199685075094
113.2560210931,23.199685075094
113.25595120493,23.200323749443
113.25596108629,23.200833872895
113.25596099646,23.200833955936
113.25596099646,23.200833955936
113.25604067616,23.200835367638
113.25604067616,23.200835367638
113.25603205243,23.200830717327
