113.26848256679,23.108007869319
113.26847735662,23.108009614408
113.26847735662,23.108009614408
113.26848732781,23.108009780607
113.2692164824,23.106760457214
113.26941626554,23.106413430085
113.26963599107,23.106056596167
113.26969590805,23.105937512813
113.26986568779,23.105659955943
113.27007553195,23.105282926414
113.27021539812,23.105044924415
113.2702353405,23.105015257236
113.2702753151,23.104965895025
113.27031528969,23.104896505354
113.27032526089,23.104876727213
113.27040503041,23.104897751875
113.27040512025,23.104897003962
113.27040512025,23.104897003962
113.27076408313,23.105001711715
113.27138229698,23.105199659003
113.27187088535,23.105345750893
113.27209025155,23.105418464373
113.2722597618,23.105460513522
113.27243924324,23.105512617883
113.27254892634,23.105533891747
113.27301766216,23.105669346349
113.27398522702,23.105940088937
113.27438425433,23.106044297263
113.27450399846,23.106085515207
113.27455385441,23.106106041073
113.27467359854,23.106147258998
113.27475336807,23.106168034157
113.27491299695,23.106229611708
113.27505268346,23.106280967862
113.27508259703,23.106291272331
113.27513245299,23.10632177023
113.27541173617,23.106444509659
113.27599033475,23.106699960213
113.27651907737,23.10693471834
113.27728739808,23.107311161478
113.27818552393,23.107738128144
113.27826538329,23.107778680765
113.27829529686,23.107788902018
113.27836518503,23.107829371523
113.27845501558,23.107879979163
113.27845501558,23.107880228462
113.27845501558,23.107880228462
113.27855481732,23.107940974224
113.27873447842,23.108042189399
113.27875442081,23.108062299465
113.27912362437,23.108314755332
113.27916350913,23.10835497538
113.27949282793,23.108627042076
113.27967239921,23.10879814299
113.28008148753,23.109190535803
113.28010142992,23.109210645696
113.28015128587,23.109260920414
113.28056028437,23.109763084862
113.28096919304,23.110415073134
113.28126832877,23.110976398733
113.28129824235,23.111036561396
113.2815474323,23.11158758031
113.28185662905,23.112118819875
113.28189651382,23.112199008362
113.28192642739,23.112249115755
113.28200628675,23.112369439898
113.28215594445,23.112600033169
113.28233560555,23.112840680709
113.28247538189,23.11300113986
113.28281476171,23.113352221477
113.28371324688,23.114394658346
113.28376319267,23.11444476491
113.2837632825,23.114444931101
113.2837632825,23.114444931101
113.28377316386,23.114514897449
113.28378313505,23.114554949427
113.28382301981,23.114665050757
113.28385302322,23.11468515982
113.28435221159,23.115316100906
113.28461173205,23.115736477346
113.28499090681,23.1164968742
113.28502082038,23.116546896876
113.28520039165,23.117007071374
113.28528016118,23.117227103686
113.28532004594,23.117327148469
113.28535993071,23.117417138853
113.2853699019,23.117447135634
113.28538984428,23.117507129176
113.28569877155,23.118747211213
113.28590807673,23.119577222124
113.28607740732,23.120407144752
113.28607749715,23.120407144752
113.28607749715,23.120407144752
113.28619697178,23.121067057497
113.28627665148,23.121447033467
113.28629659386,23.121527050136
113.28629659386,23.121547075068
113.28629659386,23.121587041833
113.28630656506,23.121647033503
113.28631653625,23.121707025145
113.28638606509,23.122326964895
113.28639594645,23.122446947539
113.28649529904,23.123476766401
113.28659474146,23.124406620989
113.28659474146,23.124456640683
113.28660471265,23.124486635873
113.28660471265,23.124526601752
113.28661450418,23.124876572719
113.28660444316,23.125086538238
113.28656446857,23.125246567136
113.28653446516,23.125336552148
113.28648451938,23.12545653207
113.2864246024,23.125546516939
113.28629461759,23.125706462194
113.286184665,23.125826441781
113.28606474121,23.125926396991
113.28568475798,23.126196184284
113.28514478654,23.126575647036
113.28483487114,23.12679524804
113.28480495757,23.12681518909
113.28469500497,23.126925030983
113.28458505238,23.127064867392
113.28451507438,23.127184762662
113.28447509978,23.127294687337
113.2844551574,23.127454630484
113.28446512859,23.127594632508
113.28448507097,23.127684699015
113.28451498455,23.127804759899
113.2846048151,23.128074875719
113.28475465246,23.128355127572
113.2850643882,23.12881551037
113.28508433058,23.128845504574
113.28518422215,23.129025635826
113.28523416794,23.129135642061
113.28529408492,23.129305719497
113.28532399849,23.129435749241
113.28537385444,23.12971574896
113.28538382564,23.129855748598
113.28540367819,23.130355757968
113.28542344091,23.131025757597
113.2854334121,23.131115738688
113.28548335789,23.13142572848
113.28554327486,23.131655790122
113.28560319184,23.131775847411
113.28598299541,23.132436035932
113.28605297341,23.132576032698
113.2861029192,23.132736052559
113.2861329226,23.132886019076
113.2861329226,23.132975998905
113.28611298022,23.133115995101
113.28606303443,23.133345970727
113.28601308865,23.133455973378
113.28598317507,23.133505989659
113.28590322588,23.133655955305
113.28576326988,23.133865906924
113.28569338171,23.133985879129
113.28564343593,23.134095881249
113.28559349014,23.134275839204
113.28552351214,23.134665747267
113.28546359517,23.134895720205
113.28538364598,23.135125609661
113.28537376461,23.135165572334
113.28533387985,23.135245497644
113.28522401709,23.135475386494
113.28508415092,23.135705191863
113.28484430335,23.136094846477
113.28481438977,23.136154831584
113.28467452361,23.136374582889
113.28459466425,23.136504439538
113.28459134052,23.136504273375
113.28459134052,23.136504273375
113.28451139133,23.136594167666
113.28438149635,23.136833940867
113.28430163699,23.136993789427
113.28420174542,23.137203569598
113.28419186406,23.137223509083
113.28418198269,23.137263471123
113.28416204031,23.137323455702
113.28416204031,23.137343478249
113.28414209793,23.137383440254
113.28410221317,23.137523348714
113.28407229959,23.137603272603
113.28402244364,23.137783142715
113.28401256228,23.137803082112
113.28386272492,23.138132746375
113.28383281134,23.13819264748
113.28383173338,23.13819273056
113.28383173338,23.13819273056
113.28380172997,23.138222722643
113.28378187742,23.138252714719
113.28375196385,23.138292676449
113.28372205027,23.138332638167
113.28368216551,23.138362547138
113.28365225194,23.138382486447
113.28360239598,23.138392373021
113.28347259083,23.138412063085
113.28342273488,23.138421949656
113.28329292973,23.138441556635
113.28322304156,23.138451360124
113.28317318561,23.13847121634
113.28315333306,23.138481185987
113.28312341948,23.138511094924
113.28310356693,23.138531034212
113.28305371097,23.138600904775
113.28298382281,23.13874072887
113.28290396345,23.138910461665
113.28289408209,23.139070473881
113.28280425153,23.139270198099
113.28271442098,23.139469922017
113.28253475988,23.139899277573
113.28245499035,23.140089031017
113.28232518521,23.140338518166
113.28224532585,23.140408221618
113.28209557832,23.140507667361
113.28204572236,23.140547462253
113.28166618828,23.140735885506
113.28131665761,23.140904286484
113.28125683046,23.140943998179
113.28076752345,23.141191572909
113.28051788435,23.141310292305
113.28022836049,23.14145867063
113.28018847572,23.141478443318
113.27985897726,23.14163654163
113.27967931616,23.141735487981
113.2791601854,23.141992199834
113.27890066494,23.142120472496
113.27876097844,23.142189510386
113.27867123772,23.142228889383
113.27863135295,23.142258631318
113.27856164444,23.142498145039
113.27855176308,23.14253810549
113.27855176308,23.142578149006
113.27855185291,23.142718135061
113.27854790037,23.142717636595
113.27854790037,23.142717636595
113.27872774113,23.142918850715
113.27910736504,23.143261462328
113.27947701776,23.143603906901
113.27968686192,23.143795233505
113.28074605395,23.144781354524
113.28105587952,23.145102943035
113.28112585752,23.145163256371
113.28122583892,23.145273747672
113.28124587114,23.145303821229
113.28127587454,23.145323925646
113.28129590675,23.145353999191
113.28137585594,23.145444385937
113.28141583054,23.145524554277
113.28146586616,23.145684807735
113.28148589837,23.145844894848
113.28146604582,23.145904792467
113.28146604582,23.145934782805
113.28145616446,23.145964773135
113.2814462831,23.146004732541
113.28143640173,23.146044691933
113.28142652037,23.146114641611
113.28146649497,23.146154850198
113.28140675765,23.146304552307
113.2813869051,23.146364449719
113.28125727962,23.146653884264
113.28125629148,23.146654050415
113.28125629148,23.146654050415
113.28115648974,23.146883587177
113.28109666259,23.14692329708
113.28109657276,23.14692329708
113.28109657276,23.14692329708
113.28106665919,23.146983194212
113.28104680664,23.147043091317
113.2810070117,23.147122926389
113.28088735741,23.147312337191
113.28079761669,23.147411860829
113.28060807422,23.147630928873
113.28018892487,23.148118659269
113.28018829606,23.148118659269
113.28018829606,23.148118659269
113.28009846551,23.148308151722
113.28007861296,23.148408006908
113.28006882143,23.148557955695
113.28007888245,23.148638039077
113.28010888585,23.148748195185
113.28020904692,23.149138808339
113.28073976581,23.151081971207
113.28080983364,23.151322382776
113.28090999471,23.151702936616
113.28095005913,23.151823141892
113.28096012015,23.151893171591
113.28095032862,23.152013127478
113.28094071675,23.152383129232
113.28090101165,23.152562979284
113.28086121672,23.152702788649
113.28081145059,23.15281252602
113.28059208439,23.153221402844
113.28054231826,23.153361128443
113.28051258435,23.153540977168
113.28050279282,23.153690920144
113.28049309112,23.153880903051
113.28048338942,23.154130862657
113.28047395721,23.154740931579
113.28046434534,23.155050949186
113.28042553854,23.156270909606
113.28041574701,23.156420849492
113.28033624698,23.156750467437
113.28020680115,23.15706978404
113.28000746716,23.157438691778
113.27977812976,23.157747373978
113.27938925331,23.158285074057
113.27934945837,23.158334831764
113.27902040907,23.158792784534
113.27895070056,23.158912318834
113.27888108188,23.159071891558
113.27884137678,23.159221662138
113.27874229368,23.159931138776
113.27870258858,23.160060889273
113.27858320378,23.160390082825
113.2785135851,23.16057964079
113.27837407825,23.16073863004
113.27826448498,23.160867881347
113.2776062067,23.161432980538
113.2775364982,23.16149245578
113.27742690492,23.161591553434
113.2774233117,23.161591719566
113.2774233117,23.161591719566
113.27737345575,23.161631341993
113.27704440644,23.161898647705
113.27633636203,23.16245261174
113.27617691281,23.162581196852
113.27614708906,23.162630952944
113.27605743817,23.162740183698
113.27602761443,23.162779888848
113.27596796694,23.162929406039
113.27595817541,23.163059319728
113.27598826865,23.163189648614
113.27609831107,23.163450721325
113.27625838912,23.163832237091
113.27648844516,23.164304374827
113.27659848758,23.16452540847
113.27665849439,23.164645934363
113.2766785266,23.164686137325
113.27670853001,23.164746441744
113.27673853341,23.164826681466
113.27676853681,23.164886985821
113.27680860124,23.164987326891
113.27681857243,23.165017395972
113.27692861486,23.165268414384
113.27781928477,23.167396071193
113.27790938481,23.167626817941
113.2781595629,23.1681588297
113.27820959851,23.168269218757
113.27876987166,23.169383486894
113.27879987506,23.169443706112
113.27884991068,23.169534076419
113.27902004974,23.169895307846
113.27905005315,23.169945559553
113.2790493345,23.169945476493
113.2790493345,23.169945476493
113.27908939893,23.170035763396
113.2795897551,23.171059232158
113.27993003323,23.171761419181
113.27996003663,23.171831604455
113.28008014008,23.172082360768
113.28015029774,23.172292832907
113.28019036216,23.172393085305
113.2802504588,23.172533455145
113.28029052323,23.17265372457
113.28034064867,23.172814028261
113.28037083174,23.172994265857
113.280410986,23.173224504495
113.28044170804,23.174004837734
113.28044206737,23.174344877197
113.2804421572,23.174474862741
113.2804421572,23.174504846609
113.28044233686,23.174674865807
113.28044233686,23.174694882709
113.28044269618,23.175114987769
113.28050315214,23.17568542485
113.28054321657,23.175835674976
113.2805733098,23.175955858343
113.28059334201,23.176015991514
113.28073365733,23.176526790138
113.28078369295,23.17667703931
113.28176482223,23.179122115025
113.28178485444,23.179232245773
113.2818949867,23.179522771243
113.28233551572,23.180624735694
113.28276571423,23.181316407215
113.2829958601,23.181687240661
113.28303592453,23.181757337616
113.28310599236,23.181867549224
113.28327604159,23.182148102547
113.28343611963,23.182388623809
113.28343593997,23.182388623809
113.28343593997,23.182388623809
113.28354598239,23.182578980797
113.28369608924,23.182869415864
113.2838362249,23.183229780365
113.28423677933,23.184390846681
113.28431690818,23.184621065486
113.28434691159,23.184701127055
113.28440700822,23.184871299253
113.28455720491,23.185321602568
113.28460724052,23.185481724809
113.28471737278,23.185811934793
113.28524800184,23.187462806245
113.28552827316,23.188303183088
113.28556833759,23.188443203852
113.2860188378,23.189843569429
113.28609887682,23.189973622791
113.28611890903,23.190053598072
113.28619894806,23.190273675177
113.28654919737,23.191233788406
113.28673927882,23.191603763575
113.28691938907,23.191923743508
113.2869894569,23.192053711778
113.28733961639,23.192663522856
113.28737959099,23.192723482339
113.28740959439,23.192773476236
113.28781985052,23.193503036188
113.28795989635,23.193802831427
113.28802996418,23.193922749333
113.28820010324,23.194332495703
113.28876037639,23.195711456477
113.28889045102,23.196171189916
113.28900049345,23.196600942904
113.28930061732,23.197490174216
113.28961071238,23.198139322583
113.29023099234,23.199427312527
113.29029099914,23.199557107336
113.29031103136,23.199607015607
113.29068113323,23.200365602393
113.29071113663,23.200425475341
113.29088118586,23.200704743671
113.29114133514,23.20105359989
113.29147155224,23.201402123024
113.29274247488,23.202775446362
113.29292258513,23.203034364957
113.29297262075,23.203124047996
113.29311266658,23.203383215027
113.29318273441,23.203552781903
113.29318291407,23.203552698863
113.29318291407,23.203552698863
113.2932929565,23.203821995858
113.29337290569,23.204181472861
113.29351277185,23.204980473221
113.293642577,23.205679573814
113.29365254819,23.205739527392
113.29366251938,23.205799480943
113.29376232112,23.206398765847
113.29378226351,23.206488612678
113.29378226351,23.206518589287
113.29396210427,23.207207302084
113.29423186541,23.20830529916
113.29430184341,23.208574752542
113.29437182141,23.208754194073
113.29447171299,23.209143384563
113.29458157575,23.209612537352
113.2947413843,23.210281222509
113.29484118604,23.210740407053
113.29487109962,23.21087019075
113.29491107421,23.211039831052
113.29494098778,23.211199590002
113.29499093357,23.211389158193
113.29513079974,23.211918004678
113.29535052527,23.212686152709
113.29547035922,23.21313511577
113.29571999832,23.21405288219
113.2957399407,23.214112665903
113.2959198713,23.214581053749
113.2960198527,23.214810140552
113.29614983751,23.215108974099
113.29634980031,23.215567145477
113.29664992419,23.216094397632
113.29702011589,23.216660921499
113.29746028559,23.217386613185
113.29754032461,23.217495798717
113.2978505095,23.217922659312
113.29817075541,23.218349352466
113.29840099112,23.218656896161
113.2988514015,23.219282027992
113.29914164401,23.219678826167
113.29951192554,23.22022457739
113.30003240375,23.220958469325
113.30014253601,23.221117136906
113.30017253941,23.2211567415
113.30024260724,23.221255877476
113.30036271069,23.221424425069
113.30036289035,23.221424674154
113.30036289035,23.221424674154
113.30049305482,23.221603101889
113.30082336175,23.222089065084
113.30095352622,23.222247482223
113.30121403482,23.222414201942
113.30159464686,23.222759347622
113.30174484355,23.222937441444
113.3018849792,23.223155637184
113.30221492682,23.224091184692
113.30248522695,23.22446754392
113.30278562031,23.224893468688
113.30308601367,23.225309345951
113.30308601367,23.225309179899
113.30308601367,23.225309179899
113.30462822457,23.227457041815
113.30494873998,23.227892255654
113.30507890444,23.228070342551
113.30513900108,23.228149464531
113.30520906891,23.228268437997
113.30529916896,23.228397042131
113.30533923338,23.228476412987
113.30535926559,23.228516098397
113.305389269,23.228565663631
113.30559956232,23.228862473479
113.30624059313,23.229762612716
113.30725244446,23.231146600102
113.30744279539,23.231403553571
113.30744297505,23.231403553571
113.30744297505,23.231403553571
113.3077836125,23.231868061076
113.30832466191,23.232619239727
113.30839481957,23.232728080576
113.30844494502,23.232787274684
113.30853513489,23.232925753925
113.30883570792,23.233360783688
113.30887577234,23.233420143554
113.30899596562,23.233598139971
113.30909612668,23.233746497809
113.30926644541,23.233973641887
113.30947682856,23.234280069918
113.30959711167,23.234448019741
113.30977749141,23.234704966781
113.30983758805,23.234793964153
113.31022844078,23.235347290684
113.31052910363,23.235772101091
113.31087989193,23.236276027238
113.31127074466,23.236829264534
113.31191222463,23.237708096802
113.31264398429,23.238695261038
113.31304498787,23.239258201191
113.31350617792,23.239890042822
113.31362646103,23.240047940494
113.31411774431,23.240729172975
113.31506024645,23.242032354433
113.31512043292,23.242121263847
113.31512043292,23.242121180832
113.31512043292,23.242121180832
113.31562177723,23.242842249737
113.31581230783,23.243108810131
113.31607299609,23.243494163694
113.31639387081,23.2439684243
113.31720620849,23.245083880516
113.31808879365,23.246318118461
113.31836960395,23.246723136588
113.31884103468,23.247404749651
113.31913190601,23.247879577276
113.31989420806,23.249096107733
113.31995439453,23.249175051083
113.32025532688,23.249709805942
113.32040579305,23.249957177062
113.32067663216,23.250452415971
113.32104772217,23.251115996667
113.32105778319,23.251135835969
113.32258265679,23.253809714831
113.32285358573,23.254275139526
113.32294386544,23.254423640122
113.3230742994,23.254671417434
113.32375656243,23.255870121802
113.32382680992,23.255998948048
113.32386696418,23.256058297726
113.32419807959,23.256652872113
113.32462953573,23.257415862427
113.32465962896,23.257455373119
113.32498077318,23.258030185949
113.3253019174,23.258595035681
113.32532194961,23.258624751441
113.32565315485,23.259209519715
113.32585383631,23.259546351704
113.32642587725,23.260547546091
113.32677711471,23.261172230429
113.32693773173,23.261449793181
113.32752989473,23.262450973108
113.32767038971,23.262708944617
113.32825258151,23.263760497002
113.32825231202,23.263760414
113.32825231202,23.263760414
113.3293957651,23.264154256347
113.3293957651,23.264154256347
113.3293957651,23.264154256347
113.33111107947,23.265351463454
113.33166272888,23.265734510991
113.33181319506,23.265812614371
113.33202375787,23.265880010662
113.3320538511,23.265889638701
113.33280582264,23.26609066535
113.33307657193,23.266297584698
113.33331722797,23.266524838705
113.33334732121,23.266574472654
113.33337741444,23.266624106585
113.33346769414,23.266763131291
113.33376880615,23.267569886692
113.3339092113,23.2677783807
113.33410980292,23.268006213146
113.33435045897,23.268193707748
113.33459102518,23.268311234109
113.33499193893,23.268467105774
113.33516234749,23.268535413692
113.33544306796,23.268752704017
113.3355934443,23.268881268673
113.33595438346,23.269217909941
113.33695689241,23.270199111413
113.33701707887,23.2702685804
113.33770868429,23.270912971975
113.3377287165,23.270922848638
113.33793909965,23.271041202535
113.33797916408,23.271070915488
113.33828970829,23.27120860755
113.33917121549,23.271522418757
113.33975223949,23.271908768212
113.33992264805,23.272127795896
113.34038338894,23.272395127032
113.34070390435,23.272593404882
113.34080406541,23.272652913077
113.34090422648,23.272682376679
113.34121477069,23.272970870637
113.34160535393,23.273269074459
113.34175555061,23.273368420252
113.3418957761,23.273447847036
113.34196584393,23.273497561372
113.34221620167,23.273686542076
113.34235642716,23.273825974305
113.34246664925,23.273975614802
113.34271718666,23.274374738289
113.34281734772,23.274514418774
113.34285741215,23.274584300459
113.34319813943,23.275113308588
113.34342855479,23.275472674367
113.34373918883,23.275961924815
113.34393969062,23.276371499492
113.34405997373,23.276621227378
113.34413013139,23.276761071467
113.34430053995,23.277110805532
113.3445711994,23.277680387047
113.34464135706,23.277820313004
113.34492171821,23.278129875834
113.34521196072,23.278339515021
113.34586242374,23.27871895612
113.34626288833,23.279138813228
113.34638299178,23.279268778608
113.34644308842,23.279328781739
113.34752410927,23.280429415219
113.34793436539,23.280789928363
113.34872469458,23.281401321209
113.34965497977,23.282123752018
113.349755051,23.282214045217
113.35011509185,23.282515215741
113.35073528197,23.283127596449
113.35088538882,23.28333822355
113.35112568555,23.283839312202
113.35125576019,23.284029937841
113.35143578061,23.284190770229
113.35242553362,23.284975841913
113.35242589294,23.284975675936
113.35242589294,23.284975675936
113.35276644056,23.285917755778
113.35309692716,23.286749870904
113.35382778852,23.288484789542
113.35383784954,23.288534830145
113.35403817167,23.289106270904
113.35438833116,23.289768827052
113.3548283212,23.290402169189
113.35486829579,23.290452458018
113.35486820596,23.290452541003
113.35486820596,23.290452541003
113.35563796395,23.291478810633
113.35588787255,23.291800954912
113.35612772012,23.292113057363
113.35692712219,23.293020316145
113.35712681551,23.293102220568
113.35736648342,23.293224537716
113.35756617673,23.293336481872
113.35791561757,23.293539956106
113.35797553455,23.293570576793
113.35850472633,23.293866078508
113.35884428581,23.294139755157
113.35916381308,23.294413265272
113.35918375546,23.294423472101
113.35921375887,23.294453843636
113.35927367584,23.294514503702
113.35941345218,23.294666112254
113.35966318111,23.294978954747
113.36070162228,23.29607124221
113.360931319,23.296414120519
113.36112104112,23.296626468955
113.36119092929,23.296697334672
113.36187966013,23.297346160815
113.36225892471,23.297701150922
113.36228892812,23.297791516414
113.36294765555,23.298410381444
113.36294774538,23.298410132505
113.36294774538,23.298410132505
113.36354556769,23.297878230716
113.36406362048,23.297315458026
113.36451169527,23.296641820431
113.36451169527,23.29664173745
113.36451169527,23.29664173745
113.36397262213,23.295883870288
113.36404242047,23.295844951994
113.36404242047,23.295844869013
113.36404242047,23.295844869013
113.3645514902,23.29656224168
113.36462137837,23.296683310898
113.3646214682,23.296683310898
113.3646214682,23.296683310898
113.36481101067,23.296806039621
113.3665565081,23.297832425656
113.36677587431,23.297965857742
113.36677587431,23.297965940722
113.36677587431,23.297965940722
113.36734369322,23.297564814255
113.36748320007,23.297477103982
113.36748311024,23.297476938021
113.36748311024,23.297476938021
113.36686444723,23.296667129617
113.36686444723,23.296667129617
113.36628108763,23.296667046637
