113.28349325186,23.114140469035
113.28349370101,23.114134236862
113.28349370101,23.114134236862
113.28371333671,23.114394741442
113.2837632825,23.114444848006
113.2837632825,23.114444931101
113.2837632825,23.114444931101
113.28377316386,23.114514897449
113.28378313505,23.114554949427
113.28382301981,23.114665050757
113.28385302322,23.11468515982
113.28435221159,23.115316100906
113.28461173205,23.115736477346
113.28499090681,23.1164968742
113.28502082038,23.116546896876
113.28520039165,23.117007071374
113.28528016118,23.117227103686
113.28532004594,23.117327148469
113.28535993071,23.117417138853
113.2853699019,23.117447135634
113.28538984428,23.117507129176
113.28569877155,23.118747211213
113.28590807673,23.119577222124
113.28607740732,23.120407144752
113.28607749715,23.120407144752
113.28607749715,23.120407144752
113.28619697178,23.121067057497
113.28627665148,23.121447033467
113.28629659386,23.121527050136
113.28629659386,23.121547075068
113.28629659386,23.121587041833
113.28630656506,23.121647033503
113.28631653625,23.121707025145
113.28638606509,23.122326964895
113.28639594645,23.122446947539
113.28649529904,23.123476766401
113.28659474146,23.124406620989
113.28659474146,23.124456640683
113.28660471265,23.124486635873
113.28660471265,23.124526601752
113.28661450418,23.124876572719
113.28660444316,23.125086538238
113.28656446857,23.125246567136
113.28653446516,23.125336552148
113.28648451938,23.12545653207
113.2864246024,23.125546516939
113.28629461759,23.125706462194
113.286184665,23.125826441781
113.28606474121,23.125926396991
113.28568475798,23.126196184284
113.28514478654,23.126575647036
113.28483487114,23.12679524804
113.28480495757,23.12681518909
113.28469500497,23.126925030983
113.28458505238,23.127064867392
113.28451507438,23.127184762662
113.28447509978,23.127294687337
113.2844551574,23.127454630484
113.28446512859,23.127594632508
113.28448507097,23.127684699015
113.28451498455,23.127804759899
113.2846048151,23.128074875719
113.28475465246,23.128355127572
113.2850643882,23.12881551037
113.28508433058,23.128845504574
113.28518422215,23.129025635826
113.28523416794,23.129135642061
113.28529408492,23.129305719497
113.28532399849,23.129435749241
113.28537385444,23.12971574896
113.28538382564,23.129855748598
113.28540367819,23.130355757968
113.28542344091,23.131025757597
113.2854334121,23.131115738688
113.28548335789,23.13142572848
113.28554327486,23.131655790122
113.28560319184,23.131775847411
113.28598299541,23.132436035932
113.28605297341,23.132576032698
113.2861029192,23.132736052559
113.2861329226,23.132886019076
113.2861329226,23.132975998905
113.28611298022,23.133115995101
113.28606303443,23.133345970727
113.28601308865,23.133455973378
113.28598317507,23.133505989659
113.28590322588,23.133655955305
113.28576326988,23.133865906924
113.28569338171,23.133985879129
113.28564343593,23.134095881249
113.28559349014,23.134275839204
113.28552351214,23.134665747267
113.28546359517,23.134895720205
113.28538364598,23.135125609661
113.28537376461,23.135165572334
113.28533387985,23.135245497644
113.28522401709,23.135475386494
113.28508415092,23.135705191863
113.28484430335,23.136094846477
113.28481438977,23.136154831584
113.28467452361,23.136374582889
113.28459466425,23.136504439538
113.28459134052,23.136504273375
113.28459134052,23.136504273375
113.2845713083,23.136544235632
113.28448138792,23.136714054321
113.28446144554,23.136754016515
113.28441158958,23.136843910637
113.28436173363,23.136953827305
113.28429184546,23.137083683387
113.28425196069,23.13716360754
113.28424207933,23.137203569598
113.28424207933,23.137243531645
113.28426211155,23.137293546497
113.28428214376,23.137333591598
113.28433208955,23.137363666956
113.28436209295,23.137363750037
113.28445210316,23.137363916199
113.28531187136,23.137375132145
113.28553186638,23.137405373656
113.28553114774,23.137405456737
113.28553114774,23.137405456737
113.28599108016,23.137405789062
113.28654102279,23.137405872143
113.28757110972,23.137415260302
113.28910164265,23.137432541161
113.28910173248,23.13743245808
113.28910173248,23.13743245808
113.2892117749,23.137432208837
113.28965203443,23.137441015428
113.2898921515,23.137440350779
113.29041253988,23.137438606078
113.29041253988,23.137438439916
113.29041253988,23.137438439916
113.29065274677,23.137417503491
113.29075281801,23.137397231712
113.29093292826,23.137356605063
113.29120313856,23.137265548152
113.29124320298,23.137285404546
113.2912632352,23.137295291201
113.29127320639,23.137325283486
113.29128317758,23.137355275765
113.29128317758,23.137395237766
113.29128326741,23.137394905442
113.29128326741,23.137394905442
113.29097299269,23.137496264309
113.29077294005,23.137547109875
113.29069299086,23.137557411916
113.29066307729,23.137557494997
113.29042296022,23.137578431399
113.29001279393,23.137579843776
113.28989278031,23.13758025918
113.28960271746,23.137581173071
113.28921258338,23.137582253123
113.28910263079,23.137592555161
113.28778221152,23.137605017302
113.28778122338,23.137605017302
113.28778122338,23.137605017302
113.28772121657,23.137635092599
113.28767127079,23.137665167888
113.287621325,23.137715265662
113.28764135721,23.138405250489
113.28766138943,23.138855213374
113.28766129959,23.138855130293
113.28766129959,23.138855130293
113.2886016458,23.139173659226
113.28869165601,23.139193432254
113.28914188674,23.139302350015
113.28961214967,23.139311073402
113.2896122395,23.139311156481
113.2896122395,23.139311156481
113.28961205984,23.138331142719
113.28961205984,23.138171212691
113.28962203103,23.137831246506
113.28961214967,23.13782135989
113.28961205984,23.137821110648
113.28961969544,23.137828920243
