113.29249427307,23.127817306047
113.292496429,23.12781921705
113.292496429,23.12781921705
113.292496429,23.127749340805
113.29247657645,23.127609588205
113.29238683573,23.127020249374
113.29234704079,23.126780541515
113.29230715603,23.126630817357
113.29230679671,23.12663031883
113.29230679671,23.12663031883
113.29211662543,23.126511337025
113.2913461488,23.126065237394
113.29097604693,23.125876959469
113.29083609093,23.125817634419
113.29069613493,23.125758309342
113.29043607548,23.125649380455
113.29008600583,23.125510705793
113.28969596157,23.125292099726
113.28964601579,23.125262353985
113.28960613102,23.125232525148
113.289316158,23.125033444495
113.28865635261,23.124365159468
113.28853651865,23.124225486392
113.2884466881,23.124085730079
113.28831688296,23.123876095334
113.28832694398,23.123756197073
113.28832550669,23.123755033818
113.28832550669,23.123755033818
113.28858574579,23.123474522977
113.28861583903,23.123404561353
113.28861583903,23.123344653568
113.28861592886,23.123274774966
113.28858610512,23.123174900848
113.28853615933,23.123135100742
113.28853597967,23.123134685292
113.28853597967,23.123134685292
113.28845594065,23.123074860475
113.28714639088,23.122066808251
113.28696655011,23.121946991445
113.28684671616,23.121857170315
113.2867968602,23.121817286723
113.28642711766,23.121567432361
113.2862772803,23.121447532014
113.28613741413,23.121367598388
113.28609752936,23.121307689683
113.28600769881,23.121177735062
113.28599781745,23.121167847205
113.28596799371,23.121007979569
113.28594814116,23.120888078716
113.28595847167,23.120428250045
113.28578923091,23.119598410642
113.28558998675,23.118788508305
113.28535094765,23.117778512365
113.2853310951,23.117678634109
113.28529130017,23.117548675934
113.28527144762,23.117488765505
113.28523165268,23.117388803937
113.28522177132,23.117358890237
113.28522015437,23.117356979083
113.28522015437,23.117356979083
113.28517020859,23.117296985474
113.28502064072,23.116936940152
113.28497078476,23.116846949443
113.2849309,23.116797009974
113.28491104745,23.116757041766
113.28489119489,23.116747070486
113.28487134234,23.116727127923
113.28484142877,23.116707185358
113.284801544,23.116697214074
113.28476165924,23.116687242789
113.28471180328,23.116677271503
113.28465188631,23.116687159695
113.28455199473,23.116726961735
113.28389218934,23.11696560754
113.28389093171,23.116964776601
113.28389093171,23.116964776601
113.28319106189,23.117232837152
113.28310114151,23.117322578319
113.28301122112,23.117372268309
113.28245139713,23.117690267188
113.28201158675,23.117938550079
113.28166187642,23.118007018907
113.28060277422,23.118271836723
113.28031316053,23.118350276539
113.27995356883,23.118438188906
113.27966395513,23.118506408197
113.27966332632,23.118506408197
113.27966332632,23.118506408197
113.27966305683,23.11882631549
113.27965308564,23.118886225315
113.27965299581,23.118886225315
113.27965299581,23.118886225315
113.27856442919,23.118938989148
113.27795546788,23.118924531029
113.27780581019,23.118903425496
113.27729674045,23.118859469474
113.27649832652,23.118772720686
113.27579980415,23.118646419666
113.27517125979,23.118510479749
113.27472237653,23.118386089618
113.27387455578,23.118037264834
113.27384473204,23.11802704437
113.27379496592,23.118006603441
113.27350580137,23.11788354233
113.2713020783,23.116927467449
113.27106285954,23.116834485351
113.27102306461,23.116814044238
113.27093341372,23.116772995813
113.27088364759,23.116752471596
113.2706046339,23.116618939468
113.27011622519,23.116392590986
113.26932886041,23.116021907121
113.26927909429,23.116001299693
113.26563188409,23.114277161288
113.26553235184,23.114235696601
113.26447630388,23.113778836328
113.26379898153,23.113477862768
113.26336069827,23.113290730326
113.2632811084,23.113259486163
113.26216550279,23.112810765984
113.26196634846,23.112727420198
113.2609005988,23.112299223129
113.26078112417,23.112257259243
113.25823137381,23.111232588444
113.25815178394,23.111201260698
113.25817181615,23.111131708091
113.25816876191,23.111128799678
113.25816876191,23.111128799678
113.25834842302,23.110802059816
113.25840825016,23.110733254879
113.25840825016,23.110733171782
113.25840825016,23.110733171782
113.25838848744,23.110582847829
113.25843870272,23.110203921025
113.25848873834,23.109974902459
113.25858880957,23.109556834528
113.25869903166,23.108948967557
113.25869903166,23.108948635161
113.25869903166,23.108948635161
113.25872921472,23.10868920018
113.25868950962,23.108608594077
113.25865977571,23.108548181017
113.25864001299,23.108517932927
113.25860030788,23.108467325531
113.25850077563,23.108455608545
113.25842118576,23.108424280144
113.2583316247,23.108422784358
113.25848146206,23.108065623443
113.25851146547,23.107976291514
113.25862150789,23.107568438559
113.25878158593,23.106941449452
113.258811769,23.106662149573
113.25882183002,23.106592428387
113.25883189104,23.106522707164
113.25887213513,23.106173601899
113.25888219615,23.106113852536
113.25891228939,23.10595446537
113.2589323216,23.105864882718
113.25893133346,23.105863303803
113.25893133346,23.105863303803
113.25891148091,23.105822999899
113.25887177581,23.105752364163
113.25880215713,23.105681229783
113.25868277233,23.105629208589
113.25862312484,23.105608267144
113.25853356378,23.105606771327
113.25823478737,23.105531564919
113.2580755178,23.105508795235
113.25802575168,23.105507964225
113.2580249432,23.105507299417
113.2580249432,23.105507299417
113.25796520589,23.105486274851
113.2579055584,23.105455278154
113.25783593972,23.105414143116
113.25706923597,23.10501060356
113.25650168655,23.104730634808
113.25630262205,23.104627173365
113.25570524889,23.104276650384
113.25538670975,23.104091083908
113.25355479533,23.102688897669
113.25333578844,23.102555185187
113.25240972529,23.101999142589
113.25171264022,23.101647199912
113.2511051162,23.101346863676
113.25072666009,23.101160545172
113.25072549229,23.101159381719
113.25072549229,23.101159381719
113.24992851564,23.100875997585
113.24884264394,23.100538096533
113.24869325574,23.100495713409
113.24843427426,23.100421584461
113.24835468439,23.100400392882
113.24819532499,23.10035792661
113.24808582155,23.100326263882
113.24774707054,23.100240915754
113.24751800264,23.10017734092
113.24559464071,23.099667827004
113.2451462066,23.099551231064
113.24514521847,23.099550316912
113.24514521847,23.099550316912
113.24492594209,23.099477101589
113.24482632001,23.09944577107
113.24458719108,23.09937238948
113.24426829263,23.099257870904
113.2442185265,23.09924723347
113.24389962805,23.0991428536
113.24314208701,23.098922458891
113.24291283944,23.098859465162
113.24255396639,23.098754752566
113.24233469002,23.098681952332
113.24197581697,23.098547404762
113.24161694392,23.098392911738
113.24145749469,23.098310969695
113.24110859283,23.098136780358
113.24081951811,23.097993339921
113.24072986722,23.097952368783
113.2406801011,23.097921868962
113.24054059425,23.097850314858
113.24015180763,23.097635818528
113.24007212793,23.097595013492
113.23994259228,23.097533598149
113.23836687458,23.096776583147
113.23789813877,23.096551946073
113.23779851669,23.096501084796
113.23757915048,23.096389056947
113.23672126872,23.095971195561
113.23615264133,23.095656302729
113.23550415458,23.095321047836
113.23540444267,23.095270352302
113.23537470876,23.09517020779
113.23537228333,23.095167880779
113.23537228333,23.095167880779
113.23518301036,23.094666409105
113.2348643814,23.093744241471
113.23451574903,23.092761896519
113.23402760982,23.091388762241
113.23365894524,23.090396509725
113.23325030606,23.089254151035
113.23322048232,23.089184088265
113.233160745,23.089013793194
113.23281193297,23.088011965063
113.23271231089,23.087731544919
113.23258277524,23.087330943686
113.23253300911,23.087190732969
113.23238344124,23.086850054387
113.23232370393,23.086689812975
113.232014597,23.085808398646
113.23191497492,23.085408040957
113.23175552569,23.084827407961
113.23169587821,23.084347257631
113.23164611208,23.084207126881
113.23159625612,23.084136978336
113.23154640017,23.084086860336
113.23146654081,23.084036576088
113.2314647442,23.084034996913
113.2314647442,23.084034996913
113.2295061687,23.084027932182
113.22868664458,23.084035994287
113.22861675641,23.084035911172
113.22826695624,23.084035412485
113.22818709688,23.084035412485
113.22808720531,23.084045303108
113.22802728833,23.084075224313
113.22793736795,23.084115119243
113.22752720166,23.084794661049
113.22752657284,23.084794328593
113.22752657284,23.084794328593
113.22793673914,23.084114786786
113.22797680356,23.084024940061
113.22805684259,23.083975154477
113.22818682739,23.083955456336
113.22825680539,23.083955539451
113.22876659377,23.083956453711
113.22951622972,23.083958199116
113.22969616031,23.083948807174
113.22969607048,23.083948474716
113.22970271794,23.083956703054
