113.22141135809,23.117281446958
113.22140560893,23.117290337981
113.22140560893,23.117290337981
113.22140560893,23.117280449834
113.22140560893,23.11728036674
113.22140560893,23.11728036674
113.22154592425,23.117089749721
113.22154592425,23.117089749721
113.22154592425,23.117089749721
113.22133590042,23.116940762471
113.22107584098,23.116772164873
113.22107575115,23.116772081779
113.22107575115,23.116772081779
113.22085530698,23.117053105355
113.22027410331,23.117816153652
113.22017394225,23.117936722027
113.21994352688,23.118178024636
113.21986348786,23.118248487574
113.2196030691,23.118480067744
113.21931264692,23.118681900293
113.21867152628,23.119086229211
113.21846123296,23.119227735732
113.21825093964,23.119359271018
113.21825004134,23.119359354111
113.21825004134,23.119359354111
113.21810972602,23.119520387025
113.21804962938,23.119670783946
113.21801953614,23.119821014512
113.21802950733,23.119930945289
113.21805933108,23.120280679104
113.21804927006,23.120450767894
113.21829926848,23.120928793502
113.21839924988,23.121108021501
113.21840922107,23.121127963406
113.21852923469,23.121357045817
113.2186592195,23.121606069665
113.21880923652,23.121885005732
113.21925937741,23.122561861561
113.21965948268,23.12316916764
113.2198094997,23.123398246526
113.22163997684,23.126128135123
113.22225010594,23.126955441052
113.22272018921,23.127583581909
113.22330040474,23.128051611382
113.22348042517,23.128171090327
113.22370051002,23.128330450809
113.22370042019,23.128330450809
113.22370042019,23.128330450809
113.22517067681,23.129307464306
113.22572070928,23.129636900435
113.2259707077,23.129796757671
113.22652065033,23.130146548561
113.22671064195,23.130266524131
113.22735050496,23.130626782531
113.22767039156,23.130757060235
113.22783037977,23.130817213928
113.22801031036,23.130877450679
113.22818026976,23.130917663887
113.22839020376,23.130968013466
113.22871009035,23.130998588779
113.22921987873,23.131049769177
113.22956967889,23.131040795992
113.23021924361,23.131032902912
113.2302691894,23.131033069082
113.23285675842,23.130995099205
113.23421499635,23.130933865487
113.23421490652,23.130933450061
113.23421490652,23.130933450061
113.23471418472,23.130877035253
113.23485396106,23.130858174922
113.23568264789,23.130764787161
113.23605203111,23.130697986624
113.23619180745,23.13062927509
113.2363216126,23.130570450678
113.23639150077,23.130571032275
113.23640147196,23.130541204632
113.23647136013,23.130481881668
113.23649130251,23.130462107341
113.2365312771,23.130442582267
113.23656119068,23.130422974105
113.23660116527,23.130403449025
113.23662110765,23.130403615196
113.23665102123,23.130393977284
113.23669090599,23.130394309625
113.23672081957,23.130394558882
113.23676070433,23.130394891224
113.23681065012,23.130405359991
113.23684056369,23.130415662586
113.23687047726,23.130425965181
113.23690039084,23.130446238026
113.23693030441,23.130456540618
113.23695024679,23.130466760124
113.23698016037,23.130487032963
113.23702004513,23.130527412461
113.23703998751,23.130547602205
113.23706990109,23.13062786264
113.23707987228,23.130667992839
113.23707987228,23.130688016391
113.23707987228,23.130727980402
113.23708984347,23.130868062056
113.23708984347,23.130918079313
113.23708984347,23.130948073041
113.23708984347,23.131138088552
113.23708984347,23.131228069567
113.23708984347,23.131398061235
113.23708984347,23.131558082518
113.23708984347,23.131618069678
113.23707996211,23.131657950323
113.23707008075,23.131717854353
113.23706019939,23.131757734969
113.23705031803,23.131787645422
113.23702049428,23.131847383225
113.23692078237,23.131916426465
113.23690092982,23.131926230436
113.23690021118,23.131925150338
113.23690021118,23.131925150338
113.23688017896,23.132264965499
113.23685017556,23.133144658992
113.2368402942,23.133344558305
113.2368402942,23.133554593501
113.2368402942,23.133744605277
113.2368402942,23.134144567959
113.2368402942,23.13451453652
113.2368402942,23.134654531091
113.2368402942,23.134734539792
113.2368402942,23.135294516261
113.23683993488,23.135294516261
113.23683993488,23.135294516261
113.23681999249,23.136634379141
113.23682996369,23.136774454556
113.23682008232,23.136864348664
113.23683014335,23.13744442175
113.23683014335,23.137784388928
113.23683014335,23.137884418205
113.23683014335,23.138224467335
113.23683014335,23.138384480378
113.23684011454,23.138524553943
113.23687011794,23.138724860546
113.23690012135,23.138855130293
113.23693012475,23.138965377614
113.23703001632,23.139216279237
113.2370899333,23.139316805912
113.23725962321,23.139578424152
113.23732951138,23.139679116713
113.23741934193,23.139779975356
113.23760897422,23.139991828104
113.23762891661,23.140021985939
113.23796829643,23.140395344344
113.23800827102,23.140445773403
113.23813807617,23.140587090976
113.23827785251,23.140728491477
113.23866717811,23.141142556472
113.238896785,23.14138497996
113.23892669858,23.14142527306
113.23927604959,23.141789073506
113.23927586993,23.141789322741
113.23927586993,23.141789322741
113.23931584452,23.141899733777
113.2393457581,23.141970101034
113.23957527515,23.142212689164
113.23963519213,23.142273336127
113.23963528196,23.142273336127
113.23963528196,23.142273336127
113.23968513792,23.142323930628
113.23977496847,23.142414984063
113.24041366369,23.143102452101
113.24104238771,23.14378011348
113.24104247754,23.143780030403
113.24104247754,23.143780030403
113.24111227588,23.143830956636
113.24116213184,23.1438715813
113.24123202,23.143962467519
113.24129193698,23.144023196758
113.24138176753,23.144114332104
113.24141168111,23.14414473823
113.24140179975,23.144174645889
113.24139191839,23.144194501248
113.24138203702,23.144214356604
113.24138176753,23.144214273527
113.24138176753,23.144214273527
113.24126211324,23.144272842655
113.24112260639,23.144311141036
113.24107284027,23.144350519403
113.24102307414,23.144399950036
113.24102271482,23.14439986696
113.24102271482,23.14439986696
113.24096288767,23.144419140748
113.24086326559,23.144467906743
113.24024496191,23.144720542555
113.23999568213,23.144827628093
113.23982617188,23.144905719897
113.23969663623,23.144974257878
113.23958704296,23.145023023669
113.23906845118,23.145337300898
113.23872943069,23.145553713941
113.23850009329,23.145711308936
113.23801141509,23.146056322524
113.23787181842,23.146174954486
113.2376624234,23.146352902231
113.23738323005,23.146600217631
113.23675486534,23.147144442806
113.23650549573,23.147352213115
113.2360266989,23.147778137078
113.23597693277,23.147827732582
113.23565776483,23.14810511815
113.23561796989,23.148134775692
113.23435082014,23.149365267075
113.23419128108,23.149524186713
113.23382216735,23.149881734432
113.23370251305,23.150000944482
113.23366271812,23.15004065345
113.23277456346,23.150995409644
113.23272479734,23.15105513879
113.23207622076,23.151831781382
113.23202645463,23.151901561861
113.23186682574,23.15210076831
113.23170728669,23.152319994744
113.23163748835,23.152399660494
113.23113847964,23.15299752591
113.23086907781,23.153326487806
113.23074942352,23.15347601567
113.23064971161,23.15359563784
113.23061988787,23.153635511873
113.23061629464,23.153635594944
113.23061629464,23.153635594944
113.23054649631,23.153715342973
113.23010740457,23.154293930102
113.23004766726,23.154403749226
113.22997795875,23.154543556647
113.22993816381,23.15462347027
113.22985839429,23.154773245881
113.22959887382,23.155082515783
113.22951910429,23.155142326156
113.22945927715,23.155192168113
113.22916984311,23.155571464791
113.2290701312,23.15570121956
113.22906905323,23.155701302629
113.22906905323,23.155701302629
113.22906914306,23.155741259097
113.2290992363,23.155891365722
113.2290992363,23.155891365722
113.2290992363,23.155891365722
113.22856007333,23.156590393502
113.22849027499,23.156680274169
113.22825069691,23.156979903638
113.22798120526,23.15732953972
113.22769150174,23.157449241478
113.22766167799,23.157489197419
113.22762179323,23.157529153348
113.22690269967,23.15829886334
113.22687278609,23.158338902093
113.22683290133,23.158388908983
113.22663311818,23.158468903354
113.22663221988,23.158468903354
113.22663221988,23.158468903354
113.22650241473,23.158658879407
113.22659260461,23.158878925663
113.22660320461,23.159539062237
113.22664335887,23.159709100658
113.22685356236,23.159959215398
113.22691365899,23.160079247047
113.22689389627,23.160269303857
113.22686416236,23.160489347437
113.22702522854,23.161569624035
113.22703528956,23.161619629705
113.22702576752,23.161999738631
113.22653717916,23.16324987065
113.22653699949,23.16324987065
113.22653699949,23.16324987065
113.22673705213,23.163329862084
113.22694716579,23.163419904306
113.22695722681,23.163479960108
113.22696728783,23.163579969985
113.22699738107,23.163629974896
113.22732750834,23.163830160479
113.22738751515,23.16385017902
113.22763769324,23.164080433563
113.22766769664,23.16411050285
113.22776776787,23.164210595316
113.22797806119,23.164510872259
113.22797815102,23.164511038387
113.22798695442,23.164503479557
