113.28329562465,23.096946868268
113.28325088903,23.096966980015
113.28325088903,23.096966980015
113.28305128555,23.096806501486
113.28298148721,23.096746332376
113.28288168547,23.096676107344
113.28255227684,23.096405096548
113.28235267335,23.096244451127
113.28220301566,23.096123946157
113.28216313089,23.09609386145
113.28187369686,23.09585276802
113.28179392733,23.095792515371
113.2817141578,23.095732262694
113.28127497623,23.095370413632
113.28105543037,23.09519946163
113.28032681477,23.09461579643
113.28019718928,23.094495123766
113.28010744856,23.094424731328
113.27999776546,23.094334226711
113.279808223,23.094173163244
113.27963862292,23.094032211774
113.27892015817,23.093437654219
113.2787405869,23.093276506557
113.27871076316,23.093256394251
113.27823178666,23.092933100985
113.27812210356,23.092862375283
113.27786267293,23.092730481307
113.27761321349,23.092628589589
113.27739366762,23.092566922622
113.27731389809,23.092546394663
113.2769746081,23.092473674135
113.27511834959,23.092226673371
113.27479909182,23.09218353961
113.2747093511,23.092162679154
113.27427043902,23.092058210607
113.27418078813,23.092027376995
113.27408116605,23.091986404017
113.27392162699,23.091924736752
113.27382200491,23.091873707484
113.27359266752,23.091761260184
113.27358934379,23.091758268237
113.27358934379,23.091758268237
113.27349960307,23.091697265744
113.27342989456,23.091646568827
113.2724826314,23.091035794129
113.27186450738,23.090658390642
113.27182471244,23.090637945499
113.27072806108,23.090024174177
113.27070820852,23.090014034668
113.27068835597,23.090003895158
113.27066850342,23.089993755647
113.27066850342,23.089993755647
113.27063867968,23.089973476622
113.2705390576,23.089922280384
113.26976148435,23.089551938172
113.26959206393,23.089469741342
113.26901400433,23.08918176115
113.26877487541,23.089068480459
113.26814695986,23.088769528678
113.2678280614,23.088604967777
113.26739956967,23.088398684582
113.26658238115,23.088086350272
113.26606423853,23.087908407486
113.26530687716,23.087696554693
113.26403137316,23.087325956941
113.26330410502,23.087063986343
113.26298538623,23.086928762104
113.25985712712,23.085644997667
113.25734672254,23.084610646524
113.25704794613,23.084485393493
113.25698829864,23.084464448715
113.25677917312,23.08437077897
113.25652028147,23.084246273742
113.25631115595,23.084142630115
113.25622159489,23.084101156019
113.25620174234,23.084090849829
113.25618188979,23.084080543638
113.25615206605,23.084070071217
113.2560525338,23.084008400278
113.25590323542,23.083915810702
113.25590018118,23.083912652349
113.25590018118,23.083912652349
113.25578061672,23.083900517624
113.25565117089,23.083918221024
113.25558146239,23.083946978654
113.2554918115,23.084015381895
113.25543207418,23.08406433632
113.25536236567,23.084133071958
113.25530262836,23.08420197379
113.25525286223,23.084281098647
113.25519312491,23.084400035188
113.25511344522,23.084618625479
113.2550137333,23.084916838573
113.25494393497,23.085145567896
113.25491411122,23.085285032747
113.25490422986,23.085364821869
113.25490422986,23.085434803539
113.25492408241,23.085505117626
113.2549440248,23.085555484431
113.25500376211,23.085636520093
113.25506349943,23.085687551757
113.25512323675,23.085728609791
113.25512215878,23.085728609791
113.25512215878,23.085728609791
113.25519186729,23.085749886824
113.25530146056,23.085781802366
113.25542102502,23.085803910525
113.25554058949,23.085806071472
113.25562026918,23.08578753719
113.25567012514,23.085758530617
113.2557199811,23.085689546479
113.25576983705,23.085600531954
113.25579975062,23.085501128175
113.25584960658,23.085362079119
113.25590952356,23.085113236631
113.25599935411,23.084754932551
113.2560492999,23.084545900612
113.25607921347,23.08439654439
113.25610912704,23.084247188
113.25611909823,23.084197485614
113.25614901181,23.084138141937
113.25614919147,23.08413706145
113.25614919147,23.08413706145
113.25614919147,23.084067079097
113.25615916266,23.08400731979
113.25616913385,23.083957617314
113.25622914066,23.0834688199
113.25627908644,23.083109846466
113.25627908644,23.083109430891
113.25627908644,23.083109430891
113.25628914747,23.083059644964
113.25647886959,23.081713173759
113.25647886959,23.081693225935
113.25651884419,23.081414039199
113.25670847648,23.080097556543
113.25673839005,23.079838148327
113.25676830363,23.079728766179
113.25686801554,23.079370613818
113.25692784268,23.079231807701
113.25708729191,23.078854786282
113.25761549555,23.077644337492
113.25772508882,23.07739639486
113.25832300097,23.076017117218
113.25839270948,23.075858442019
113.25844256543,23.075749389075
113.25850230275,23.075630527914
113.25851227394,23.075600771047
113.25852224513,23.075571014173
113.25881114018,23.07490622061
113.25905026911,23.074350561024
113.25954828969,23.073169413039
113.25962796938,23.072980893867
113.25970764908,23.072782399847
113.25996663056,23.072156992129
113.26009607639,23.071859332266
113.26021555102,23.071571480165
113.26061385968,23.070548490481
113.26080304282,23.070131877819
113.26085280895,23.069992812687
113.26100219715,23.069665472908
113.26112167179,23.069437631312
113.26116146672,23.069298399207
113.2611814091,23.069248857479
113.26151989062,23.068494756959
113.26152007028,23.068491930737
113.26152007028,23.068491930737
113.26166936866,23.068114546368
113.26177878227,23.067706487923
113.26184840094,23.067397762491
113.26190804843,23.067148886379
113.26191792979,23.066989119972
113.26191801962,23.066988704347
113.26191801962,23.066988704347
113.26184822128,23.066777483219
113.26183825009,23.066617383864
113.26176764328,23.064836078515
113.26175758226,23.064475974129
113.26173728055,23.06366565257
113.26173719072,23.063435722513
113.26174698225,23.063095897464
113.26172695004,23.06282556635
113.26165706187,23.062504443529
113.26165697204,23.062224468353
113.26167682459,23.062124880841
113.26183564501,23.061197582862
113.26190517385,23.060838798691
113.26189520266,23.06064868259
113.26189511283,23.060348752484
113.26189484334,23.059888797378
113.26189484334,23.0597588658
113.26192439759,23.059339392929
113.26192439759,23.05922949514
113.26196365354,23.058520145131
113.2619735349,23.058440423031
113.26206273664,23.05789192704
113.2622414096,23.057114901039
113.26234067236,23.056666573177
113.26241011138,23.056347763182
113.26254916907,23.055880146098
113.26255914026,23.055840408961
113.26295690994,23.054867011677
113.26312588121,23.054429899196
113.2631358524,23.054410113545
113.26317564733,23.054300876751
113.26320547108,23.054221484656
113.26324526601,23.054142258781
113.26338441353,23.053784619456
113.26352365089,23.053446931233
113.26378218321,23.052791171843
113.26390147819,23.052493136114
113.26478648877,23.050447354301
113.26481631252,23.05037793617
113.26487596,23.050248992933
113.26533337717,23.049186183317
113.26559190949,23.048570225394
113.2661985352,23.047169531955
113.26631783018,23.046891436686
113.26677524734,23.045808397647
113.26733219676,23.044516670649
113.26769026133,23.043681950779
113.26789911737,23.043185023926
113.2682273582,23.042409741169
113.26846621763,23.041983229802
113.26873499064,23.041517058799
113.26893405514,23.041169944499
113.26965090294,23.040049860761
113.27032813546,23.039168968811
113.27123479521,23.038210664826
113.27162340218,23.037805591001
113.27197221421,23.03743992601
113.27200212778,23.037410410034
113.27204201255,23.037370999959
113.27250050768,23.036936573787
113.272968974,23.036502063054
113.27490311559,23.034712871607
113.27519228014,23.034445808673
113.27574078548,23.033941114804
113.27611978058,23.03359464593
113.27823466124,23.031631970467
113.27955193644,23.03041086493
113.28049021654,23.029546372649
113.28295669398,23.027266836682
113.28422537085,23.02609009361
113.28577413938,23.024252035399
113.28604390052,23.023822222971
113.2862837481,23.02343232228
113.28684348226,23.022512238606
113.28770316063,23.020811501474
113.28800301501,23.019731160825
113.28835290501,23.018470613743
113.28835290501,23.018440677788
113.2883628762,23.018400763171
113.28852286441,23.01782050307
113.28877295266,23.015310088167
113.28884302049,23.014650066306
113.28886305271,23.014440092685
113.28898324598,23.013189890423
113.28915392403,23.010829658889
113.28948593775,23.006339182704
113.28955645473,23.005439189832
113.2895766666,23.005079257514
113.28963712256,23.004409205323
113.28970763955,23.003669208315
113.28998871934,23.002308544531
113.29005896683,23.002008399909
113.29005788886,23.002000831831
113.29005788886,23.002000831831
113.29007837023,23.001430812972
113.29008861091,23.001160938881
113.29042035514,22.999160194275
113.29041101276,22.998490445033
113.29022156013,22.997751330054
113.29007172277,22.997492010922
113.28990194303,22.997222711046
113.28967206665,22.997033585361
113.28967161749,22.997032836842
113.28967161749,22.997032836842
113.28955160388,22.996963224549
113.28894156461,22.996754969637
113.28856158138,22.996675875933
113.28832164397,22.996626390363
113.2882217524,22.996606679299
113.28787186241,22.996507292245
113.28754191479,22.996417802249
113.28747202662,22.996387944513
113.28731212824,22.996328145854
113.28707228067,22.996188421481
113.28698236029,22.996138603054
113.28583306822,22.99547881902
113.28541346972,22.995228644163
113.28536361376,22.995198702992
113.28529372559,22.99515869825
113.28502405428,22.994978468837
113.28474441177,22.994798156011
113.28371549264,22.994166227496
113.28349585695,22.994015771845
113.28315629746,22.993814914535
113.28305649572,22.993744718368
113.28297672619,22.993694566345
113.28287692445,22.993634350624
113.2825374548,22.993393321127
113.2805206691,22.992094515626
113.28051851317,22.992092519501
113.28051851317,22.992092519501
113.28038861819,22.992121795994
113.28024884185,22.992131028069
113.2801290079,22.992170368344
113.28004914854,22.992219855565
113.27999929258,22.992239567277
113.2799393756,22.992289220816
113.27991943322,22.992319079468
113.27988951965,22.992358918718
113.27981963148,22.992458475204
113.27935969906,22.9930855047
113.27899983787,22.99354302894
113.27895995311,22.993592765166
113.27881002592,22.99385167602
113.27875010894,22.993951231392
113.27873016656,22.993991070155
113.27868022077,22.994070664474
113.2786503072,22.994130464145
113.27860036141,22.994220122016
113.27857044784,22.99427992162
113.27841045963,22.994598713773
113.27840057826,22.994628655079
113.27837066469,22.994708415358
113.2782607121,22.994917588335
113.27823079852,22.994987368034
113.27810081372,22.995276383683
113.27807090014,22.995356143575
113.27803101538,22.99543582025
113.27799113061,22.995515496877
113.27790121023,22.995674766818
113.27786132547,22.995764423652
113.2777514627,22.995943570801
113.27770151692,22.996033144284
113.27758168296,22.996182183783
113.27757862872,22.996182017444
113.27749257106,22.996117228531
