113.28411308266,23.143137676954
113.28407274874,23.143103532109
113.28407274874,23.143103532109
113.28437251329,23.142764243196
113.28439245568,23.142684322419
113.28444240146,23.142444476723
113.28446234384,23.142234621768
113.28450222861,23.141864757831
113.28454211337,23.141454849018
113.2844821964,23.141234773821
113.28450213878,23.141064877844
113.28458199814,23.140585097078
113.28460194052,23.140155162188
113.28467182869,23.139855328509
113.28470174226,23.139545441506
113.28480163384,23.138985649153
113.28483163724,23.138765736016
113.28486164064,23.138595836875
113.28497159324,23.138096024741
113.28498156443,23.138036123593
113.28508154583,23.137546362147
113.28508118651,23.137545032851
113.28508118651,23.137545032851
113.28434143192,23.1375238472
113.28434143192,23.1375238472
113.28434143192,23.1375238472
113.28426148273,23.137583665499
113.28419159456,23.137603521845
113.28413167759,23.137603438765
113.28407176061,23.137603355684
113.28399190125,23.137603272603
113.28370210789,23.137602691036
113.28370174857,23.137602441793
113.28370174857,23.137602441793
113.28361182819,23.137652207267
113.28354194002,23.137762040184
113.28352208747,23.137811971759
113.28347223151,23.137911834854
113.28334242637,23.138211506768
113.2832725382,23.138351331275
113.28325268564,23.138401262628
113.28325205683,23.138401262628
113.28325205683,23.138401262628
113.28342201623,23.138421700415
113.28351193662,23.138441972037
113.2836318604,23.138422365058
113.28365180278,23.138382486447
113.28366177397,23.138362630218
113.28375169436,23.138182927053
113.28380164014,23.138093116919
113.28394150631,23.137763535639
113.2839914521,23.137603771088
113.2840214555,23.137523930281
113.2840614301,23.137374135172
113.28407140129,23.137364248523
113.28407158095,23.137363334631
113.28407158095,23.137363334631
113.28405154873,23.137303266989
113.28404166737,23.137233312661
113.2840117538,23.137173328042
113.28397186904,23.137133282893
113.28392201308,23.13708326798
113.28387215712,23.137033253049
113.28385221474,23.137023283293
113.28384233338,23.137003343778
113.28381241981,23.136963381659
113.28380253845,23.136943442136
113.28379265709,23.136913532846
113.28379265709,23.136893593315
113.28379265709,23.136873653781
113.28379265709,23.136843744475
113.28382266049,23.136793895616
113.28399261989,23.136514409333
113.28417255049,23.136204846847
113.28421252508,23.136145027926
113.28431250649,23.135985344507
113.28463239308,23.135445975366
113.28481232367,23.135146380283
113.28485229827,23.134976559586
113.28491230507,23.134796768748
113.28498228307,23.134486953003
113.28511235771,23.133687194665
113.28513238992,23.133387346357
113.28513238992,23.133267456694
113.28513140179,23.133265130352
113.28513140179,23.133265130352
113.28503160005,23.132555012422
113.28494185933,23.131874967292
113.28484214741,23.13106497374
113.28479238129,23.130724989333
113.28479238129,23.130695078639
113.28472258295,23.130285052204
113.28469275921,23.130125112471
113.28456313372,23.129485019265
113.2844433896,23.12904491185
113.28444285061,23.129044330246
113.28444285061,23.129044330246
113.28389308764,23.129043167038
113.28381322828,23.129043083951
113.28318369578,23.129061362937
113.28265414468,23.129069671566
113.28226454958,23.129068342185
113.28223463601,23.129068342185
113.28180506632,23.129076567727
113.28164525777,23.129065932683
113.28131566947,23.129074407484
113.28102605578,23.129073078104
113.28040676396,23.129079808092
113.28025701643,23.129069089962
113.28011724009,23.12905837183
113.27993757899,23.129047404439
113.27963808394,23.129025635826
113.27946839402,23.129004614987
113.27940856688,23.128994312282
113.27937874313,23.128984175749
113.27913916506,23.128942715658
113.27854017494,23.128728685005
113.2784703766,23.128698275342
113.27788144751,23.128483995035
113.27784156275,23.128473775376
113.27762201688,23.128372160351
113.27734264387,23.128250022811
113.27714313021,23.128148490702
113.27663424014,23.127834255809
113.27658447402,23.127803929028
113.27646481972,23.127752996638
113.27578632957,23.127416908844
113.27553695996,23.127314628311
113.27553417521,23.127312468039
113.27553417521,23.127312468039
113.27509517331,23.126978207056
113.27481597996,23.126765502636
113.27473630026,23.126694794959
113.27427744581,23.12657008015
113.2737587642,23.126464558535
113.27330997077,23.126339677333
113.27307066218,23.126277028969
113.27224287366,23.126057344018
113.27118574773,23.125804340286
113.27112601042,23.125793621891
113.2710662731,23.125792957184
113.27099656459,23.125832091786
113.27088688149,23.125880698442
113.27088562386,23.125879867559
113.27088562386,23.125879867559
113.27085553063,23.126239390083
113.27073569667,23.126637796733
113.27073560684,23.126637796733
113.27073560684,23.126637796733
113.27016715912,23.126560275783
113.27005756584,23.126538922201
113.26971863517,23.126484416546
113.26964892667,23.12647353203
113.2694196791,23.126440463036
113.26938985536,23.126430160132
113.2691506366,23.126396924951
113.26899118737,23.126374740464
113.26872205504,23.126331036181
113.26864237534,23.126319985477
113.2683931854,23.126296471568
113.26836336165,23.126296139216
113.26832356672,23.126285670124
113.26810429034,23.126272542215
113.26767570878,23.126196350461
113.26715738651,23.12614865789
113.26676868971,23.126112846907
113.26665909644,23.126111268232
113.26623051488,23.126084763113
113.26621066233,23.126084513848
113.26584190792,23.126088751344
113.26556289423,23.12608443076
113.26533373649,23.126110769703
113.26484541762,23.126162949045
113.26420753087,23.126292566431
113.26403820028,23.126319819301
113.26387884089,23.1263572089
113.2637095103,23.126394432312
113.2636298306,23.12640307346
113.26351035597,23.126431074099
113.26340076269,23.126459240908
113.26322146092,23.126496215028
113.26288270991,23.126570495589
113.26287992516,23.126568584569
113.26287992516,23.126568584569
113.26276054036,23.126146580687
113.26267115896,23.12580517117
113.26260163011,23.125554077992
113.26254207246,23.125323174879
113.26251233855,23.125212750038
113.26246266225,23.125042002643
113.26241307579,23.124841259926
113.26237337068,23.124680648915
113.26233375541,23.124380115529
113.26229414014,23.124139572005
113.26217502483,23.123517729662
113.26217511466,23.123327869413
113.26219514687,23.123208303016
113.26219424856,23.123207305936
113.26219424856,23.123207305936
113.2629614913,23.123380299119
113.26347963392,23.123508922146
113.26410745964,23.123659314546
113.26440641571,23.123724207567
113.2649644431,23.123903265611
113.26516377709,23.123966496723
113.26532322632,23.124009038532
113.26582160621,23.124076922601
113.26687819315,23.124173306288
113.26691807792,23.124173887913
113.26740657645,23.124231302644
113.26780533427,23.124247255792
113.26803467167,23.12426063317
113.26853314139,23.124297857171
113.26901175857,23.124304670492
113.26901166874,23.124304587402
113.26901256704,23.124310985276
