113.28220867498,23.086283889366
113.28195984436,23.085973960369
113.28195984436,23.085973960369
113.28210977154,23.085844636069
113.28218981057,23.085705088692
113.28185034091,23.085463810182
113.28181045615,23.085443696694
113.28181018666,23.085443364239
113.28181018666,23.085443364239
113.28141035088,23.08586159119
113.28097063033,23.086389442922
113.28085079637,23.086538796904
113.28057097421,23.086957269746
113.28055103182,23.086987190296
113.27999129766,23.087853885967
113.27987146371,23.088033158619
113.27971156533,23.088282161863
113.27967168056,23.088341919247
113.2795618178,23.08855119455
113.27898196159,23.089647266483
113.2788320344,23.089936159885
113.27864213262,23.09028480917
113.27856218343,23.090454188397
113.27850226645,23.090563727939
113.27840237488,23.0907629434
113.27840102742,23.09076302651
113.27840102742,23.09076302651
113.27848052746,23.091333494162
113.27852023256,23.091663772537
113.27856990885,23.091984076951
113.27866926144,23.092654685844
113.27879870727,23.093125497972
113.27879870727,23.093125497972
113.27879870727,23.093125497972
113.27884856322,23.093165805729
113.27895833616,23.093276506557
113.27899822092,23.093306758119
113.2790181633,23.093316897377
113.27932753972,23.093578938755
113.27944728384,23.093689722347
113.28010601128,23.094233665952
113.28027570119,23.094334642251
113.28063502339,23.094666575321
113.28079474211,23.094797386974
113.28197277995,23.095752707054
113.28228233603,23.095993883773
113.28248202935,23.096164585431
113.2828515024,23.096455791649
113.28299127874,23.096596241908
113.28331089584,23.096827195
113.28337081282,23.0968773913
113.28337090265,23.0968773913
113.28337090265,23.0968773913
113.28374046554,23.09716826353
113.28408011485,23.097418994881
113.28421998102,23.097509248079
113.28460957612,23.097829953927
113.28489936947,23.098000403909
113.28513921705,23.09812065786
113.28522913743,23.098160714784
113.28525914083,23.098170770566
113.2853590324,23.098220883254
113.28545901381,23.098260940148
113.285748897,23.098361165435
113.28583881738,23.098401222287
113.28616867516,23.098521309664
113.28745837238,23.098970742982
113.28763830297,23.099040551275
113.28774825557,23.099080441711
113.28774816574,23.099080524816
113.28774816574,23.099080524816
113.28815815237,23.09919994674
113.28854810679,23.099349203216
113.28878813403,23.099438707159
113.28892809002,23.099508348996
113.2893981733,23.09967713473
113.28952824794,23.099716775661
113.28969829717,23.099786251144
113.28984831419,23.099835781489
113.28988828878,23.099845670935
113.2899383244,23.099875505478
113.28998836002,23.099895367468
113.29001836342,23.099915229455
113.29004836683,23.099925118895
113.29008834142,23.09995495342
113.29010837363,23.099974898502
113.29013837704,23.099994760477
113.29015831942,23.100024678091
113.2901782618,23.100054595698
113.29019820418,23.100084513298
113.29021814657,23.100134459055
113.29021814657,23.100154487215
113.29022811776,23.100174432267
113.29023808895,23.100234350511
113.29024806014,23.100274323694
113.29024806014,23.100304324349
113.29024806014,23.100334324997
113.29023808895,23.100374381253
113.29023808895,23.100444355017
113.29023808895,23.100474355634
113.29023808895,23.100554301842
113.29022811776,23.100654276087
113.29021814657,23.100754250256
113.29010783465,23.101064560292
113.29005779903,23.101194700814
113.28997758035,23.101434953511
113.28989727184,23.101745178852
113.28985720741,23.101905235897
113.28983708537,23.102105265381
113.28982702435,23.10224529415
113.28981705316,23.102295322197
113.28981678367,23.102615268562
113.28980663281,23.102875214029
113.28979585315,23.103725102511
113.28979576332,23.103905101662
113.28980537519,23.104295015883
113.28981525655,23.104394987312
113.28987472437,23.104924676734
113.28990454811,23.105104508056
113.28998413798,23.105544196274
113.29004396513,23.105783942497
113.29013361602,23.106163546723
113.29021338555,23.106423235941
113.29040292801,23.107042416088
113.29070233324,23.107881059457
113.2907821926,23.108080664441
113.29141109628,23.109737573658
113.29144109969,23.109797404488
113.29146104207,23.109867290187
113.29162076079,23.110286437415
113.29166073539,23.110376266377
113.29173062355,23.110555924118
113.2917290066,23.110556007216
113.2917290066,23.110556007216
113.29177895239,23.110715721249
113.29183886937,23.110875351991
113.29194873213,23.111164780901
113.29195870332,23.111214722489
113.29216836783,23.111763497041
113.29257772565,23.112841013095
113.29266764603,23.113070442198
113.29271759182,23.113220098563
113.29274759522,23.113289899365
113.29279754101,23.113409557795
113.29286742918,23.11360907137
113.2930571513,23.114107812445
113.29306712249,23.114157752926
113.2930871547,23.114187584253
113.29352651593,23.115504560008
113.29389607882,23.116591933888
113.29418560268,23.117639746382
113.29422557728,23.117769455189
113.29437523497,23.118418246597
113.29441511974,23.118597893452
113.29442509093,23.118657803381
113.29444512314,23.118697687923
113.29444512314,23.118727684415
113.29446506553,23.118797565412
113.29455480625,23.119286814452
113.29457474863,23.119366666239
113.29479420466,23.120484835481
113.29500368951,23.121583053466
113.29503360308,23.121732783322
113.29512352346,23.122062072082
113.29524344725,23.122461072912
113.29525341844,23.122490985462
113.29526338963,23.122520898006
113.29539328461,23.122929785182
113.29555327282,23.12336841727
113.29555318299,23.123368666539
113.29555318299,23.123368666539
113.29558318639,23.123408383486
113.29596316962,23.124425066792
113.29616322226,23.12492326868
113.29634324268,23.125391639896
113.29645328511,23.125630602469
113.29652335294,23.125769941712
113.29661336315,23.125999099195
113.29719375834,23.127463603911
113.29738383979,23.128031753606
113.29741384319,23.128141428318
113.29748391102,23.128290735337
113.29755397885,23.128440042188
113.29768414332,23.128648755767
113.29773417894,23.128738239952
113.2977343586,23.128738323039
113.2977343586,23.128738323039
113.29781448745,23.128767486395
113.29783451966,23.128807284812
113.29785455187,23.128837112844
113.29785455187,23.128837112844
113.29785455187,23.128837112844
113.29799477736,23.128925682952
113.29851579456,23.1291903128
113.29878636418,23.129297410883
113.29878636418,23.129297410883
113.29878636418,23.129297410883
113.29890655746,23.129356152774
113.29902684056,23.129394870895
113.29916715589,23.129453363485
113.29938760006,23.129530882743
113.29942766448,23.129540437633
113.29952791538,23.129579321872
113.29960813406,23.129598431643
113.2996682307,23.129627760982
113.30019939875,23.129791606349
113.30040987173,23.129859155116
113.30074062782,23.129965172545
113.30123182127,23.130139153941
113.3012619145,23.130148791872
113.30165285706,23.130273835658
113.30165285706,23.130273752572
113.30165285706,23.130273752572
113.30173307574,23.130292696072
113.30179326221,23.130301918565
113.30179326221,23.13030200165
113.30179326221,23.13030200165
113.30335739177,23.130631186052
113.30630598977,23.131188271877
113.30633608301,23.131187856453
113.30636617624,23.131197411223
113.30666710859,23.131252745791
113.3071185071,23.131345717783
113.30732915975,23.131392411466
113.30751978018,23.131429384211
113.30806154823,23.131540717808
113.30813179572,23.131549607875
113.30817194998,23.13155899645
113.3083625704,23.131605939312
113.30875387228,23.131679552334
113.30895455374,23.1317262459
113.30918532842,23.131772440943
113.30961678456,23.131885269773
113.30981746601,23.131931963267
113.30993783895,23.131969932875
113.31002811865,23.13198846071
113.31015855261,23.132026264133
113.310479607,23.132130867395
113.31063007317,23.132188361766
113.3110414971,23.132331349827
113.31116187003,23.132379289426
113.31132239723,23.132436534437
113.31173382115,23.132579439146
113.31185419409,23.132627378656
113.31196459584,23.132675484317
113.31216527729,23.132752004684
113.31216518746,23.1327519216
113.31216518746,23.1327519216
113.31290781662,23.133089075962
113.31290781662,23.133089075962
113.31290781662,23.133089075962
113.31307840484,23.133156041463
113.31334933378,23.133271278542
113.31341958127,23.133300025483
113.3137607577,23.133474002504
113.31385103741,23.133492447046
113.31390125269,23.133521526273
113.31404174767,23.133579020041
113.31421233588,23.133656038388
113.31492487181,23.133963446662
113.31563740774,23.134280824185
113.31577790273,23.134338317624
113.31604883167,23.134453470593
113.31616929444,23.134501326342
113.31695207786,23.134807403333
113.31703238637,23.134835983776
113.3170324762,23.134836233024
113.3170324762,23.134836233024
113.31764467141,23.135015359148
113.31824680559,23.135144718633
113.31917008399,23.135238435638
113.31974212494,23.135278398277
113.31974212494,23.135278481359
113.31974212494,23.135278481359
113.31985252669,23.135286540352
113.31994280639,23.135285044869
113.31998296065,23.135294350096
113.32005320814,23.135293186943
113.32011339461,23.13530215984
113.32040444559,23.135317114668
113.32080589832,23.1353301586
113.32107682727,23.135305566218
113.32143812574,23.135229462736
113.32166890043,23.135205618077
113.32170905468,23.135175043735
113.32173914792,23.135164575345
113.32177930217,23.135153940788
113.32183948864,23.135142973901
113.32185952086,23.135142724654
113.32189967511,23.135142143076
113.32191970733,23.135141893829
113.32194980056,23.135151365231
113.3219798938,23.135160836633
113.32202004805,23.13517014187
113.32207026333,23.135199303812
113.32211041759,23.135238601803
113.32214051082,23.135268096059
113.32216054303,23.135287786588
113.32217060405,23.135307643278
113.32218066508,23.135337469848
113.3221907261,23.135357326531
113.3221907261,23.135397289134
113.32220078712,23.135427115684
113.32220078712,23.135467078266
113.32219081593,23.13549723713
113.32218084474,23.135537365855
113.32216090236,23.135567690867
113.32214095997,23.135598015872
113.32212101759,23.135628340871
113.32209101419,23.135658832026
113.32206101078,23.135679353318
113.32203100738,23.135699874606
113.3220301989,23.135698960703
113.3220301989,23.135698960703
113.32201016669,23.135769331251
113.3220001955,23.135869528213
113.32204034976,23.136998857387
113.32205041078,23.137118660595
113.3220604718,23.13742847019
113.3220507701,23.139208718963
113.32208095316,23.13959819712
113.32208095316,23.139708194583
113.32213116844,23.139737355527
113.3221713227,23.139756713072
113.32219135491,23.139786372483
113.32221138712,23.139796009713
113.32223150917,23.139845691284
113.32224157019,23.139885486375
113.32225163121,23.139935334071
113.32224166002,23.139945469767
113.32224166002,23.139975461453
113.32223168883,23.140015671902
113.32221174645,23.14004599589
113.32219180406,23.140066350343
113.32216180066,23.140096840478
113.32212173624,23.140127496765
113.32207170062,23.140148349682
113.32207080231,23.140148349682
113.32207080231,23.140148349682
113.32206083112,23.140278534951
113.32202085653,23.140599220519
113.32189087172,23.141891509031
113.32188099036,23.141991701365
113.32181092253,23.142142903583
113.32175100555,23.142683990108
113.32168111738,23.143415238494
113.32167123602,23.143535451288
113.32164132245,23.143825972013
113.32164132245,23.143915944417
113.32162138007,23.144056261367
113.32160152751,23.144286633397
113.32160152751,23.144326676384
113.32160062921,23.144326676384
113.32160062921,23.144326676384
113.32159056819,23.144376854717
113.32156065461,23.144587370893
113.3213909647,23.146230448953
113.32138108334,23.146310616818
113.32134119858,23.14660129761
113.32132134603,23.14677168494
113.32132134603,23.146831665215
113.32128146126,23.147162386995
113.32125154769,23.147362929768
113.32122172394,23.147753463931
113.32112237136,23.149235339953
113.32110242897,23.149335692882
113.32105266285,23.149846594446
113.32102283911,23.150107111948
113.32092330685,23.151119021533
113.32090336447,23.151219373035
113.32088351192,23.151449732611
113.32087363056,23.151519928652
113.32070412031,23.15281310752
113.32068426776,23.152973518305
113.32063450163,23.153354482758
113.32061464908,23.153564901598
113.32056497279,23.154105858411
113.3205053253,23.154626959221
113.32045546935,23.154927922457
113.32043561679,23.15511831894
113.32043364052,23.15511840201
113.32043364052,23.15511840201
113.32042366933,23.155168576256
113.32032404725,23.155900420295
113.32022442517,23.15663226029
113.32016468785,23.157013380357
113.3201448353,23.157143715193
113.32011510139,23.157464276875
113.32009515901,23.157514616369
113.32009515901,23.157544604078
113.32008527764,23.157604828681
113.32007539628,23.157655001985
113.32007548611,23.157725028601
113.32001583863,23.15820615946
113.32002616914,23.158486015331
113.32005653187,23.158715531593
113.32012695902,23.158894376236
113.32025766247,23.159152134719
113.32065956436,23.159635254004
113.32072990168,23.159714084683
113.32076008474,23.159753541538
113.32078020679,23.159783196472
113.32082036104,23.159822487173
113.32083042206,23.159852308226
113.3208605153,23.159871828967
113.32087057632,23.159891681973
113.32094091364,23.159950493371
113.32184496831,23.160825185235
113.32240748722,23.161425753796
113.32312074179,23.162263970176
113.32344233516,23.162738688525
113.32365343696,23.163155259743
113.3239049625,23.163851258858
113.32419673213,23.164596677413
113.32419583383,23.164596843541
113.32419583383,23.164596843541
113.32426617115,23.16471570809
113.3243968746,23.164933667686
113.32444717971,23.165032845828
113.32454770009,23.165181280648
113.32458785435,23.165230620445
113.32465819167,23.165299480164
113.32472843916,23.16533835391
113.32478862563,23.165357375461
113.32485887312,23.165386281569
113.3249090884,23.165395501619
113.32493918164,23.165405053922
113.32504958338,23.165423327892
113.3251298919,23.165432049559
113.32595247025,23.165369087419
113.3260928754,23.165367010831
113.32636380434,23.165392843586
113.32652433154,23.165420337607
113.32677522827,23.165496506811
113.32709637249,23.165631650973
113.32722680645,23.165699679851
113.32742757773,23.16583673426
113.32746773198,23.165866138642
113.32750788624,23.165905510601
113.3278191491,23.166210933606
113.32786936438,23.166280208131
113.32818071707,23.166655735227
113.32850213078,23.167091149296
113.32872311393,23.167418082689
113.32949637532,23.168417483825
113.32992810094,23.168911699517
113.33003859252,23.169080230799
113.33010892984,23.169179322774
113.33027960789,23.169417126598
113.33050050122,23.169734253073
113.33084194714,23.170239843134
113.33101262519,23.170487695352
113.33107290149,23.170576902102
113.33117333204,23.170715612665
113.33122354732,23.170795018167
113.33149465592,23.171231664519
113.33155493222,23.171320953827
113.33157505427,23.17135068923
113.33158511529,23.171380590746
113.33181606963,23.171737830276
113.33201693075,23.172115418372
113.33214754437,23.172423900235
113.33215760539,23.172443751359
113.3322981902,23.172732132202
113.33232837327,23.172811785672
113.3323584665,23.172871421918
113.33237858854,23.172931224256
113.33239871059,23.172960959297
113.33249923097,23.173249837365
113.33274051583,23.173947112335
113.33290122269,23.174325275533
113.33318239231,23.174882177636
113.33319245334,23.174912078354
113.33339331445,23.17529987344
113.3334334687,23.175379442307
113.33365418237,23.175616985819
113.33380464854,23.175775375609
113.33391496046,23.175884180232
113.33392502148,23.175904113894
113.33401530118,23.175973134174
113.33411555208,23.176052038181
113.3343161437,23.17620992911
113.33493786094,23.176703534309
113.3350080186,23.176762836576
113.33517851699,23.176901125374
113.33565982908,23.177286506005
113.33618111577,23.177671636347
113.33662218377,23.178017729446
113.33687281101,23.178215567715
113.3369830331,23.178294636495
113.33705319076,23.178354021105
113.33717347386,23.178443056442
113.33739400787,23.178641226295
113.33747422655,23.178710577369
113.33770482157,23.178948779341
113.33794538779,23.179226930264
113.33799551324,23.179306579823
113.33812585736,23.179515628543
113.33823616928,23.179744859179
113.33832644899,23.179944189845
113.33832644899,23.179943940681
113.33832644899,23.179943940681
113.33843685073,23.180263201338
113.33850709822,23.180502729379
113.33854725248,23.180682458179
113.33860752878,23.180902052556
113.33863762201,23.181001883162
113.33871793053,23.181331356847
113.33881836108,23.181740726967
113.33883848313,23.181820624172
113.33896909675,23.182409802283
113.33910968156,23.183008944066
113.33929042063,23.183777841479
113.3393506071,23.184027495478
113.33942085459,23.1843070476
113.3395011631,23.184646562277
113.33961165468,23.185205912468
113.33964174791,23.185315705947
113.33966178013,23.185405567107
113.33967184115,23.185465529881
113.33969187336,23.185545424837
113.33972196659,23.185655218034
113.33988249379,23.186254262065
113.33994268026,23.186483896275
113.34005299217,23.186773243117
113.34014318205,23.186972729291
113.34021333971,23.187122302199
113.34032356179,23.187301689806
113.34040369065,23.187441213332
113.34040369065,23.187441296381
113.34040369065,23.187441296381
113.34055397716,23.187650498344
113.3406140738,23.18774019182
113.34071423486,23.187879631834
113.34092452818,23.188088500906
113.34148534031,23.188615779654
113.34190592695,23.189103940401
113.34212619146,23.189423012851
113.34223632372,23.189612612279
113.34225635593,23.189652558511
113.34240655261,23.18997196183
113.34245658823,23.190081751352
113.34311747159,23.191609493822
113.3433077327,23.192068909338
113.34338777172,23.192238656822
113.34347787176,23.192468363686
113.34364801082,23.192927942311
113.34366804304,23.192987901674
113.34391822112,23.193657252273
113.34405835678,23.194016923013
113.34414845682,23.194276689219
113.34421852465,23.194446516914
113.34423855687,23.194516441016
113.34425858908,23.19460637897
113.34426856027,23.194626392855
113.34429856367,23.194766323877
113.34430853487,23.194836330856
113.34432856708,23.194966296262
113.34433853827,23.195166268345
113.34432865691,23.19536632317
113.34426873993,23.195846486732
113.34418879074,23.19625664236
113.34387860585,23.19788737002
113.34380853802,23.198857559143
113.34381850921,23.199017498906
113.34388839738,23.199577286556
113.34394840419,23.199867102996
113.34401838219,23.200056936571
113.34409833138,23.200296760926
113.3442783518,23.200696356495
113.3444183078,23.201016065297
113.34452826039,23.201275817749
113.34470819099,23.20165548058
113.34489809277,23.202055155082
113.34498801315,23.202244985514
113.34515797256,23.202604715927
113.34519794715,23.202684683566
113.34601738144,23.204433745582
113.34608735944,23.204583713929
113.34741586345,23.20742361396
113.34791514166,23.208483993729
113.34807486038,23.208814146257
113.34852410296,23.209774706061
113.34861393351,23.209964857546
113.34868382168,23.210114985686
113.34895331333,23.210685437849
113.34908302865,23.210945669502
113.34912291341,23.211045726526
113.34916279818,23.211115807915
113.34934245928,23.211496189784
113.34941234745,23.211626387911
113.34956200515,23.211946734541
113.34967177808,23.212176988391
113.34978155101,23.21239727776
113.3502104919,23.213318453677
113.35026034785,23.213428638973
113.35028029023,23.213478708071
113.35152695862,23.216203252106
113.35169646887,23.216553977124
113.35176626721,23.216714310623
113.35193577746,23.217065034284
113.35259378624,23.218448241459
113.35276320666,23.21880909017
113.35291277453,23.219119870956
113.35296263049,23.219240098004
113.35321164077,23.219931484438
113.35335087813,23.220512189785
113.35345014089,23.221122699816
113.35352919177,23.221963028672
113.35358856976,23.222493327312
113.35357850874,23.222663201767
113.35357823925,23.22304313524
113.35356826806,23.22315306334
113.35351814261,23.223402725988
113.3528156677,23.226717789382
113.35273553885,23.226987288221
113.35268559307,23.227116972926
113.35266565068,23.227156824794
113.35255569809,23.227336158053
113.35244574549,23.227475556283
113.3523057895,23.227654806084
113.35222584031,23.227764398246
113.35188574184,23.228262543291
113.35159558916,23.228741092861
113.35155561457,23.228840887331
113.35144557214,23.229090373174
113.35132546869,23.229369746945
113.35115514997,23.229938870584
113.35111508554,23.230088643925
113.3510649601,23.230378393419
113.35101465499,23.230788109741
113.3510143855,23.231108077794
113.3510143855,23.231228044858
113.35105400077,23.231548177888
113.35106388213,23.231658181927
113.35119314829,23.232318619341
113.35144233824,23.232949580974
113.35156199253,23.233190092792
113.35161184849,23.233290299001
113.35173150278,23.233500839721
113.35202084699,23.233882153347
113.3521505623,23.234032752416
113.35272934054,23.234715759376
113.35279913888,23.234806168079
113.35311839666,23.235177930672
113.35374694103,23.235901777163
113.3540661988,23.236283831021
113.35413599714,23.23636427638
113.35435545318,23.236595732927
113.35474459912,23.236918509529
113.35484440087,23.236999203556
113.35502397214,23.237130538791
113.35582220641,23.237676798984
113.3562411761,23.238080266307
113.35647060333,23.238332225213
113.35655037286,23.23846289498
113.35675967804,23.238824685185
113.35689918489,23.239125954885
113.35694904085,23.239236367692
113.35698883578,23.239366704495
113.35707839684,23.239737458035
113.35713795449,23.240227920365
113.35713795449,23.240367886092
113.35713795449,23.240417861956
113.35718745113,23.240938290551
113.35718745113,23.240968259339
113.35717739011,23.241228099236
113.35716741891,23.241358018992
113.35709744092,23.241677297288
113.35705755615,23.241816929415
113.35692766117,23.242195645533
113.35634798463,23.243520230224
113.35611819808,23.243998143357
113.35607831331,23.244117766645
113.35591850476,23.244456380484
113.3558486166,23.244705753787
113.3557086606,23.245254556023
113.355668686,23.245424235152
113.35540871639,23.246472023836
113.35538877401,23.246571887906
113.35529885362,23.246871147616
113.35518890103,23.247270270188
113.35517901967,23.247330204879
113.35515916712,23.247370050643
113.35513922473,23.247469914033
113.35499935857,23.247968814795
113.35493935176,23.248368349101
113.35482939916,23.248997490739
113.35476948219,23.249197048958
113.35467956181,23.249596330512
113.35467489062,23.249596496533
113.35467489062,23.249596496533
113.35481457712,23.249897492596
113.35497420601,23.250258670364
113.3549941484,23.250318852727
113.35505397554,23.250489272429
113.35511380269,23.25064973072
113.35522357562,23.250970563705
113.35546306387,23.251662447966
113.35577244029,23.252254966957
113.35581232505,23.252335319565
113.35588221322,23.252435926275
113.35618161845,23.252838435353
113.35664074239,23.253382472274
113.35695011881,23.253775266532
113.35701003579,23.25384582328
113.3571797257,23.254067371223
113.35749907331,23.254450451559
113.35758890386,23.25456134958
113.3576887056,23.254702296182
113.3578683667,23.254944096451
113.35813776853,23.25527678899
113.35821762789,23.255377642475
113.35851703311,23.255720709762
113.35856688907,23.255781221659
113.35920549446,23.256538074558
113.3593052962,23.25665918058
113.35946492509,23.256870929086
113.36074204603,23.25854581375
113.3607419562,23.25854581375
113.3607419562,23.25854581375
113.36170979055,23.260027941928
113.36225856539,23.26087507827
113.36233842475,23.260996097303
113.36315660141,23.262337176635
113.36363548808,23.26301381184
113.36374526101,23.263175333911
113.36427400363,23.263962854924
113.36451349188,23.264326318188
113.36477292251,23.264720075843
113.36483274966,23.264810961981
113.36498240736,23.265123211414
113.36512218369,23.265585276135
113.36519207186,23.265866315606
113.3652221651,23.266146773476
113.36519252102,23.266436360749
113.36511302098,23.266755246312
113.36496381243,23.267183109513
113.36470501062,23.267749413996
113.36448609356,23.268236286167
113.36435673757,23.268484452503
113.36397837129,23.269129101801
113.36389878142,23.26921799294
113.36365974232,23.269494708762
113.3633409337,23.269800307264
113.36297226912,23.270115283794
113.36249392143,23.270428931612
113.36160675491,23.270977543755
113.36152707521,23.271036554698
113.3608193003,23.271487892091
113.36070970703,23.271566573038
113.35996195752,23.272067789485
113.359682854,23.272254614335
113.35940375048,23.272481526081
113.35929415721,23.272560289431
113.35903517573,23.272937506293
113.35890572991,23.273186161747
113.35882622987,23.273505362953
113.3587766434,23.273814852931
113.35878697392,23.274195054024
113.35887716379,23.274626129858
113.35905709438,23.274988152793
113.35923702498,23.275360217052
113.35973657267,23.276125920826
113.35989638122,23.276347763284
113.3599562982,23.276448434654
113.36001621518,23.276539146712
113.36018608475,23.27681119952
113.36070557483,23.277627520558
113.3607654918,23.277728273942
113.36110514112,23.278252538867
113.36116505809,23.278353291773
113.36176440753,23.279280978417
113.3619042737,23.279492773557
113.36226395522,23.280127575992
113.36247370956,23.280480371787
113.36259363335,23.280732000673
113.36265355032,23.280852835481
113.36273349951,23.281033921505
113.36293364198,23.281696767258
113.363013681,23.281967896517
113.36313387428,23.282479613089
113.36319397092,23.282730491246
113.36338414219,23.283443205017
113.36347415241,23.283714496657
113.36363405079,23.284046784586
113.36373394236,23.284238239812
113.36377391696,23.284328780527
113.36393363567,23.284531023859
113.36411329678,23.284743640437
113.36416324256,23.284804387968
113.36431299009,23.284946547039
113.36452256477,23.285169619457
113.36489176833,23.285465057048
113.365370655,23.285832195423
113.36607896889,23.286372942574
113.36651788097,23.286699746635
113.3666276539,23.286791447477
113.36657806743,23.286920741405
113.3665759115,23.286920824393
113.3665759115,23.286920824393
113.36656665895,23.287660818072
113.36656674878,23.287790858026
113.36656683862,23.287860898636
113.36655713692,23.288030771859
113.36655722675,23.288160811447
113.36654743522,23.288280643601
113.36651779113,23.288430184683
113.36643838093,23.288709017766
113.36617023673,23.28959505576
113.36580265012,23.290749709413
113.3657332111,23.290978663896
113.36559415341,23.291446695743
113.36545509572,23.291884685741
113.36524659901,23.292641746105
113.3652168651,23.292751284238
113.36509765995,23.293119564051
113.36503819213,23.293368762267
113.36500845822,23.29348834073
113.36500854805,23.293548337379
113.36497890397,23.293717954311
113.36496911244,23.293857863221
113.36495932091,23.293947733456
113.36496938193,23.294057934363
113.3649895938,23.294358247961
113.36500971584,23.29452861069
113.36501977687,23.294658809821
113.36505984129,23.294899457972
113.36507996334,23.295069819999
113.36507026164,23.295269723335
113.36506055994,23.295429629188
113.36502103449,23.295679071974
113.3650510379,23.295769521836
113.36504933112,23.295769438854
113.36504933112,23.295769438854
113.36497971244,23.295938389072
113.36462155803,23.296683310898
113.3646214682,23.296683310898
113.3646214682,23.296683310898
113.36481101067,23.296806039621
113.3665565081,23.297832425656
113.36677587431,23.297965857742
113.36677587431,23.297965940722
113.36677587431,23.297965940722
113.36734369322,23.297564814255
113.36748320007,23.297477103982
113.36748311024,23.297476938021
113.36748311024,23.297476938021
113.36686444723,23.296667129617
113.36686444723,23.296667129617
113.36628108763,23.296667046637
