113.26695544743,23.124169733445
113.26695787285,23.124174469539
113.26695787285,23.124174469539
113.26740648662,23.124231219555
113.26780524444,23.124247172703
113.26803458184,23.124260550081
113.26853305156,23.124297774082
113.26902163993,23.124314724293
113.26902163993,23.124314724293
113.26902163993,23.124314724293
113.26901193823,23.123854658231
113.26901193823,23.123784779898
113.26901202806,23.123574895408
113.26902208908,23.123475104605
113.2690721247,23.123135931642
113.26912216032,23.122866719755
113.26915216372,23.12271724045
113.26915225355,23.122716741909
113.26915225355,23.122716741909
113.26922223155,23.122417782792
113.26923220274,23.122407978118
113.26947267913,23.120731617495
113.26951274355,23.120522309816
113.26973327755,23.119045680045
113.26977334198,23.118836369707
113.26978331317,23.118816593643
113.26983334879,23.118657387917
113.26992326917,23.118458712862
113.26993324036,23.118438936742
113.26995318274,23.118399301401
113.27000312853,23.118320113776
113.27049252537,23.117496908671
113.27088203064,23.116842213088
113.27092200524,23.116792855275
113.27093197643,23.116773078907
113.27095191881,23.11674341435
113.27096189,23.116703612314
113.27104183919,23.116514739444
113.27113175957,23.116315978087
113.27113193923,23.116314316201
113.27113193923,23.116314316201
113.27123183081,23.116095611886
113.27130189864,23.115836606347
113.27131195966,23.115776861334
113.27138211732,23.115397866264
113.27149251906,23.114659483371
113.2715226123,23.114469942828
113.27156285639,23.114060614103
113.27158306826,23.113760970716
113.27155360384,23.113400749609
113.27159366827,23.113271368917
113.27159357843,23.113270704148
113.27159357843,23.113270704148
113.27190277519,23.113224585759
113.27268097725,23.113114067752
113.27281069257,23.113095703473
113.27297032146,23.113067616924
113.27327969788,23.113011277614
113.27335955724,23.11299224855
113.2735791031,23.112954772088
113.27421779832,23.112851815633
113.2742777153,23.112822565682
113.27446734759,23.112764647435
113.27466695108,23.112726838522
113.27522596659,23.112602609163
113.27569515156,23.112537212123
113.27585487028,23.112538707862
113.27602465002,23.112480374008
113.27614448398,23.112441567854
113.27614430432,23.1124404045
113.27614430432,23.1124404045
113.27631444338,23.11199201394
113.27686456567,23.11086712532
113.27698457929,23.110628302354
113.27710468274,23.11033945396
113.27717457091,23.110370034027
113.27717457091,23.110369784733
113.27717457091,23.110369784733
113.27769388132,23.110184060577
113.27798349502,23.110086420257
113.27830311212,23.109958947595
113.27899238193,23.109703918804
113.27983166877,23.109349420492
113.27989158575,23.109329892311
113.28002148073,23.109290752842
113.28005148413,23.109221033036
113.28008148753,23.109191283692
113.28012146213,23.10916161744
113.2804612911,23.108943649228
113.28059127591,23.108854484088
113.28110115412,23.108497241235
113.2812910559,23.108388298178
113.28158093909,23.108199745872
113.28162091369,23.108169996299
113.28162100352,23.108168749809
113.28162100352,23.108168749809
113.28167103913,23.108098946314
113.28172107475,23.108049252852
113.28216097496,23.107771201799
113.28222098177,23.107731563272
113.28258093278,23.107523066087
113.28306080759,23.107324789863
113.28311075337,23.107305012085
113.28322070597,23.107255401425
113.28364057396,23.107176705751
113.28367057737,23.107176788851
113.28374055537,23.107167066151
113.28377055877,23.107167149251
113.28381053337,23.107177204351
113.28384053677,23.107167398551
113.28476040161,23.106969371097
113.28515035603,23.106880038431
113.28603042594,23.106680847144
113.2864504736,23.106591015681
113.28650050922,23.106591015681
113.28705072134,23.106440936339
113.28740088083,23.106320773024
113.28778122338,23.106110528509
113.28790132683,23.106030502545
113.28819165917,23.105810202369
113.28899267819,23.105128856733
113.28899258836,23.105127028504
113.28899258836,23.105127028504
113.28907271721,23.105046918846
113.28916281725,23.10496680914
113.28924294611,23.104906726829
113.28935307836,23.104806506481
113.289413175,23.104746424097
113.28947327164,23.104686341686
113.28957352253,23.104516149591
113.289633709,23.104366067904
113.28966380224,23.104266096454
113.28967395309,23.10416620803
113.28966416156,23.104056347297
113.28967440224,23.103806459499
113.28967512089,23.103136654832
113.28968563106,23.102626819858
113.28969596157,23.102266984053
113.28976647856,23.101796952258
113.2899371566,23.10118663975
113.2900374075,23.101026415632
113.29003731767,23.101024919762
113.29003731767,23.101024919762
113.29012759737,23.100774693843
113.29013765839,23.100734720811
113.29017781265,23.100634663523
113.29021796691,23.100504605556
113.29021796691,23.100504439348
113.29021796691,23.100504439348
113.29023799912,23.100444355017
113.29032827882,23.100194128004
113.29033833984,23.100164210428
113.29035837206,23.100104209048
113.29036843308,23.100084263985
113.29038855512,23.100014290032
113.29041864836,23.099944316041
113.29042870938,23.099924370954
113.2906895773,23.099273577739
113.29074976377,23.099093489206
113.29100057067,23.098442691919
113.29167259302,23.096920024898
113.29171274727,23.096839910289
113.29267555112,23.094855313059
113.29269567316,23.094785253243
113.29308697504,23.093753217178
113.2931271293,23.093653071522
113.29317734458,23.093492838315
113.2931874056,23.093442890061
113.29320752764,23.093352883426
113.29324777173,23.093142784599
113.29325792258,23.092992856277
113.29325801241,23.092922961697
113.29330840735,23.092442840619
113.29335898195,23.091772729315
113.29341925825,23.09147245386
113.29350953795,23.091202014219
113.29356972442,23.091071697686
113.29376025502,23.090730613502
113.29389059915,23.090529818895
113.29426141967,23.090107367992
113.29465227239,23.089644690043
113.29495293525,23.089292548409
113.29500306069,23.089232292785
113.29517346925,23.089041053718
113.29525368793,23.088940488953
113.29530381338,23.088880150057
113.29530354389,23.088877158045
113.29530354389,23.088877158045
113.29560429657,23.08842486478
113.29577470513,23.088183591208
113.29581485938,23.088093331675
113.2958348916,23.088043215167
113.29599541879,23.087612029574
113.29619610024,23.087060495614
113.29620616126,23.087020518456
113.29630659182,23.086499816944
113.29636695795,23.085979445845
113.29639705118,23.085859264017
113.29642741391,23.085259101272
113.29644780545,23.084379090397
113.29646810715,23.08374908281
113.29649829022,23.083468903014
113.29650835124,23.08339892031
113.29652847328,23.083198862659
113.29652847328,23.083188971974
113.29657868856,23.082918598589
113.29660878179,23.082788440163
113.29664893605,23.082648141538
113.29667902928,23.082567935208
113.29670912252,23.082477754976
113.29672915473,23.082417662493
113.29677928018,23.082267306492
113.29684943784,23.08212675797
113.29684943784,23.082116867205
113.29685949886,23.082086862443
113.29695974976,23.081866023861
113.29704993963,23.081655241945
113.29731053806,23.081182893084
113.29763132296,23.0807299087
113.2976814484,23.08065950897
113.29841311824,23.079812215789
113.29852334033,23.079681140033
113.2993753831,23.078742078613
113.29968610698,23.07838866132
113.29977629685,23.078297730191
113.29986648672,23.078196824824
113.30000680204,23.078045300394
113.30041777682,23.07759055983
113.30104937542,23.076913059169
113.30127997044,23.076660294266
113.30233269467,23.075516903194
113.30249313203,23.075344845093
113.3024933117,23.075341187817
113.3024933117,23.075341187817
113.30182155884,23.074979865072
113.30171133675,23.074911374061
113.30052835822,23.074256052947
113.30040816495,23.074187561564
113.29952611877,23.073737795061
113.29884466421,23.073365329725
113.29852405897,23.073188780293
113.29843395893,23.073109815076
113.29843324028,23.073109233226
113.29843324028,23.073109233226
113.29846333352,23.072878903887
113.29847321488,23.0723788443
113.29847321488,23.072268957284
113.29847321488,23.072229058799
113.29847321488,23.072099139273
113.29834296058,23.071980607337
113.29829292496,23.071951182141
113.29826292156,23.071931565341
113.29822294696,23.071931980951
113.29806268926,23.071943618036
113.29806224011,23.07194295306
113.29806224011,23.07194295306
113.29796207904,23.071973957576
113.29656961567,23.072567198082
113.2961189358,23.072761203861
113.29602883576,23.072791958821
113.29567831695,23.072944902302
113.29467688596,23.073332746232
113.29467643681,23.073332829353
113.29467715546,23.073334242413
