113.30016580212,23.077440364606
113.30015735805,23.077450255719
113.30015735805,23.077450255719
113.3003277666,23.07753827828
113.30041795648,23.07758723509
113.30049817516,23.077576346565
113.30061845827,23.07761491355
113.30069867695,23.077604025027
113.30069867695,23.077603775672
113.30069867695,23.077603775672
113.30112977376,23.077588564986
113.30118996023,23.077587900038
113.3012801501,23.077586902616
113.30181149781,23.077580253135
113.3022025302,23.077515254443
113.30262365583,23.077469788587
113.30266372025,23.077469372994
113.30319515779,23.077422327869
113.30394730899,23.077412021161
113.30461924151,23.077322502381
113.3053213571,23.077222344343
113.30552194872,23.077199486688
113.3060435049,23.077141719145
113.30611375239,23.077140721719
113.3061337846,23.077140472363
113.30646481018,23.077105479349
113.30698645619,23.077057519788
113.30735763603,23.077021778683
113.30814014996,23.076949382136
113.30823042966,23.076937994845
113.30842105009,23.076925028294
113.30879231976,23.076899095188
113.30920365385,23.076862439732
113.30941439633,23.076839083302
113.31008668817,23.076797939403
113.31028736962,23.076774666081
113.31151158037,23.076683983204
113.31212368574,23.076593549623
113.31269572669,23.076543761256
113.3127760352,23.07653245705
113.31381977638,23.076494305347
113.31421116809,23.07651741248
113.31448209703,23.076522648988
113.31517460075,23.076560385087
113.31579685697,23.076569361955
113.31584707225,23.076568530763
113.3162685572,23.076571024337
113.31765356463,23.076526555589
113.31774393416,23.076505027722
113.31810523264,23.076448756023
113.3182959429,23.076445431254
113.31829603273,23.076442522081
113.31829603273,23.076442522081
113.31848665316,23.076839166421
113.31881776857,23.077543348511
113.31888801606,23.077702104817
113.319008389,23.077969995264
113.31923916368,23.078465961044
113.31928928913,23.078595043169
113.31953003501,23.079270789793
113.31955006722,23.07935041629
113.3196302859,23.079559040813
113.31971050459,23.079797587176
113.31980078429,23.080065972102
113.31991109621,23.080384060318
113.32021193872,23.081268752152
113.32054278464,23.082272958351
113.32101394588,23.083684668937
113.32104403912,23.083764126561
113.32108410354,23.083883396023
113.32118435444,23.084201641332
113.32145483422,23.085176901787
113.32176537844,23.086251475265
113.32184550729,23.086550100259
113.32194566836,23.086878312707
113.32207592265,23.087296036467
113.32208589385,23.08738588098
113.32209595487,23.087415718321
113.32214599048,23.087664805835
113.32220599729,23.087963760101
113.3222260295,23.088043381391
113.32234604312,23.08866123433
113.32235601431,23.088721074656
113.32237604652,23.088830698738
113.32240604993,23.088980133088
113.32244602452,23.089179434035
113.32245599572,23.089229217669
113.3225059415,23.089618343864
113.32255588729,23.089947462952
113.32263529749,23.091175917678
113.32264499919,23.091575676221
113.32266458225,23.092195258032
113.3226544314,23.09243536079
113.32264428055,23.092725494765
113.32259379578,23.093246254989
113.32250279743,23.094217626089
113.32249282624,23.094287769312
113.3224727042,23.094448084668
113.32236140414,23.095629708421
113.32233104142,23.095980171118
113.32229061767,23.096390802189
113.32222980239,23.097171670887
113.32214877523,23.098102873247
113.32210817182,23.098713449242
113.32210718369,23.098713532347
113.32210718369,23.098713532347
113.32202579721,23.099824728578
113.321914048,23.101276308662
113.321914048,23.101286281104
113.32190398698,23.101376448571
113.32188386494,23.101546727793
113.32188386494,23.101596756103
113.32188386494,23.101656756809
113.32188386494,23.101696729563
113.32188386494,23.101746757817
113.32188368527,23.101986677103
113.32188368527,23.102036705247
113.3218925785,23.103196322432
113.32191252088,23.103335934538
113.32191189207,23.103335851436
113.32191189207,23.103335851436
113.32190147172,23.103775961022
113.32213035997,23.105631618517
113.32219009728,23.106130472667
113.32223986341,23.106569492685
113.32229960073,23.107008345051
113.32230957192,23.107068177111
113.32230948209,23.107068260211
113.32230948209,23.107068260211
113.32232933464,23.10724792243
113.32238907195,23.107666828629
113.32240901434,23.10776646512
113.3224188957,23.107876239683
113.32243883808,23.10803587384
113.32247872284,23.108305115815
113.32248851437,23.108524913256
113.32249848557,23.108554745849
113.32250845676,23.108594550328
113.32252848897,23.108644160487
113.32257861442,23.108713298903
113.32263871106,23.108792242962
113.32265874327,23.108831881173
113.32266871446,23.108861713696
113.32267868565,23.108891546213
113.32271866025,23.109030819936
113.32273860263,23.109150482206
113.32277857722,23.109329809212
113.32279851961,23.10946941487
113.3228084908,23.109519273997
113.32281846199,23.109559078188
113.32281846199,23.109649073839
113.32282843318,23.109738903232
113.32286813828,23.110208159028
113.32287810947,23.110307959808
113.32287801964,23.110507893534
113.32287792981,23.110647830344
113.32287792981,23.110767823547
113.32287792981,23.110867790102
113.32286786879,23.110997921015
113.32285780777,23.111158050003
113.32284774675,23.111258182458
113.3228276247,23.111438503785
113.32281756368,23.111528664356
113.32281756368,23.111558662468
113.32280750266,23.111648822958
113.32278738062,23.111769147645
113.32275719755,23.111949634472
113.32273707551,23.112059987254
113.32269683142,23.112280609446
113.32263646529,23.112561559436
113.32259622121,23.112772209216
113.32255597712,23.113002801787
113.32250567201,23.113263557876
113.32244530588,23.113574503442
113.32238484992,23.113895419774
113.32234460583,23.114066098418
113.32227417868,23.114387262848
113.32223393459,23.11459790973
113.32222387357,23.11467809672
113.32217356846,23.114908935265
113.32215344642,23.115039228406
113.32211320233,23.115249874253
113.32211320233,23.115349837431
113.32211320233,23.11537983468
113.32210323114,23.115430023967
113.32210062606,23.115430023967
113.32210062606,23.115430023967
113.32210053622,23.115550012847
113.32208041418,23.115710302532
113.32208041418,23.115820319809
113.32207044299,23.115870508929
113.32206038197,23.116020660704
113.32205032095,23.116180783632
113.32205032095,23.116290800519
113.32201995822,23.116641208681
113.32201995822,23.116691231303
113.32199974635,23.117011475348
113.32196947345,23.117341939137
113.32196947345,23.117391961494
113.32194917175,23.117722258149
113.32193911072,23.117862436632
113.3219290497,23.118032611615
113.32191880902,23.118362740489
113.32191862936,23.118672676993
113.32191853953,23.118862626996
113.3219184497,23.119082573139
113.3219184497,23.119162591234
113.3219184497,23.11924260928
113.32191835987,23.119512576351
113.32190829885,23.119652752943
113.32190829885,23.119772738004
113.32190829885,23.119942744354
113.32189823782,23.120112916669
113.3218881768,23.120313084899
113.32186805476,23.120553386086
113.32186805476,23.120713337362
113.32186805476,23.120773329426
113.32185799374,23.120943500676
113.32184775305,23.121293647278
113.32184775305,23.121363610015
113.32183778186,23.121403743017
113.32182781067,23.121453930025
113.32179771744,23.121544416156
113.3217676242,23.121654927141
113.32174759199,23.121745246953
113.32166728348,23.121976571748
113.32166728348,23.122056588097
113.32165722246,23.122206732871
113.32165722246,23.122356711295
113.32165722246,23.122376736102
113.32165722246,23.122556709959
113.32165722246,23.122646696796
113.32165344957,23.122646364434
113.32165344957,23.122646364434
113.32164329872,23.122766512969
113.32169207671,23.125035355538
113.32169207671,23.125205355143
113.32170186824,23.125645142945
113.32170186824,23.125695162172
113.32170186824,23.125775176278
113.32171183943,23.12592498449
113.3217117496,23.126224932759
113.32172172079,23.126434729968
113.32174112419,23.127964286996
113.32175109538,23.128064074421
113.32175100555,23.128524042796
113.32176079708,23.129103820025
113.32178064963,23.129733446252
113.32178064963,23.129903439836
113.32180050218,23.130743018831
113.32182035474,23.131622639336
113.32181999541,23.131622639336
113.32181999541,23.131622639336
113.32182987677,23.132012472117
113.32183984797,23.132252253603
113.32184981916,23.132492034656
113.32190982597,23.134370969234
113.32190982597,23.134371052316
113.32190982597,23.134371052316
113.32190982597,23.134590972744
113.32191979716,23.134900788246
113.32191979716,23.135000819699
113.32191979716,23.135140813757
113.32192985818,23.135260618643
113.32192985818,23.135330657094
113.32192985818,23.135370619705
113.32192985818,23.135420635264
113.32192985818,23.135460597848
113.3219399192,23.135730448828
113.3219399192,23.135880411958
113.3219399192,23.135970389754
113.32194998022,23.136540247715
113.32194998022,23.136540330797
113.32194998022,23.136540330797
113.32196004124,23.13707014114
113.32200028533,23.138019507458
113.32202058703,23.139589224513
113.32203064806,23.139699055824
113.32203064806,23.139719078013
113.32202067687,23.139809219363
113.32202067687,23.139959260959
113.3220107955,23.140089446414
113.32200082431,23.140159648473
113.32199094295,23.14027986422
113.32196102938,23.140560422591
113.32181101236,23.142143069739
113.32175109538,23.142684156264
113.32168120721,23.143415404648
113.32167132585,23.143535617442
113.32164141228,23.143826138167
113.32164141228,23.143916110571
113.3216214699,23.144056427521
113.32160161734,23.14428679955
113.32160161734,23.144326842538
113.32160062921,23.144326676384
113.32160062921,23.144326676384
113.32159056819,23.144376854717
113.32156065461,23.144587370893
113.3213909647,23.146230448953
113.32138108334,23.146310616818
113.32134119858,23.14660129761
113.32132134603,23.14677168494
113.32132134603,23.146831665215
113.32128146126,23.147162386995
113.32125154769,23.147362929768
113.32122172394,23.147753463931
113.32112237136,23.149235339953
113.32110242897,23.149335692882
113.32105266285,23.149846594446
113.32102283911,23.150107111948
113.32092330685,23.151119021533
113.32090336447,23.151219373035
113.32088351192,23.151449732611
113.32087363056,23.151519928652
113.32070412031,23.15281310752
113.32068426776,23.152973518305
113.32063450163,23.153354482758
113.32061464908,23.153564901598
113.32056497279,23.154105858411
113.3205053253,23.154626959221
113.32045546935,23.154927922457
113.32043561679,23.15511831894
113.32043364052,23.15511840201
113.32043364052,23.15511840201
113.32042366933,23.155168576256
113.32032404725,23.155900420295
113.32022442517,23.15663226029
113.32016468785,23.157013380357
113.3201448353,23.157143715193
113.32011510139,23.157464276875
113.32009515901,23.157514616369
113.32009515901,23.157544604078
113.32008527764,23.157604828681
113.32007539628,23.157655001985
113.32007548611,23.157725028601
113.32001583863,23.15820615946
113.32002616914,23.158486015331
113.32005653187,23.158715531593
113.32012695902,23.158894376236
113.32025766247,23.159152134719
113.32065956436,23.159635254004
113.32072990168,23.159714084683
113.32076008474,23.159753541538
113.32078020679,23.159783196472
113.32082036104,23.159822487173
113.32083042206,23.159852308226
113.3208605153,23.159871828967
113.32087057632,23.159891681973
113.32094091364,23.159950493371
113.32184496831,23.160825185235
113.32240748722,23.161425753796
113.32312074179,23.162263970176
113.32344233516,23.162738688525
113.32365343696,23.163155259743
113.3239049625,23.163851258858
113.32419673213,23.164596677413
113.32419583383,23.164596843541
113.32419583383,23.164596843541
113.32426617115,23.16471570809
113.3243968746,23.164933667686
113.32444717971,23.165032845828
113.32454770009,23.165181280648
113.32458785435,23.165230620445
113.32465819167,23.165299480164
113.32472843916,23.16533835391
113.32478862563,23.165357375461
113.32485887312,23.165386281569
113.3249090884,23.165395501619
113.32493918164,23.165405053922
113.32504958338,23.165423327892
113.3251298919,23.165432049559
113.32595247025,23.165369087419
113.3260928754,23.165367010831
113.32636380434,23.165392843586
113.32652433154,23.165420337607
113.32677522827,23.165496506811
113.32709637249,23.165631650973
113.32722680645,23.165699679851
113.32742757773,23.16583673426
113.32746773198,23.165866138642
113.32750788624,23.165905510601
113.3278191491,23.166210933606
113.32786936438,23.166280208131
113.32818071707,23.166655735227
113.32850213078,23.167091149296
113.32872311393,23.167418082689
113.32949637532,23.168417483825
113.32992810094,23.168911699517
113.33003859252,23.169080230799
113.33010892984,23.169179322774
113.33027960789,23.169417126598
113.33050050122,23.169734253073
113.33084194714,23.170239843134
113.33101262519,23.170487695352
113.33107290149,23.170576902102
113.33117333204,23.170715612665
113.33122354732,23.170795018167
113.33149465592,23.171231664519
113.33155493222,23.171320953827
113.33157505427,23.17135068923
113.33158511529,23.171380590746
113.33181606963,23.171737830276
113.33201693075,23.172115418372
113.33214754437,23.172423900235
113.33215760539,23.172443751359
113.3322981902,23.172732132202
113.33232837327,23.172811785672
113.3323584665,23.172871421918
113.33237858854,23.172931224256
113.33239871059,23.172960959297
113.33249923097,23.173249837365
113.33274051583,23.173947112335
113.33290122269,23.174325275533
113.33318239231,23.174882177636
113.33319245334,23.174912078354
113.33339331445,23.17529987344
113.3334334687,23.175379442307
113.33365418237,23.175616985819
113.33380464854,23.175775375609
113.33391496046,23.175884180232
113.33392502148,23.175904113894
113.33401530118,23.175973134174
113.33411555208,23.176052038181
113.3343161437,23.17620992911
113.33493786094,23.176703534309
113.3350080186,23.176762836576
113.33517851699,23.176901125374
113.33565982908,23.177286506005
113.33618111577,23.177671636347
113.33662218377,23.178017729446
113.33687281101,23.178215567715
113.3369830331,23.178294636495
113.33705319076,23.178354021105
113.33717347386,23.178443056442
113.33739400787,23.178641226295
113.33747422655,23.178710577369
113.33770482157,23.178948779341
113.33794538779,23.179226930264
113.33799551324,23.179306579823
113.33812585736,23.179515628543
113.33823616928,23.179744859179
113.33832644899,23.179944189845
113.33832644899,23.179943940681
113.33832644899,23.179943940681
113.33843685073,23.180263201338
113.33850709822,23.180502729379
113.33854725248,23.180682458179
113.33860752878,23.180902052556
113.33863762201,23.181001883162
113.33871793053,23.181331356847
113.33881836108,23.181740726967
113.33883848313,23.181820624172
113.33896909675,23.182409802283
113.33910968156,23.183008944066
113.33929042063,23.183777841479
113.3393506071,23.184027495478
113.33942085459,23.1843070476
113.3395011631,23.184646562277
113.33961165468,23.185205912468
113.33964174791,23.185315705947
113.33966178013,23.185405567107
113.33967184115,23.185465529881
113.33969187336,23.185545424837
113.33972196659,23.185655218034
113.33988249379,23.186254262065
113.33994268026,23.186483896275
113.34005299217,23.186773243117
113.34014318205,23.186972729291
113.34021333971,23.187122302199
113.34032356179,23.187301689806
113.34040369065,23.187441213332
113.34040369065,23.187441296381
113.34040369065,23.187441296381
113.34055397716,23.187650498344
113.3406140738,23.18774019182
113.34071423486,23.187879631834
113.34092452818,23.188088500906
113.34148534031,23.188615779654
113.34190592695,23.189103940401
113.34212619146,23.189423012851
113.34223632372,23.189612612279
113.34225635593,23.189652558511
113.34240655261,23.18997196183
113.34245658823,23.190081751352
113.34311747159,23.191609493822
113.3433077327,23.192068909338
113.34338777172,23.192238656822
113.34347787176,23.192468363686
113.34364801082,23.192927942311
113.34366804304,23.192987901674
113.34391822112,23.193657252273
113.34405835678,23.194016923013
113.34414845682,23.194276689219
113.34421852465,23.194446516914
113.34423855687,23.194516441016
113.34425858908,23.19460637897
113.34426856027,23.194626392855
113.34429856367,23.194766323877
113.34430853487,23.194836330856
113.34432856708,23.194966296262
113.34433853827,23.195166268345
113.34432865691,23.19536632317
113.34426873993,23.195846486732
113.34418879074,23.19625664236
113.34387860585,23.19788737002
113.34380853802,23.198857559143
113.34381850921,23.199017498906
113.34388839738,23.199577286556
113.34394840419,23.199867102996
113.34401838219,23.200056936571
113.34409833138,23.200296760926
113.3442783518,23.200696356495
113.3444183078,23.201016065297
113.34452826039,23.201275817749
113.34470819099,23.20165548058
113.34489809277,23.202055155082
113.34498801315,23.202244985514
113.34515797256,23.202604715927
113.34519794715,23.202684683566
113.34601738144,23.204433745582
113.34608735944,23.204583713929
113.34741586345,23.20742361396
113.34791514166,23.208483993729
113.34807486038,23.208814146257
113.34852410296,23.209774706061
113.34861393351,23.209964857546
113.34868382168,23.210114985686
113.34895331333,23.210685437849
113.34908302865,23.210945669502
113.34912291341,23.211045726526
113.34916279818,23.211115807915
113.34934245928,23.211496189784
113.34941234745,23.211626387911
113.34956200515,23.211946734541
113.34967177808,23.212176988391
113.34978155101,23.21239727776
113.3502104919,23.213318453677
113.35026034785,23.213428638973
113.35028029023,23.213478708071
113.35152695862,23.216203252106
113.35169646887,23.216553977124
113.35176626721,23.216714310623
113.35193577746,23.217065034284
113.35259378624,23.218448241459
113.35276320666,23.21880909017
113.35291277453,23.219119870956
113.35296263049,23.219240098004
113.35321164077,23.219931484438
113.35335087813,23.220512189785
113.35345014089,23.221122699816
113.35352919177,23.221963028672
113.35358856976,23.222493327312
113.35357850874,23.222663201767
113.35357823925,23.22304313524
113.35356826806,23.22315306334
113.35351814261,23.223402725988
113.3528156677,23.226717789382
113.35273553885,23.226987288221
113.35268559307,23.227116972926
113.35266565068,23.227156824794
113.35255569809,23.227336158053
113.35244574549,23.227475556283
113.3523057895,23.227654806084
113.35222584031,23.227764398246
113.35188574184,23.228262543291
113.35159558916,23.228741092861
113.35155561457,23.228840887331
113.35144557214,23.229090373174
113.35132546869,23.229369746945
113.35115514997,23.229938870584
113.35111508554,23.230088643925
113.3510649601,23.230378393419
113.35101465499,23.230788109741
113.3510143855,23.231108077794
113.3510143855,23.231228044858
113.35105400077,23.231548177888
113.35106388213,23.231658181927
113.35119314829,23.232318619341
113.35144233824,23.232949580974
113.35156199253,23.233190092792
113.35161184849,23.233290299001
113.35173150278,23.233500839721
113.35202084699,23.233882153347
113.3521505623,23.234032752416
113.35272934054,23.234715759376
113.35279913888,23.234806168079
113.35311839666,23.235177930672
113.35374694103,23.235901777163
113.3540661988,23.236283831021
113.35413599714,23.23636427638
113.35435545318,23.236595732927
113.35474459912,23.236918509529
113.35484440087,23.236999203556
113.35502397214,23.237130538791
113.35582220641,23.237676798984
113.3562411761,23.238080266307
113.35647060333,23.238332225213
113.35655037286,23.23846289498
113.35675967804,23.238824685185
113.35689918489,23.239125954885
113.35694904085,23.239236367692
113.35698883578,23.239366704495
113.35707839684,23.239737458035
113.35713795449,23.240227920365
113.35713795449,23.240367886092
113.35713795449,23.240417861956
113.35718745113,23.240938290551
113.35718745113,23.240968259339
113.35717739011,23.241228099236
113.35716741891,23.241358018992
113.35709744092,23.241677297288
113.35705755615,23.241816929415
113.35692766117,23.242195645533
113.35634798463,23.243520230224
113.35611819808,23.243998143357
113.35607831331,23.244117766645
113.35591850476,23.244456380484
113.3558486166,23.244705753787
113.3557086606,23.245254556023
113.355668686,23.245424235152
113.35540871639,23.246472023836
113.35538877401,23.246571887906
113.35529885362,23.246871147616
113.35518890103,23.247270270188
113.35517901967,23.247330204879
113.35515916712,23.247370050643
113.35513922473,23.247469914033
113.35499935857,23.247968814795
113.35493935176,23.248368349101
113.35482939916,23.248997490739
113.35476948219,23.249197048958
113.35467956181,23.249596330512
113.35467489062,23.249596496533
113.35467489062,23.249596496533
113.35481457712,23.249897492596
113.35497420601,23.250258670364
113.3549941484,23.250318852727
113.35505397554,23.250489272429
113.35511380269,23.25064973072
113.35522357562,23.250970563705
113.35546306387,23.251662447966
113.35577244029,23.252254966957
113.35581232505,23.252335319565
113.35588221322,23.252435926275
113.35618161845,23.252838435353
113.35664074239,23.253382472274
113.35695011881,23.253775266532
113.35701003579,23.25384582328
113.3571797257,23.254067371223
113.35749907331,23.254450451559
113.35758890386,23.25456134958
113.3576887056,23.254702296182
113.3578683667,23.254944096451
113.35813776853,23.25527678899
113.35821762789,23.255377642475
113.35851703311,23.255720709762
113.35856688907,23.255781221659
113.35920549446,23.256538074558
113.3593052962,23.25665918058
113.35946492509,23.256870929086
113.36074204603,23.25854581375
113.3607419562,23.25854581375
113.3607419562,23.25854581375
113.36170979055,23.260027941928
113.36225856539,23.26087507827
113.36233842475,23.260996097303
113.36315660141,23.262337176635
113.36363548808,23.26301381184
113.36374526101,23.263175333911
113.36427400363,23.263962854924
113.36451349188,23.264326318188
113.36477292251,23.264720075843
113.36483274966,23.264810961981
113.36498240736,23.265123211414
113.36512218369,23.265585276135
113.36519207186,23.265866315606
113.3652221651,23.266146773476
113.36519252102,23.266436360749
113.36511302098,23.266755246312
113.36496381243,23.267183109513
113.36470501062,23.267749413996
113.36448609356,23.268236286167
113.36435673757,23.268484452503
113.36397837129,23.269129101801
113.36389878142,23.26921799294
113.36365974232,23.269494708762
113.3633409337,23.269800307264
113.36297226912,23.270115283794
113.36249392143,23.270428931612
113.36160675491,23.270977543755
113.36152707521,23.271036554698
113.3608193003,23.271487892091
113.36070970703,23.271566573038
113.35996195752,23.272067789485
113.359682854,23.272254614335
113.35940375048,23.272481526081
113.35929415721,23.272560289431
113.35903517573,23.272937506293
113.35890572991,23.273186161747
113.35882622987,23.273505362953
113.3587766434,23.273814852931
113.35878697392,23.274195054024
113.35887716379,23.274626129858
113.35905709438,23.274988152793
113.35923702498,23.275360217052
113.35973657267,23.276125920826
113.35989638122,23.276347763284
113.3599562982,23.276448434654
113.36001621518,23.276539146712
113.36018608475,23.27681119952
113.36070557483,23.277627520558
113.3607654918,23.277728273942
113.36110514112,23.278252538867
113.36116505809,23.278353291773
113.36176440753,23.279280978417
113.3619042737,23.279492773557
113.36226395522,23.280127575992
113.36247370956,23.280480371787
113.36259363335,23.280732000673
113.36265355032,23.280852835481
113.36273349951,23.281033921505
113.36293364198,23.281696767258
113.363013681,23.281967896517
113.36313387428,23.282479613089
113.36319397092,23.282730491246
113.36338414219,23.283443205017
113.36347415241,23.283714496657
113.36363405079,23.284046784586
113.36373394236,23.284238239812
113.36377391696,23.284328780527
113.36393363567,23.284531023859
113.36411329678,23.284743640437
113.36416324256,23.284804387968
113.36431299009,23.284946547039
113.36452256477,23.285169619457
113.36489176833,23.285465057048
113.365370655,23.285832195423
113.36607896889,23.286372942574
113.36651788097,23.286699746635
113.3666276539,23.286791447477
113.36657806743,23.286920741405
113.3665759115,23.286920824393
113.3665759115,23.286920824393
113.36656665895,23.287660818072
113.36656674878,23.287790858026
113.36656683862,23.287860898636
113.36655713692,23.288030771859
113.36655722675,23.288160811447
113.36654743522,23.288280643601
113.36651779113,23.288430184683
113.36643838093,23.288709017766
113.36617023673,23.28959505576
113.36580265012,23.290749709413
113.3657332111,23.290978663896
113.36559415341,23.291446695743
113.36545509572,23.291884685741
113.36524659901,23.292641746105
113.3652168651,23.292751284238
113.36509765995,23.293119564051
113.36503819213,23.293368762267
113.36500845822,23.29348834073
113.36500854805,23.293548337379
113.36497890397,23.293717954311
113.36496911244,23.293857863221
113.36495932091,23.293947733456
113.36496938193,23.294057934363
113.3649895938,23.294358247961
113.36500971584,23.29452861069
113.36501977687,23.294658809821
113.36505984129,23.294899457972
113.36507996334,23.295069819999
113.36507026164,23.295269723335
113.36506055994,23.295429629188
113.36502103449,23.295679071974
113.3650510379,23.295769521836
113.36504933112,23.295769438854
113.36504933112,23.295769438854
113.36497971244,23.295938389072
113.36462155803,23.296683310898
113.36416360189,23.297376863597
113.36362569655,23.297949344699
113.36303784542,23.29848132918
113.36295825555,23.298560242933
113.36260962318,23.298895646597
113.36170278377,23.299763941473
113.36143374127,23.30001055476
113.36134418021,23.300109465478
113.36134337174,23.300109548457
113.36134337174,23.300109548457
113.36129351578,23.300168961234
113.36109427162,23.30039648869
113.36093491222,23.300654551813
113.36079558504,23.300972939605
113.36070611381,23.301331902868
113.36064655615,23.301581251484
113.36052735101,23.302149897324
113.36041802723,23.302658631216
113.36034849839,23.302947806267
113.36010990844,23.304105163923
113.3599110236,23.305042958017
113.3598713185,23.305272551429
113.35974214217,23.306041151249
113.35973226081,23.306081062226
113.35973226081,23.306131096136
113.35971240825,23.306230914974
113.35970252689,23.306320776756
113.35949358103,23.307378535757
113.3593244301,23.308266688297
113.35922489785,23.308755650881
113.35913533679,23.309184705132
113.35936530301,23.310877344097
113.3594052776,23.31118782482
113.35940375048,23.311187741848
113.35940375048,23.311187741848
113.35980304728,23.3119822771
113.35989287783,23.312173276818
113.36006256774,23.312585227913
113.36022228646,23.312987138272
113.36048171709,23.313620202674
113.36078103249,23.314363779799
113.36110029027,23.31518766697
113.36123997677,23.31552941684
113.36149931757,23.316212665008
113.36154917353,23.316333301292
113.36166882782,23.31661481318
113.3616987414,23.316705165675
113.36178848212,23.316946271292
113.3618084245,23.31698651083
113.36186825165,23.31710731234
113.36224715691,23.317652245243
113.36243660954,23.318014730571
113.36260611979,23.318396961099
113.3627158029,23.318798438851
113.36273574528,23.318978725941
113.36275568766,23.319108983831
113.36277563004,23.31926927553
113.36281542498,23.319769812478
113.36313432343,23.320634070113
113.3643397596,23.323940713642
113.36507654977,23.326111192488
113.36510646335,23.326181627501
113.36555444831,23.32736814899
113.3663209724,23.329089589935
113.36681863365,23.330177114179
113.3672366152,23.331103522763
113.36738582375,23.331475843097
113.36753494246,23.33197815863
113.36768397135,23.332560444043
113.36772367645,23.332761036995
113.36781305785,23.333152432948
113.36788249686,23.333513465231
113.36799173081,23.334035102033
113.36803143592,23.334195707349
113.36849819546,23.336132993496
113.36874639727,23.337196900099
113.36877622102,23.337307396572
113.36884574986,23.337578494129
113.36899477875,23.338090823848
113.36904445504,23.338221643471
113.36933281111,23.338956288213
113.36943225353,23.33920788816
113.36945219591,23.339238249347
113.36974055198,23.33992295033
113.36992946563,23.340326021361
113.3701681454,23.3408299621
113.37032723531,23.341162603405
113.37051614896,23.34155571632
113.37088400506,23.342371801367
113.37094365255,23.342482791196
113.37115241875,23.342976271744
113.37137115614,23.343479953456
113.37148047992,23.343791767302
113.37163948,23.344234394038
113.37177853769,23.344666733404
113.37192756657,23.345129265271
113.37199709542,23.345360447643
113.37199709542,23.345420420614
113.37201694797,23.34549076232
113.37220568196,23.346083937171
113.37246394479,23.346908288986
113.37251362109,23.347039099822
113.37280161784,23.348003960497
113.37305979084,23.348868364127
113.37330808248,23.349712605838
113.37342719779,23.350174622239
113.37356607582,23.350756992839
113.37370504369,23.351289344161
113.37380421662,23.351720996717
113.3739532455,23.352183586667
113.37398306924,23.352274080583
113.37401289299,23.352314641081
113.37409239302,23.352556013109
113.37413209813,23.352676698956
113.37435074569,23.353280458309
113.37452968814,23.353693524654
113.37468877805,23.354066278588
113.37472857298,23.35414698374
113.37488766289,23.354489793456
113.37523566644,23.355235876349
113.37539475635,23.35555869378
113.37573287854,23.356274579241
113.37605114819,23.3569701398
113.37643903651,23.357786958414
113.37665786373,23.358270760135
113.3768965435,23.358774963733
113.37690651469,23.358805154511
113.37720493178,23.359450356304
113.37739393526,23.359873687907
113.37756299636,23.360236637269
113.37783158971,23.360771355397
113.37787138464,23.360842020636
113.37791117957,23.360912685836
113.37817986275,23.361367447009
113.37842869338,23.361711813712
113.37843866457,23.361731968093
113.3787671749,23.362117720702
113.37970311941,23.363074176588
113.37983256523,23.363206464205
113.37990227374,23.363277708704
113.38001177718,23.363389593176
113.3800615433,23.363450470232
113.38066897749,23.364051028338
113.38071874361,23.364121857686
113.3808183657,23.364223540032
113.38116690823,23.364549569927
113.38146568465,23.364794734585
113.38148562703,23.364815054368
113.38152551179,23.364845741382
113.38166492881,23.364958122143
113.38211318326,23.365315749429
113.38245184443,23.365561493217
113.38248175801,23.365581978756
113.38269097336,23.365725543319
113.38282050902,23.365817686638
113.38293010229,23.365889510278
113.38327882449,23.366105312711
113.38370722638,23.366392440532
113.38559034422,23.367612934098
113.38595900881,23.367828733695
113.3861583428,23.367941858322
113.38671646001,23.368260497694
113.38776298593,23.368786226084
113.38865015245,23.369239135378
113.38882963389,23.369321655764
113.38885954747,23.369342057782
113.38890940342,23.369372743736
113.38909885605,23.369465382102
113.3912625147,23.370564348443
113.39140211138,23.370636086548
113.39217007276,23.371025544991
113.39436463312,23.372110399597
113.3968794394,23.373374379486
113.3970591005,23.3734958755
113.39714893105,23.373556664931
113.39756817023,23.373830092623
113.39797743822,23.374103270949
113.39813715694,23.374214482727
113.39841670961,23.374436574273
113.39879615386,23.374759261507
113.40083351076,23.376481573555
113.40213237069,23.377607516187
113.40232227248,23.377778268519
113.40281193881,23.378200048216
113.40464124815,23.379774702539
113.40471122615,23.37983482563
113.40583114363,23.380776059398
113.40591118265,23.380836099103
113.40634129133,23.381206205126
113.40646130494,23.381326201185
113.4071815663,23.382015989809
113.40827210919,23.382894681383
113.40911274349,23.383592920202
113.40980336076,23.384151011024
113.41061417132,23.384728255211
113.41087450025,23.384897256834
113.411194836,23.385085911481
113.41148516834,23.385254580943
113.41194572957,23.385512394367
113.41221611953,23.385651044542
113.41264667736,23.385828669133
113.41387852371,23.386291055827
113.41528086844,23.38666073182
113.41685389122,23.387077258724
113.41763550684,23.387289792248
113.41886834132,23.387607140727
113.41974050614,23.387827468184
113.42248797354,23.388533641308
113.42711262997,23.389716613728
113.42766454887,23.389857912957
113.42779498283,23.389895808323
113.42878850873,23.390149798208
113.42948101244,23.390298394085
113.42955125993,23.390307266713
113.42989243637,23.390371613978
113.43039422983,23.390443175397
113.43162868126,23.390552134424
113.43181939152,23.390548900481
113.43232118497,23.390550227227
113.43272263771,23.390553295326
113.43319433793,23.390545169009
113.43335495495,23.390552383189
113.43370619241,23.390546329912
113.43468974711,23.390548983403
113.43507116763,23.390552217345
113.43540237287,23.390556363425
113.43595438161,23.39055661219
113.43600459689,23.390565733565
113.43692796512,23.390569382115
113.4378111791,23.390573694038
113.43841340311,23.390573113587
113.43865432865,23.390578835176
113.43925655266,23.390578337646
113.43940710866,23.390595668256
113.43998930047,23.390655454695
113.44024019719,23.390701061531
113.44088257546,23.390859939037
113.44124396377,23.390983740635
113.44153510459,23.391098752463
113.44194670817,23.391291710077
113.44438596695,23.392441240667
113.44588146596,23.393157505147
113.44679477318,23.393593497515
113.44742700059,23.393893998066
113.44753740234,23.393952373369
113.44825981963,23.394231811604
113.44902230135,23.394520950776
113.44967438132,23.394721946486
113.45172045178,23.395345246814
113.45213160621,23.39547020503
113.45231207579,23.395527999202
113.4529036998,23.395741016522
113.45342516614,23.395955111432
113.45400681896,23.396268707604
113.4545082531,23.396583380957
113.45470884472,23.396731306193
113.45517021443,23.397126740041
113.45542093149,23.397364298279
113.45568170958,23.397621839113
113.45585220797,23.397820259636
113.45596260972,23.397979294339
113.45626354206,23.398386581498
113.45640394721,23.398575382546
113.4564033184,23.398575133796
113.4564033184,23.398575133796
113.45698533054,23.399560261245
113.45752718842,23.400475981181
113.45847022955,23.402019026089
113.45876101104,23.402377049707
113.45900166709,23.402665424665
113.45982370646,23.403570261229
113.46049527966,23.404346493752
113.46133744107,23.405532391054
113.46188891083,23.406460091381
113.46228012287,23.407338618937
113.46234030934,23.407468374536
113.46242052803,23.407648125211
113.4629517859,23.408536428197
113.4630520368,23.408676131823
113.46346283191,23.409205014407
113.4642843323,23.410273136802
113.46443461881,23.410462832703
113.46583678388,23.412261282101
113.46611714503,23.412621184573
113.46617724167,23.412691158586
113.46665783511,23.413321171735
113.4670382675,23.41381140095
113.46735860324,23.41419169419
113.46805910188,23.414852541225
113.46845929698,23.415163190409
113.468609314,23.415273455354
113.46961954838,23.416056002172
113.47047949624,23.416688900793
113.47121934066,23.417241959158
113.47169921547,23.417644212102
113.47315869243,23.418962303095
113.47373836897,23.419486004094
113.47490742376,23.420534394631
113.47492736615,23.420544508748
113.47583645132,23.421331832352
113.47660549067,23.421958570717
113.47667537884,23.422019171847
113.47709479768,23.422343068244
113.47715471466,23.422383607051
113.4788420019,23.423690707398
113.47929115465,23.42401559446
113.47969036162,23.42431005634
113.47997988548,23.424643397663
113.48023940595,23.424926417955
113.48061876036,23.425460954902
113.48099811478,23.426025582048
113.48154706928,23.426762470277
113.48238536798,23.427933408548
113.48240531036,23.427963666283
113.48248516972,23.428074749414
113.48276454273,23.428508470109
113.48314371749,23.429203647104
113.48323354804,23.42936488188
113.48340323795,23.429807219554
113.48344312272,23.429897742746
113.48360275161,23.43029995676
113.48385221105,23.430953510444
113.48406169589,23.431406453394
113.48424126716,23.431719052746
113.48483971829,23.432767759671
113.4849394302,23.432929238735
113.48530836428,23.433514723009
113.48578698145,23.434291938349
113.486684209,23.435825714829
113.48691345656,23.436219289764
113.48697328371,23.436330200094
113.48723244485,23.436724270864
113.48727232961,23.436784865149
113.48744175003,23.437017543627
113.48746169241,23.437027822254
113.48758125688,23.437179763468
113.48770082134,23.437311644652
113.48807954694,23.437687724959
113.48830879451,23.437881442782
113.48841838778,23.437963256769
113.48887679308,23.438330714504
113.48913586439,23.438525011612
113.48943482047,23.438760007941
113.48948467642,23.43880087322
113.49002276142,23.43922991644
113.49013235469,23.439311729584
113.49016226827,23.439342233356
113.49035154124,23.439505444999
113.4904711057,23.439617430116
113.49065040748,23.439770445895
113.49093930253,23.440015386814
113.491058867,23.440117424673
113.49134776205,23.440362364942
113.49136770443,23.44039270269
113.492065059,23.441064773171
113.49289185939,23.441869214114
113.49420661933,23.443142384092
113.49422656172,23.443152745125
113.49443568724,23.443396436382
113.49479420097,23.443802753242
113.49517256725,23.444329421564
113.49548113519,23.444914854759
113.49558066744,23.445146607002
113.49594879304,23.446233085213
113.49624694064,23.44763824919
113.49633632204,23.448069832827
113.49639587969,23.448370871308
113.49640585088,23.448411070502
113.49644555599,23.448601788571
113.49654490857,23.449053509962
113.49670381882,23.449806264964
113.49699181557,23.45117127505
113.49718045972,23.452054558022
113.49724989874,23.452415759941
113.49726975129,23.452486127064
113.49729957503,23.45262661255
113.4976470396,23.45419258035
113.49780586002,23.454905274307
113.49790512278,23.455356973894
113.49800429571,23.455858648686
113.49809358727,23.456260202619
113.49814317374,23.456481077476
113.49827217041,23.457073252312
113.49833172806,23.457314265458
113.49856986885,23.458408350146
113.49873839097,23.459271196166
113.49884735543,23.459883000349
113.49898632329,23.460455352086
113.49918493864,23.461138756331
113.49936370143,23.46168184716
113.49975141009,23.462538538722
113.49992047119,23.462851477954
113.50010947467,23.463144774927
113.50031842053,23.463468403628
113.50041786295,23.463620148332
113.50057704269,23.463852861879
113.50098505305,23.464349863031
113.50154236179,23.465019406864
113.5016020991,23.465090430189
113.50194049079,23.465516154952
113.50252762327,23.466266080207
113.5027664827,23.466570060174
113.50285604376,23.466681524843
113.50310478456,23.467055614493
113.50337337791,23.467550034393
113.50341317284,23.467630669576
113.50350264407,23.46781216071
113.50357226275,23.467973264957
113.50448718691,23.469918019516
113.5048253091,23.470643389715
113.50487507523,23.470754187939
113.50536240597,23.471811862877
113.50606883342,23.473072807706
113.50612857074,23.473163715257
113.50627786911,23.473365998835
113.50645708106,23.473568779313
113.50658652688,23.473710733747
113.50693515925,23.474035993616
113.50729376281,23.474311365859
113.50749300697,23.474444369699
113.50758265786,23.474505692295
113.50796129364,23.474711288521
113.50924685865,23.475409617176
113.51004419462,23.475830501954
113.51064228643,23.47615840829
113.51190835822,23.476824411118
113.5120379837,23.476896008084
113.51340403689,23.477611975582
113.51472050361,23.478306062544
113.51638659084,23.479011995578
113.51668599607,23.479114665882
113.51677582662,23.479145408951
113.51913154299,23.479903376625
113.51978056872,23.480107472777
113.5200901248,23.480209313571
113.52149830851,23.480656533756
113.52168812047,23.480717356246
113.5223674191,23.480930069008
113.52319664491,23.481172861101
113.52384611979,23.48137455221
113.52423589456,23.481485424182
113.52446577094,23.481555858495
113.52451571672,23.481575911551
113.52534530186,23.48183701532
113.52550520024,23.481887147847
113.52557517824,23.481917227354
113.52626489721,23.482177501805
113.5265547804,23.482287461597
113.52664479061,23.482327401755
113.52718467222,23.482607148242
113.52726462141,23.482657114746
113.52828455749,23.483185780734
113.52845451689,23.483285464691
113.52904452395,23.483624124417
113.52978472769,23.484041999642
113.52982470228,23.484061886592
113.53008476173,23.48420101229
113.53074501628,23.484558562168
113.53113515036,23.484866891183
113.53143527423,23.485195520553
113.53149528104,23.485265207108
113.5318753541,23.485753343396
113.53224545597,23.486241394996
113.53242556623,23.486460396164
113.5335963278,23.488003171494
113.53394657711,23.488450779244
113.5341267772,23.488679554104
113.53463728422,23.489335798487
113.53495761997,23.48974338093
113.5350177166,23.489812899336
113.53528801673,23.490170765257
113.53591880686,23.490985509357
113.53595887129,23.491035141218
113.53595932044,23.49103505836
113.53595932044,23.49103505836
113.53615955274,23.491293326025
113.53706091249,23.492505114053
113.53715110236,23.492604293744
113.53736148551,23.492802238615
113.53821307913,23.493613734873
113.53841349109,23.493771658716
113.53974639681,23.494607094203
113.5399468986,23.494704780894
113.54054831414,23.494927662046
113.54101947538,23.495101906784
113.54126004159,23.495188904784
113.54235292007,23.495474920654
113.54292451187,23.495607322921
113.54379703601,23.495805346086
113.54493042807,23.496059130145
113.54517117395,23.496115554154
113.54573288439,23.49623718468
113.54622443716,23.496349701101
113.546595617,23.496433964071
113.54690661036,23.496509113007
113.54753865812,23.496679130064
113.54771921753,23.49672627413
113.54798008545,23.496802085731
113.54828110762,23.496897202299
113.5486724095,23.49706083909
113.54897343168,23.497215941722
113.54934470135,23.497449838131
113.54977624731,23.497732700602
113.55024794754,23.498064777376
113.55193406698,23.49921602002
113.55250619776,23.499586122278
113.55336937952,23.500101049011
113.55359018302,23.500237174918
113.55641095215,23.501727342461
113.56007505049,23.503662728658
113.56032603705,23.503788328927
113.56073764064,23.50401119454
113.56096850515,23.50413720872
113.5611391832,23.504224283535
113.56120943069,23.504263057079
113.56148044946,23.504428424454
113.56208276331,23.504878212713
113.56280562975,23.505476050071
113.56292609252,23.505574060008
113.56301646205,23.505652517614
113.56332763508,23.505877368399
113.56339788257,23.505926166105
113.56369899458,23.506101224617
113.56387964382,23.506208264538
113.56397998454,23.506256647879
113.56403019982,23.506285810432
113.56437146608,23.506440239297
113.56449192885,23.506478266549
113.56570625824,23.506958867086
113.56834512051,23.507888995168
113.56882670209,23.50806214556
113.56910760222,23.508168189706
113.57061217412,23.508707770808
113.57225688168,23.509327047761
113.57253769198,23.509453719567
113.57334993982,23.509914343277
113.5734301585,23.50997341235
113.57360065689,23.510101491905
113.57389152821,23.510398327801
113.57408205881,23.510586304187
113.57433277588,23.510843621798
113.57449330307,23.511051977443
113.57545655607,23.512702490323
113.57561708327,23.512970987679
113.57566720871,23.513050517798
113.57593813766,23.513508063573
113.57598835293,23.513597617429
113.57615894115,23.513876054138
113.57646993452,23.514393326825
113.57658033627,23.514602339533
113.57672074142,23.514791138279
113.57700164155,23.515218771809
113.57702167376,23.515248595094
113.57737264172,23.515665706165
113.57800424033,23.516290748952
113.57865569148,23.516785976215
113.57976788354,23.517488718528
113.5810400638,23.518191705569
113.58143064703,23.518369812689
113.58176113363,23.518508321872
113.58260212725,23.518804972921
113.58270219848,23.518834629705
113.58330280555,23.519032700397
113.58343288018,23.519072297931
113.58411352627,23.519320569227
113.5842135975,23.519350391573
113.58501416737,23.519649028854
113.58566454056,23.519888352384
113.58591471865,23.520008221082
113.5860948289,23.5200881611
113.58628491035,23.520198088899
113.58683530213,23.520588178582
113.58728553285,23.520908433965
113.58746564311,23.521068561361
113.58783583481,23.521378957776
113.58796590945,23.521489132999
113.58864628604,23.522060385898
113.58933654399,23.522632050478
113.58958663225,23.522842789548
113.59006677654,23.523244302861
113.59056686322,23.523646146284
113.59076691586,23.523816956285
113.59088692947,23.523917437524
113.59094693628,23.523977659961
113.5910669499,23.524068200656
113.59182691636,23.524711758456
113.59247675056,23.525255247125
113.59252678618,23.525305528617
113.59299659996,23.525678290308
113.59383624612,23.526363672017
113.59409603608,23.526545495541
113.59496523649,23.527051866504
113.59529491461,23.527214471386
113.59647331178,23.527634443321
113.59733182235,23.527822394818
113.59846952628,23.527923784143
113.59860921279,23.527945238246
113.59941741825,23.528013990755
113.59961693191,23.528036273187
113.60085398843,23.528150832989
113.60107344446,23.528163506627
113.60162203964,23.528220413731
113.60199106354,23.528255121254
113.60207083307,23.528256115264
113.60565067036,23.528566494535
113.6057104975,23.528567405708
113.60576035346,23.528578174124
113.6059398349,23.528590930555
113.6061691723,23.528624478303
113.6063885385,23.528657860376
113.60643839446,23.528668628784
113.6066178759,23.528711453908
113.6069568964,23.528836781511
113.60710646426,23.528899155349
113.60727597451,23.529001869174
113.60758517127,23.529216822439
113.60778468492,23.529400050145
113.6079642562,23.529582946259
113.60853306324,23.530332337209
113.60885241085,23.530787668588
113.60892229902,23.530878867204
113.60892247868,23.530878867204
113.60892247868,23.530878867204
113.60899227702,23.530969982924
113.60918181948,23.531203156044
113.60940136535,23.53147683366
113.60948122471,23.531578220137
113.60976059772,23.531922966699
113.60988034185,23.532075045863
113.6099301978,23.532135927178
113.6101995098,23.532390551579
113.61048876417,23.532675491762
113.61083784569,23.532981470438
113.61111703904,23.533216296573
113.61162565962,23.533645112023
113.61213419037,23.534063986402
113.61237349896,23.534288208301
113.6127823178,23.534665417081
113.61301165519,23.534879449859
113.61314128068,23.535001789645
113.61329093838,23.535184429394
113.61330090957,23.535204639854
113.61342065369,23.535396804726
113.61344059607,23.535437142747
113.61350051305,23.535548217192
113.61360031479,23.535720005521
113.6137799759,23.536073272513
113.61387986747,23.536335095332
113.61394975564,23.536506385648
113.61439908805,23.537654555046
113.61464872715,23.538309144561
113.61490824762,23.538883885188
113.61523774608,23.539749925642
113.61529766305,23.539901001733
113.61538749361,23.540102601902
113.61540743599,23.540173004516
113.61551720892,23.54046505072
113.6157967616,23.541220176789
113.61595657015,23.541763099536
113.61603651934,23.542164554455
113.61609652614,23.542505711478
113.61614656176,23.542796675719
113.61615680244,23.543296937224
113.61614710074,23.54362682716
113.61613730921,23.543806638771
113.61607802105,23.54442566588
113.61588937689,23.545432386172
113.61574034801,23.546109795628
113.61564099542,23.546548093153
113.6154521716,23.547444809506
113.61532299527,23.548072515554
113.61514405281,23.548929384494
113.61508449516,23.549208325339
113.61504479005,23.549367589692
113.61491552389,23.549995286455
113.61489567134,23.550074959584
113.61479631875,23.550563184187
113.61473685093,23.551312122961
113.6147967679,23.552113233385
113.61485668488,23.552904317837
113.61493645441,23.553475764036
113.61502619513,23.553787408202
113.61510587483,23.553958841161
113.61520549691,23.554180627039
113.6152951478,23.554332266084
113.6153748275,23.554443655657
113.61542468345,23.55452456832
113.61555421911,23.554706849376
113.61567378357,23.55485898471
113.6159925922,23.555144703826
113.61656050094,23.555594896498
113.61685936718,23.555830261509
113.61709849611,23.556024549124
113.61729774027,23.556178090793
113.61789547276,23.556718797849
113.61823422377,23.557114823553
113.61853309001,23.55761014384
113.6187024206,23.557983144194
113.6187821003,23.558164592247
113.61884183761,23.558335688171
113.61915058522,23.559201184961
113.61924023611,23.559452775042
113.61929997342,23.559603828234
113.61941944806,23.560005890563
113.61959866,23.560409028225
113.61979781434,23.560792537851
113.61996714492,23.561065490676
113.62021615521,23.561409827798
113.62041530954,23.561673338658
113.62053487401,23.561805425139
113.62087353518,23.562181311887
113.62166045081,23.562964881956
113.62191943229,23.563229300593
113.62204896794,23.563351530886
113.62227803585,23.563585474047
113.62309486505,23.564419302012
113.62356306188,23.564887101255
113.62447951316,23.565802157746
113.62467875732,23.566005373941
113.62467767936,23.566005291131
113.62467767936,23.566005291131
113.62502649139,23.565950967681
113.62540530682,23.565887121035
113.62563455439,23.565890764684
113.62585383076,23.565904262744
113.62681061596,23.566119154998
113.62758809938,23.566310942928
113.62800670974,23.566437145194
113.6282459285,23.566550677443
113.62842532011,23.566703295765
113.62872427619,23.567027578051
113.62915276791,23.567513585916
113.62938192565,23.567766733269
113.62948154773,23.567858071561
113.62958116981,23.567949409789
113.62972067666,23.568051347482
113.62985030214,23.568123142706
113.62996995644,23.56817473256
113.63021923622,23.568258120932
113.63146563511,23.56863432024
113.63167503012,23.568706943226
113.63182459799,23.568748844269
113.63231327619,23.568904772339
113.63269227128,23.569049272693
113.63303129178,23.569233189531
113.63329054275,23.569426132173
113.63337031228,23.569477059046
113.63369936159,23.569730699418
113.63377913112,23.569801582829
113.63401843971,23.570024169737
113.63415803638,23.570205683777
113.63420789234,23.570256196308
113.63449696705,23.570709234859
113.63480589432,23.571332356953
113.63488566385,23.571473128307
113.63494549099,23.571563718734
113.63508508767,23.571715089067
113.63534433864,23.57195762902
113.63549390651,23.572099062147
113.63559361842,23.572210022455
113.63580301343,23.572432025591
113.63583292701,23.572482288837
113.63607223559,23.572814506047
113.63612209155,23.572854998067
113.63615200512,23.572885304969
113.63625171703,23.572956186657
113.63630157299,23.572986659147
113.63691008514,23.573451943367
113.63712954118,23.573613744964
113.63738888198,23.573845847926
113.63753853968,23.57398703058
113.63761830921,23.574137652844
113.63769807874,23.574278255548
113.63774793469,23.574378614981
113.6378476466,23.574559377693
113.63786758899,23.574589518588
113.6381963688,23.57546186261
113.63827613833,23.575592444595
113.63838591126,23.575683197755
113.63854562998,23.575774364871
113.63869537751,23.575835391324
113.63917453367,23.576028655371
113.63943414396,23.57610036338
113.63969384409,23.576102019454
113.63980370685,23.576082808998
113.64012341378,23.575994788641
113.64019339178,23.575955291246
113.64068296828,23.575788110316
113.64228195209,23.575235641638
113.64275176587,23.575077485454
113.64296169987,23.575028299669
113.64303167787,23.575018611558
113.64348154927,23.574860041087
113.64360147305,23.574850435767
113.64402125122,23.574831556344
113.64443096836,23.574912373504
113.64461089896,23.57495269926
113.64523046027,23.575263546662
113.64539035865,23.575343701119
113.64552025362,23.575413836229
113.64591999957,23.575644031481
113.64641972693,23.575914137763
113.64676952709,23.576114025987
113.64715939169,23.576333786753
113.64731929007,23.576483661063
113.64746921726,23.5766335352
113.64750919185,23.576673529209
113.6477389784,23.576973194069
113.647848931,23.577103029306
113.64798879716,23.577322788397
113.64820879218,23.577452457679
113.64871867039,23.57775145832
113.64917869264,23.577950350084
113.64968884034,23.57805890412
113.64983894719,23.578058490108
113.64994898962,23.578058241701
113.65038933898,23.578046814965
113.65074964932,23.578045490125
113.65093982059,23.578044827706
113.65111993085,23.578064037871
113.65143020557,23.578112642889
113.65156028021,23.578142037737
113.65170032604,23.578201324228
113.65181036846,23.578260776297
113.65208048893,23.578449399811
113.65236058059,23.578647876495
113.65257060442,23.578846684084
113.65286066726,23.579104943051
113.6530307165,23.579263922345
113.65324083016,23.579452627203
113.65392111692,23.580118101511
113.65494186147,23.580940562431
113.65513203275,23.581079087753
113.65546233968,23.581336431474
113.65563247875,23.581465020343
113.65615295696,23.581860556586
113.65617298917,23.581870409787
113.65651335713,23.582127337939
113.65779487977,23.583135008059
113.65813533756,23.583411474277
113.65866605645,23.583835818556
113.65898657186,23.584042318469
113.65916686177,23.584140351994
113.65986807905,23.584512365364
113.6600484588,23.584600297146
113.66092017447,23.585049808123
113.66168184771,23.585330244557
113.66238360397,23.585491120572
113.66285476521,23.585604801753
113.66285440589,23.585602980206
113.66285440589,23.585602980206
113.66307502972,23.585589980979
113.66328568237,23.585567211629
113.66341611633,23.585545518644
113.66374714191,23.585451046483
113.66382736059,23.585430015861
113.66420860145,23.585294724298
113.66442931511,23.585211678061
113.66458993213,23.585109505448
113.66493128823,23.584774670165
113.66520239683,23.584520810792
113.66528270534,23.584449687023
113.66573446318,23.58410309264
113.66602551417,23.583958774639
113.66620616341,23.583916133317
113.66631647532,23.583914560141
113.66653718899,23.583911248193
113.66676787384,23.583947679616
113.66709889942,23.584002492329
113.66743998603,23.584047120789
113.66772088616,23.584102678647
113.67005836693,23.584544242712
113.67094131141,23.584659249494
113.67167387955,23.584706692867
113.67229604595,23.584725902046
113.67268743766,23.584739066956
113.67463442502,23.584804808688
113.67544730168,23.584860366221
113.67625020714,23.584916089327
113.67663162766,23.584939272781
113.67684237013,23.584955501197
113.67703308039,23.58496212504
113.67725388389,23.584978187856
113.67752490266,23.584963449808
113.6779163842,23.58490656755
113.67844845055,23.584767218332
113.67862918962,23.584694107541
113.67916134581,23.58448487632
113.67980390374,23.584223730111
113.67986409021,23.584212800709
113.68015523102,23.584137785239
113.68026563277,23.584115926419
113.68040612775,23.584083552174
113.68068720755,23.584018720862
113.68119906203,23.58395993382
113.68176113178,23.583890382919
113.68354759195,23.583670386551
113.68757128199,23.583156949843
113.68928659636,23.582932232671
113.689497249,23.582909380055
113.68957746768,23.582898367743
113.69107170907,23.582778474234
113.69152292793,23.582762825142
113.69201421121,23.582756780783
113.69214455534,23.582745271661
113.69251546568,23.582790811347
113.692655781,23.582819128744
113.69300656931,23.582864999602
113.69368793403,23.583077214207
113.69371802727,23.583086901717
113.69410879017,23.583202572184
113.69417894783,23.583221781586
113.69451958528,23.583338114326
113.69521083137,23.58357094509
113.69548131115,23.583668233781
113.69636272852,23.583949832382
113.69689362708,23.584045133622
113.69713401363,23.584093074011
113.69834573793,23.584313400857
113.698876367,23.584429567021
113.69899647044,23.584458712043
113.69964711313,23.584654364399
113.70030763717,23.584930330592
113.70132829189,23.585374789763
113.70191856844,23.585682051909
113.70282882141,23.586158385456
113.70318886226,23.586347163086
113.70415885255,23.586884432652
113.70448888999,23.5870236968
113.7045188934,23.5870236968
113.70485890203,23.587123052819
113.70512893267,23.587192601987
113.70541899552,23.587242279941
113.70610907381,23.58725171875
113.70649911806,23.58725171875
113.70670914189,23.587261737135
113.70749902192,23.587282105087
113.70951805339,23.587455729335
113.71231546658,23.587686979581
113.7128548092,23.587729950849
113.71484186099,23.587913096054
113.71567045799,23.587989599671
113.71590006488,23.588011540635
113.71599986662,23.588012368596
113.71634921764,23.58802536758
113.71685828737,23.588039939689
113.71711780783,23.588022469718
113.717187696,23.58800317823
113.71741730289,23.587925432679
113.71759705382,23.587817300877
113.71764699961,23.587777889877
113.71773683016,23.587728874497
113.71835603214,23.587245343414
113.71883536796,23.586890559616
113.71929467157,23.586565747367
113.71975397518,23.586201108839
113.72013341943,23.585895669465
113.72052274503,23.585610431991
113.72057269082,23.585521093333
113.72065255018,23.585452122853
113.72085224349,23.585304660036
113.72101196221,23.585206710188
113.72112173515,23.585148172079
113.72115164872,23.58512863177
113.72131127761,23.585120683169
113.72131127761,23.585115880889
113.72131127761,23.585115880889
113.72066359934,23.584438095252
113.72060404168,23.584277466327
113.72059433998,23.584067489246
113.7206746485,23.583578645389
113.72080499263,23.582960467237
113.72091494522,23.582701967544
113.72145437768,23.58193888537
113.72147440989,23.581849212984
113.72156468959,23.581320533807
113.72158481164,23.581120902003
113.72166538964,23.580342161149
113.72173572696,23.579843201501
113.72199542709,23.579436729305
113.72342337352,23.577396317355
113.72349335152,23.577207443902
113.72357455834,23.575638897634
113.7238643517,23.574903182211
113.72392426868,23.574754134121
113.72397430429,23.574554989045
113.72397412463,23.574553498561
113.72397735853,23.574557307576
