113.26038883415,23.128797729869
113.26030789683,23.128904163579
113.26030789683,23.128904163579
113.26034769176,23.129064852561
113.26039745788,23.129275725398
113.26049699013,23.129627428638
113.26060649358,23.129969326831
113.26064628851,23.130090050332
113.26066623089,23.13012037659
113.26075579195,23.130391900147
113.26079558689,23.130522593509
113.26087526658,23.130753986082
113.26100471241,23.131266205547
113.26100471241,23.131266122462
113.26100471241,23.131266122462
113.26135343461,23.131262217471
113.26156273979,23.131255903017
113.26204108748,23.131254158234
113.26241981308,23.131250668668
113.26396453923,23.131256567697
113.26402436638,23.131257564716
113.26432332245,23.131302430563
113.26462227853,23.131327272942
113.26520033812,23.131356601899
113.26531990259,23.131368483033
113.2654992942,23.131381361183
113.26583822486,23.131396731878
113.26687495925,23.1314627843
113.2676525325,23.131494522685
113.26783201394,23.131507151569
113.2686395906,23.131568883532
113.26866950417,23.131559411873
113.2687492737,23.131550604892
113.26877918727,23.131551020315
113.26877918727,23.131550687977
113.26877918727,23.131550687977
113.26978636741,23.131604776126
113.26995587766,23.131607102498
113.27041464228,23.131623220928
113.27053429658,23.131624799537
113.27063400849,23.131626128892
113.27097311882,23.131640585627
113.27190070909,23.131682294128
113.27194059385,23.131682792636
113.27329730466,23.131748761831
113.27394579141,23.131775930495
113.27402565077,23.131776761341
113.27464431378,23.131823288704
113.2752730378,23.131859596653
113.2752730378,23.131859679737
113.2752730378,23.131859679737
113.27620125689,23.131908450353
113.27741908967,23.131978905997
113.27749894902,23.131979570673
113.27788827463,23.132012638285
113.2782078019,23.132055094429
113.27827769007,23.132075616278
113.27865713432,23.132198331886
113.27936607703,23.132483061568
113.2794359652,23.132503500267
113.27957574153,23.132544377656
113.27978549587,23.132605693715
113.28034478088,23.132718937256
113.28041466905,23.132729322756
113.2817732663,23.132875965924
113.2828623719,23.132960129891
113.28314219407,23.132980983935
113.28355191121,23.133032163569
113.28362188921,23.133042382876
113.2837718164,23.133062738405
113.28389174018,23.133073040794
113.28399172159,23.133093230151
113.28513131196,23.133265213435
113.28521126115,23.133275266557
113.28521144081,23.133275266557
113.28521144081,23.133275266557
113.28590124961,23.133335751442
113.28597122761,23.133335751442
113.28606123782,23.133345804559
113.28612124463,23.133345804559
113.28618125144,23.133355857675
113.28631123624,23.133355857675
113.28648119565,23.133355857675
113.28719121632,23.133355691508
113.28738120794,23.133355608425
113.28792135904,23.133335086773
113.28859158478,23.133334006686
113.28877169504,23.133333674352
113.28883170184,23.133333591268
113.28886170525,23.133443510846
113.28886179508,23.133443095428
113.28886179508,23.133443095428
113.28903184431,23.1341227171
113.28905187652,23.13421269609
113.28906184771,23.134232636024
113.28924186814,23.134962186298
113.28943194958,23.135711672269
113.28946195299,23.135831559721
113.28956202422,23.136531274901
113.28960208865,23.136781184154
113.28963209205,23.137171084849
113.28965212427,23.137391000631
113.28965203443,23.137391000631
113.28965203443,23.137391000631
113.2898921515,23.137380200091
113.28996221933,23.137370064199
113.29063271456,23.137337745653
113.2907228146,23.137327443595
113.29087292145,23.137316892294
113.29145340647,23.13713444603
113.29159354213,23.137143751128
113.29164357775,23.137133615218
113.29172361677,23.137123313144
113.29180365579,23.13710304132
113.29193382026,23.137082437168
113.2919939169,23.137072218171
113.29230428145,23.137040647284
113.29249445273,23.137049620063
113.29278478507,23.137048041519
113.2927848749,23.137047127625
113.2927848749,23.137047127625
113.29299507839,23.137125888663
113.29315524626,23.137184876329
113.29322531409,23.137214453234
113.29329538192,23.137233977311
113.2937760652,23.137420909814
113.29471748937,23.137784222766
113.29509810142,23.137891313908
113.29563897117,23.137986939828
113.29624002738,23.138061878597
113.29646047155,23.138089959855
113.29674101236,23.138117459542
113.29675107339,23.138127346135
113.29682123105,23.138136734244
113.29706170743,23.138184505584
113.2971518973,23.138203697195
113.29727209058,23.138242578893
113.29749253475,23.138310455676
113.29776310437,23.138407825983
113.29795354514,23.138525883229
113.29795336548,23.138525800149
113.29795336548,23.138525800149
113.29821396391,23.138793152483
113.29834421821,23.138951835559
113.29843440808,23.139060919678
113.29843449791,23.139060919678
113.29843449791,23.139060919678
113.29863490987,23.139268785741
113.29959726456,23.14049827942
113.29971754767,23.140646907892
113.29986792401,23.140815225905
113.29991804946,23.140864657857
113.30000823933,23.14086366091
113.30005836478,23.140863162437
113.30010849023,23.140872550352
113.30015861568,23.140891990811
113.3001986801,23.140911514346
113.30023874453,23.14094100734
113.30026883776,23.140970666485
113.300298931,23.141020347616
113.30029911066,23.141020264537
113.30029911066,23.141020264537
113.30034923611,23.141009630451
113.30041939377,23.140988860748
113.3005797413,23.140967011017
113.30221384885,23.140676650182
113.30239431843,23.140654385005
113.3028655695,23.14059822357
113.3030561001,23.140575709142
113.30321653746,23.140563579597
113.30321662729,23.140563081122
113.30321662729,23.140563081122
113.303306907,23.140551782366
113.30381831232,23.140544803722
113.30381831232,23.140544720643
113.30381831232,23.140544720643
113.30513217396,23.140585844789
113.30527257911,23.140593737301
113.30565373014,23.140588171003
113.30615525411,23.140600632863
113.30627562704,23.140598888203
113.30656649837,23.140584515524
113.30809137197,23.140530597196
113.30840236534,23.140515642956
113.30871335871,23.140510658209
113.30893407237,23.140517055301
113.30920500131,23.140512652108
113.31028871708,23.140514646007
113.3115631431,23.140513067504
113.31174379234,23.14051996307
113.31235598755,23.140519464595
113.31274737926,23.140522704681
113.31381115264,23.140524117026
113.3141623901,23.140527938665
113.31421260538,23.140527107874
113.31424269861,23.140526692478
113.31428285287,23.140526027845
113.31432300712,23.140525363212
113.31443340887,23.140513482899
113.31522625331,23.14046953404
113.31570801456,23.140431068391
113.31570810439,23.140429822203
113.31570810439,23.140429822203
113.31604937065,23.140393765839
113.31611961814,23.140382633227
113.31634042164,23.140358789495
113.31661144041,23.14032406238
113.31675193539,23.140311683573
113.31719354238,23.140263913
113.31734409838,23.140241315436
113.31771545788,23.140204843624
113.31793626137,23.140171030341
113.31804666312,23.14024904181
113.31804657329,23.140248377175
113.31804657329,23.140248377175
113.31844802602,23.140191301696
113.31844802602,23.140191301696
113.31844802602,23.140191301696
113.31884938892,23.140104234543
113.31914043991,23.140069175043
113.31925084166,23.14004732516
113.31948170617,23.140023398289
113.31991325214,23.139965907316
113.32000353184,23.13995444235
113.32027446078,23.139919798208
113.32051529649,23.139895705154
113.3212177714,23.139833644751
113.3216191343,23.13978687096
113.3217796615,23.139774242865
113.32182978694,23.139733450785
113.32188000222,23.139712680882
113.32191009546,23.13970221285
113.32197028193,23.139691246339
113.3220304684,23.139700218939
113.32206056163,23.139699803541
113.32208059384,23.139709440777
113.32213080912,23.139738601721
113.32217096338,23.139757959266
113.32217114304,23.139756629993
113.32217114304,23.139756629993
113.32231154819,23.139754303764
113.32355579115,23.139663580819
113.32422799316,23.139612652985
113.32433839491,23.139600938749
113.32471963577,23.139574851725
113.3250005359,23.1395704485
113.3255924294,23.139541121361
113.32577298881,23.139608249762
113.32577316847,23.139607668204
113.32578547526,23.139689917065
