113.28308901438,23.170866034554
113.2830861398,23.170865536194
113.2830861398,23.170865536194
113.28309611099,23.170865536194
113.28308631946,23.170935555822
113.28308622963,23.170935555822
113.28308622963,23.170935555822
113.28277649389,23.170954576569
113.28261668534,23.170954078209
113.28193738672,23.170991455215
113.28176760698,23.171000757934
113.2814180763,23.171019197252
113.28094862184,23.171036889027
113.28047925721,23.171064464935
113.28001995361,23.171091874717
113.27966054157,23.171109732603
113.2796597331,23.171109649543
113.2796597331,23.171109649543
113.2799599468,23.171751618158
113.27993012306,23.171761419181
113.27981037893,23.171790739188
113.27977049417,23.171800457149
113.27977022468,23.171800457149
113.27977022468,23.171800457149
113.27944997876,23.171118287775
113.27893974123,23.170084769141
113.27892977004,23.169994731453
113.27876978183,23.169673618683
113.27811949847,23.168358759249
113.27785943903,23.167826748294
113.27769936098,23.167425475228
113.277698822,23.167425059917
113.277698822,23.167425059917
113.2776688186,23.16734482177
113.27694828775,23.165558638256
113.27684830634,23.165297818893
113.27673835375,23.165036915951
113.27672838256,23.164996879224
113.27667843677,23.164886487438
113.27665849439,23.164836399938
113.27663855201,23.164776261688
113.27659866724,23.164695938871
113.27657872486,23.164655818977
113.2765688435,23.164635800557
113.27651889771,23.164535459221
113.27641900614,23.164334610191
113.27611906193,23.163711876586
113.27605914495,23.163601400664
113.27588918555,23.163199865596
113.27584912113,23.162969526456
113.27585909232,23.162929655234
113.27587894487,23.16283994494
113.27595862457,23.162690759908
113.27596859576,23.162670907322
113.27609822124,23.162512169588
113.27647721634,23.16222559392
113.27693607079,23.161879625657
113.27737498286,23.161543292138
113.27739492525,23.161513554532
113.27753461175,23.161404738096
113.27820295105,23.160819868987
113.27844234947,23.160541679379
113.27850208679,23.160362172427
113.27863162244,23.160053080988
113.27866144618,23.159923330483
113.27876061911,23.159223988025
113.27881038524,23.159054364319
113.27887012255,23.158894791574
113.27894989208,23.158755404084
113.27896983447,23.158735633975
113.27928900241,23.158297783457
113.27931891599,23.158258076963
113.27971794329,23.157720542911
113.27993739933,23.157401892426
113.28013682315,23.157043118973
113.28026635881,23.156733853649
113.28028630119,23.156654024368
113.28033606732,23.156414370099
113.28035591987,23.156274564652
113.28036553174,23.1558445976
113.28037514361,23.155364621139
113.28038484531,23.155054687336
113.280394547,23.154744752808
113.28040433853,23.154494877431
113.28040433853,23.154404912211
113.28041413006,23.154124964646
113.28042392159,23.153885056588
113.28042383176,23.153685105184
113.28043371313,23.153575202394
113.28043371313,23.153535245272
113.28047350806,23.153365531209
113.28053333521,23.153195899999
113.28073284886,23.152796991666
113.28078270482,23.152677285704
113.28083256077,23.152537642456
113.28086238451,23.152387864317
113.28088196757,23.151907958403
113.28087199638,23.151838011783
113.28084208281,23.151737909966
113.28079213702,23.151567695167
113.28060187592,23.150846709706
113.28053189792,23.150586359804
113.28016152656,23.14925419767
113.2800114197,23.148693366364
113.28000153834,23.148663376651
113.27999156715,23.148573407471
113.28000144851,23.148403520903
113.2800213909,23.148293696805
113.28010116043,23.148104204332
113.28009837568,23.148098139904
113.28009837568,23.148098139904
113.28054752843,23.147580585623
113.2806174166,23.147511052093
113.28074722175,23.14736176672
113.28082708111,23.147262243045
113.28092688285,23.147102822244
113.28097673881,23.147013184305
113.28104653714,23.146833575944
113.28107645072,23.146753823772
113.28107654055,23.146753242246
113.28107654055,23.146753242246
113.28125611182,23.146314022912
113.28131593897,23.146164403889
113.28133588135,23.146124610683
113.28134585254,23.146074765315
113.28134585254,23.146044858085
113.28134585254,23.146024919928
113.28135582373,23.145945001118
113.28136579492,23.145855113168
113.28136579492,23.145854531637
113.28136579492,23.145854531637
113.2813557339,23.145784415671
113.28134576271,23.14570441364
113.28130578811,23.145554295473
113.28126590335,23.145494148467
113.28121604739,23.145423949234
113.28119610501,23.145403927907
113.28116619144,23.145373854373
113.28113627786,23.145343780833
113.2810663897,23.145263529308
113.28097655914,23.145173142438
113.2807467726,23.144942024262
113.28065694204,23.144851637174
113.27993757899,23.144177636655
113.2796079907,23.143875652074
113.27940829739,23.14368449174
113.27931846683,23.143613959239
113.27864922923,23.14299943597
113.27847953932,23.142818326771
113.27844962575,23.142778200249
113.27837982741,23.142677759277
113.27830993924,23.142557296471
113.27826008328,23.142457021486
113.27822019852,23.142286794765
113.27816028154,23.141906380037
113.27813027814,23.141396195566
113.27812021712,23.140896144755
113.27812021712,23.140596229673
113.27812021712,23.140206255973
113.27811033575,23.140126250575
113.2781078205,23.14012425667
113.2781078205,23.14012425667
113.2780678459,23.139923952182
113.2780678459,23.139553998717
113.27807772726,23.13886410295
113.27807772726,23.138784179822
113.2780678459,23.138634219977
113.2780678459,23.138584288711
113.27808778829,23.138584454871
113.27815767646,23.138565097154
113.27817761884,23.138565263315
113.27817752901,23.138564681752
113.27817752901,23.138564681752
113.27870672078,23.138458505039
113.27891638529,23.138420038806
113.27936580754,23.138323083911
113.27977525519,23.138245735954
113.28028459441,23.138158833683
113.28053432334,23.138150276382
113.28092391844,23.138152353397
113.28098383542,23.138152685719
113.28171316966,23.138216076199
113.28175314426,23.13821624236
113.28193298502,23.138227042832
113.28211282578,23.138247812967
113.28234261233,23.138278718923
113.28240252931,23.138278968164
113.28260240229,23.138299655211
113.28260240229,23.138299655211
113.28260249212,23.138299156728
113.28260392941,23.138302479949
