113.30337275279,23.135876507103
113.30336655448,23.13588091045
113.30336655448,23.13588091045
113.30326639342,23.135882322844
113.30306589163,23.135915057155
113.30286538984,23.135907829021
113.30286512035,23.135907662857
113.30286512035,23.135907662857
113.30266461856,23.136250375675
113.30239395911,23.136484001456
113.30218348613,23.136576720535
113.30180260459,23.136671599669
113.30076003121,23.136914612903
113.30076003121,23.137114589614
113.30075967189,23.137114589614
113.30075967189,23.137114589614
113.3018023351,23.137121651519
113.3018023351,23.137121651519
113.3018023351,23.137121651519
113.30214324204,23.137137270792
113.30359723934,23.137157708773
113.30371761227,23.137166016895
113.30430932611,23.137197670834
113.30433941935,23.137197338509
113.30436951258,23.137197006184
113.30454001097,23.137224589138
113.30478075685,23.137251092031
113.3048209111,23.137260480202
113.30512184345,23.137306091748
113.30612489138,23.137471090761
113.30696759178,23.13758806879
113.30742905132,23.137660847681
113.30761967175,23.137697818679
113.30769989043,23.137706542171
113.30808113129,23.137760461648
113.3084122467,23.13781512883
113.30856271287,23.137842711655
113.30935537765,23.137889735374
113.30944565736,23.137898209611
113.30991726775,23.137900369711
113.31013798141,23.137896797238
113.31046909682,23.137891313908
113.31071999355,23.13788715987
113.31131206671,23.13788715987
113.31265683006,23.137874033109
113.31408190192,23.137879101036
113.31411199516,23.137878685632
113.31416221044,23.137867885132
113.31419230367,23.137867469728
113.31431276644,23.137875362401
113.31457372419,23.13787087604
113.31498523794,23.137873617705
113.31537662965,23.137866805082
113.31597876384,23.137826178577
113.31606913337,23.137824683122
113.31642037083,23.137788542969
113.31679173032,23.137712025508
113.31705268807,23.137627449154
113.31713299659,23.137606097355
113.31713281693,23.137604435736
113.31713281693,23.137604435736
113.31722318646,23.137502827708
113.31793572239,23.137200329432
113.31820665133,23.137085594256
113.31827689882,23.137044469023
113.31849770232,23.13694061737
113.31851773453,23.136930315282
113.31851782436,23.136929982956
113.31851782436,23.136929982956
113.31855788879,23.136879220234
113.31860810406,23.136858449884
113.31869838377,23.136816909175
113.31875857024,23.136795972652
113.31961160115,23.136411055755
113.31961169098,23.136410723428
113.31961169098,23.136410723428
113.32051493717,23.135974959262
113.32068552539,23.135882073598
113.32109694931,23.135695055842
113.32138800029,23.135550160519
113.3215385563,23.135477629715
113.3215385563,23.135437750218
113.32154861732,23.135377681704
113.32155867834,23.135347605896
113.32156873936,23.13531753008
113.32157880038,23.135297424145
113.32160889362,23.135256963017
113.32163898685,23.135226554851
113.32166908009,23.135206116572
113.32170923434,23.13517554223
113.32173932758,23.135165073839
113.32173923775,23.135163910685
113.32173923775,23.135163910685
113.32173923775,23.135013946744
113.32172935639,23.134584243034
113.32172935639,23.134184364762
113.32174956826,23.13291410143
113.32174956826,23.132784158181
113.32175962928,23.132394078416
113.32175962928,23.1323441448
113.32175962928,23.132284241052
113.32175962928,23.132224337278
113.32175962928,23.132223672603
113.32175962928,23.132223672603
113.32175962928,23.132073622253
113.3217096835,23.131354607862
113.32171974452,23.13109455201
113.32170986316,23.130754816934
113.32170016146,23.130045100989
113.32170025129,23.129705197053
113.32168048857,23.129195630317
113.32168021908,23.129195214886
113.32168021908,23.129195214886
113.32167024789,23.128815344197
113.32167033772,23.128695450401
113.32167033772,23.128585526887
113.32167060721,23.127935621985
113.32162120041,23.126456665182
113.32162129024,23.126256755486
113.32161149871,23.125927061697
113.32161158854,23.125777170399
113.32160170718,23.125697405559
113.32160170718,23.125647469421
113.32159200548,23.125187740336
113.32159209531,23.125057872605
113.32156272072,23.123928607913
113.32156299021,23.123558775999
113.321553558,23.122779142684
113.32154367664,23.122639384848
113.32154376647,23.122559451941
113.32154376647,23.122519568559
113.32153388511,23.12237981045
113.32153397494,23.122199919443
113.32153397494,23.1221799777
113.32153406477,23.122020111284
113.32153343596,23.12201853256
113.32153343596,23.12201853256
113.32165407839,23.121686501692
113.3217043835,23.121535774692
113.32173456656,23.121445371646
113.32174462758,23.121385296794
113.3217546886,23.121335192851
113.3217546886,23.121295309101
113.32176501912,23.120945245595
113.32176510895,23.120815373711
113.32176510895,23.120755464756
113.32177534963,23.120535438295
113.32177552929,23.120315577652
113.32177570895,23.120115658701
113.32177588861,23.119935764625
113.32178603947,23.119745733066
113.32178621913,23.119505845877
113.32178630896,23.119405968922
113.32178648862,23.119216102788
113.32178657845,23.119156193112
113.32178666828,23.119076258106
113.32177687675,23.118876503473
113.32177705641,23.118676582354
113.3217773259,23.118366728952
113.32178765642,23.118036683182
113.32178774625,23.117876811773
113.32178792591,23.11770688587
113.32179825642,23.117366867224
113.32180858693,23.117026847707
113.32182879881,23.11681662015
113.32184910051,23.116556369607
113.32184919034,23.116456490432
113.3218593412,23.116346390588
113.32186958188,23.116156353888
113.32187973273,23.116006285361
113.3218999446,23.115816081985
113.32192015648,23.115655875522
113.32193030733,23.115545775014
113.32196058023,23.115365376173
113.32196058023,23.115335462016
113.32197064125,23.115285355789
113.3219807921,23.115175254973
113.32199085312,23.115135203182
113.32203118704,23.114894642897
113.32207152096,23.114664053613
113.322091643,23.114563840632
113.32213197692,23.114373302807
113.32219252271,23.11405238763
113.32224291765,23.113841656786
113.32230346344,23.113520740324
113.3223639194,23.113249847005
113.32242437536,23.112978953132
113.3224747703,23.112728251163
113.32251510422,23.112547682299
113.3225856212,23.112236651231
113.32262595512,23.11203613843
113.32264616699,23.111925868725
113.32268650091,23.111765325178
113.32270671278,23.111645083584
113.32270680261,23.11158517049
113.32271686364,23.111545117615
113.32272692466,23.111475066605
113.32275728738,23.111254692366
113.32276743824,23.111154643005
113.32277758909,23.111014623632
113.32278773994,23.110874604112
113.3227879196,23.110664699201
113.32278809926,23.110514790661
113.32278818909,23.110384908568
113.32278836875,23.110234999712
113.3227588145,23.109765660912
113.32274893314,23.109675914635
113.32273914161,23.109566224659
113.32272926025,23.109536475392
113.32270949753,23.109346927533
113.32266961277,23.109177738597
113.3226597314,23.10912796244
113.32263978902,23.109088407417
113.32261984664,23.109068796099
113.32254977881,23.1089901015
113.32241952451,23.108862378488
113.32238952111,23.108822989584
113.3223595177,23.108783600668
113.32234963634,23.10872385248
113.32224031256,23.107815992489
113.32224031256,23.107776104676
113.3222304312,23.107696412115
113.32221057865,23.107576831634
113.32217087355,23.107277672209
113.32216099219,23.107187924251
113.32215120066,23.107048233094
113.32208149215,23.106579630931
113.32203181585,23.1061606382
113.3219722582,23.10563186782
113.32191270054,23.105103095334
113.32174399877,23.103326460864
113.32174139368,23.103318815443
113.32174139368,23.103318815443
113.32169135807,23.103179701933
113.32167150551,23.103080145102
113.3216720445,23.102590337704
113.32164240042,23.102191027826
113.32162254786,23.102091470254
113.32158257327,23.102002217409
113.32152256646,23.101933324809
113.32144243761,23.101874820088
113.32134218671,23.101826620156
113.32134146807,23.101825955329
113.32134146807,23.101825955329
113.32123115615,23.101787893991
113.32104062555,23.101771273316
113.32009740477,23.101737699546
113.31994702843,23.101690413703
113.31849195316,23.101666064395
113.31845188874,23.101666812326
113.3183917921,23.101667892671
113.31835172767,23.101638723359
113.31736835263,23.101616202318
113.31724797969,23.101608390591
113.31607389439,23.101529276053
113.31536144829,23.101472017707
113.31480961922,23.101441851109
113.31446853261,23.101418000378
113.31438831393,23.10140952381
113.31391679337,23.101367888897
113.31287323186,23.101276225558
113.31266257922,23.101260020338
113.31217093661,23.101218634689
113.31153888886,23.10115963103
113.31112764459,23.101076776553
113.31095714621,23.10103979535
113.31075664442,23.100953284227
113.3106163291,23.100885720745
113.31050610701,23.100807686128
113.31039588493,23.100719678981
113.31033578829,23.100670813798
113.30976437615,23.100190554516
113.30953387096,23.100004483703
113.30776950911,23.098563610313
113.30732853093,23.098220717042
113.30718830544,23.098113012139
113.3070079257,23.098005971993
113.30698798331,23.097996331728
113.30676744931,23.097879900532
113.30663719501,23.097832031574
113.30659713059,23.097822723719
113.30594540994,23.09757282419
113.30585522007,23.09754423572
113.30567484032,23.097487058763
113.3054342741,23.097400711537
113.30517367568,23.09731469668
113.3047627009,23.097180812575
113.30450210248,23.097124632736
113.3042916295,23.097117734914
113.30417134639,23.097129452901
113.30402097005,23.097141586418
113.30383043945,23.097194275787
113.30347947148,23.097269154492
113.30347524945,23.097265580926
113.3034715664,23.097270982828
