113.28332257381,23.109944073006
113.28331790262,23.109944571596
113.28331790262,23.109944571596
113.28338788062,23.109914822414
113.28338788062,23.109914822414
113.28338788062,23.109914822414
113.28327810769,23.109764497535
113.28327810769,23.109764497535
113.28327810769,23.109764497535
113.28283892613,23.109233248547
113.28283892613,23.109233248547
113.28283892613,23.109233248547
113.28261893111,23.109372438813
113.28232913775,23.109511379637
113.28232904792,23.109511379637
113.28232904792,23.109511379637
113.28210959188,23.109170592105
113.28192013925,23.108919966042
113.28177030189,23.108979298647
113.28150045092,23.109128045539
113.2815000916,23.10912796244
113.2815000916,23.10912796244
113.28113106769,23.108586323516
113.28113106769,23.108586323516
113.28113106769,23.108586323516
113.28063116068,23.108923705493
113.28015146553,23.109261003513
113.28010160958,23.109260837316
113.280071696,23.109270642961
113.28002184005,23.109290337348
113.28002148073,23.10929025425
113.28002148073,23.10929025425
113.2796123924,23.108917888569
113.27941296857,23.108726760946
113.27926340071,23.108615906798
113.2791936922,23.10852557805
113.27866494958,23.108132102979
113.27840560878,23.10798036339
113.27832583925,23.107929838888
113.27828604431,23.107909645701
113.27823618836,23.107889369413
113.27823537988,23.107888621517
113.27823537988,23.107888621517
113.27766657283,23.107604337647
113.27737722863,23.107472125912
113.27641945529,23.107004106946
113.27593068727,23.106789791602
113.2753721209,23.10654456257
113.27508295636,23.106421823233
113.27501324785,23.106391242257
113.27485370879,23.106329747881
113.27470414092,23.106268336577
113.27464440361,23.106247810736
113.27456472391,23.106217063518
113.2744950154,23.106196454568
113.27434544753,23.106154987357
113.27372705402,23.105978398387
113.27345783186,23.105905519012
113.27298918587,23.105770313954
113.27241076696,23.105623640824
113.27206177527,23.105529487393
113.27201200914,23.105508961437
113.27158333775,23.105373755975
113.2707757611,23.105123538251
113.27034717954,23.10498799999
113.27027747103,23.104967141546
113.26971926399,23.104789719981
113.26952999102,23.104727227645
113.26916123661,23.104602159783
113.26889219411,23.104518476437
113.26803503099,23.104246235117
113.26771622236,23.104141609871
113.26758677654,23.10409980961
113.26751706803,23.104078867924
113.2674772731,23.104058341744
113.26690927452,23.103869866391
113.26650081501,23.103693689892
113.26628171829,23.103590393846
113.26593308593,23.103425020282
113.26566422309,23.103280920738
113.26558454339,23.103289646493
113.26550486369,23.103298372248
113.2655013603,23.103295297458
113.2655013603,23.103295297458
113.26541170941,23.103233884751
113.26502328211,23.103017818167
113.2647942142,23.102884189119
113.26468471076,23.102812471483
113.26461509208,23.102771418729
113.26436617163,23.102617429236
113.26426663938,23.102545877663
113.26376870863,23.102237814873
113.26351978817,23.102073769275
113.26339043218,23.101991746401
113.2633307847,23.101950859599
113.26276323527,23.101521464321
113.26265382166,23.101439690416
113.26252437584,23.101407612427
113.26243481478,23.101386171695
113.26243355715,23.101385174451
113.26243355715,23.101385174451
113.26226413673,23.101392238259
113.26214457227,23.101450161467
113.26214448244,23.101450161467
113.26214448244,23.101450161467
113.2620446807,23.101568500914
113.261965001,23.101657089223
113.26192520606,23.101716425074
113.26179558058,23.101894183159
113.26154621097,23.102229836976
113.26151638723,23.102279283307
113.26120710064,23.102713828508
113.26100758699,23.102980338889
113.26093778865,23.103069092461
113.26077824959,23.103276267001
113.26068850887,23.103394687923
113.26052896981,23.103621889592
113.26036943075,23.10383903552
113.26014997472,23.10414510015
113.260060234,23.104273492515
113.25990069494,23.104470692974
113.25979101183,23.104618697002
113.25971124231,23.10473728293
113.25951172865,23.105053733155
113.25945199134,23.105132679391
113.25943204895,23.105202318243
113.25942207776,23.105292150645
113.25936207095,23.10558101002
113.25933206755,23.105810451671
113.25933000145,23.10581036857
113.25933000145,23.10581036857
113.25930996923,23.105870034969
113.25924996243,23.106148921011
113.25924996243,23.106208919659
113.25923972174,23.106548634489
113.25922984038,23.10658843957
113.25922984038,23.106678437235
113.25920980817,23.106888016048
113.25920926919,23.106888099148
113.25920926919,23.106888099148
113.25917926578,23.10700751405
113.25914935221,23.107136983947
113.25910937761,23.107366256709
113.25902933859,23.10779471899
113.25893932838,23.108173070976
113.25892944702,23.108222847491
113.25888965209,23.108272125392
113.25878014864,23.108280186025
113.25871052997,23.1082589957
113.25858108414,23.10822675316
113.25852143666,23.108165758231
113.25848173155,23.108065124846
113.25848074342,23.108064958647
113.25848074342,23.108064958647
113.25851065699,23.107975460519
113.25862069942,23.107567607562
113.25878077746,23.10694061845
113.25881096052,23.10666131857
113.25882102155,23.106591597383
113.25883108257,23.10652187616
113.25887132665,23.106172770892
113.25888138768,23.106113021529
113.25891148091,23.105953634362
113.25893151312,23.10586405171
113.25893133346,23.105863303803
113.25893133346,23.105863303803
113.25891148091,23.105822999899
113.25887177581,23.105752364163
113.25880215713,23.105681229783
113.25868277233,23.105629208589
113.25862312484,23.105608267144
113.25853356378,23.105606771327
113.25823478737,23.105531564919
113.2580755178,23.105508795235
113.25802575168,23.105507964225
113.2580249432,23.105507299417
113.2580249432,23.105507299417
113.25796520589,23.105486274851
113.2579055584,23.105455278154
113.25783593972,23.105414143116
113.25706923597,23.10501060356
113.25650168655,23.104730634808
113.25630262205,23.104627173365
113.25570524889,23.104276650384
113.25538670975,23.104091083908
113.25355479533,23.102688897669
113.25333578844,23.102555185187
113.25240972529,23.101999142589
113.25171264022,23.101647199912
113.2511051162,23.101346863676
113.25072666009,23.101160545172
113.25072549229,23.101159381719
113.25072549229,23.101159381719
113.25040668367,23.101123979511
113.25002822756,23.101007717265
113.24910171525,23.100712365825
113.24895232705,23.100660010268
113.24887273718,23.100638818727
113.24887237786,23.100638486311
113.24887237786,23.100638486311
113.24864313029,23.100604746046
113.24857342178,23.100603665693
113.24844388613,23.100641561162
113.24839412,23.100670730693
113.24833438269,23.100719762085
113.24823476061,23.10079812917
113.24812498767,23.101006304499
113.24799527236,23.10124414753
113.24777563666,23.101680524394
113.24766586373,23.101858698043
113.24741649412,23.102154711758
113.24730681101,23.102252939634
113.24702761766,23.102458536491
113.2469080532,23.102526680893
113.24630978173,23.102777402127
113.2461503325,23.102814964565
113.24614889521,23.10281479836
113.24614889521,23.10281479836
113.24603921211,23.102863164138
113.24487231325,23.10337565748
113.24456320633,23.103511114284
113.24424403838,23.103656543214
113.24400472979,23.10377313555
113.24304704629,23.104229780954
113.24304659713,23.104229697852
113.24304659713,23.104229697852
113.24341508205,23.104744678965
113.2435146143,23.104886034574
113.2435146143,23.104886034574
113.24351865668,23.104883292227
