113.28228053942,23.180683371773
113.28226544789,23.180654469006
113.28226544789,23.180654469006
113.28218540887,23.180454225817
113.2817550307,23.179372359194
113.28170508491,23.17925217893
113.28170490525,23.179251929766
113.28170490525,23.179251929766
113.28164489844,23.17916164915
113.28103432019,23.177618563675
113.28092427776,23.177358017245
113.28077417091,23.176977287971
113.28067409968,23.176706773509
113.28043380296,23.175935426348
113.28042383176,23.175865409365
113.28042329278,23.17586499408
113.28042329278,23.17586499408
113.28040308091,23.175624876243
113.28036274699,23.175114655539
113.2803624775,23.174694633536
113.2803624775,23.174674699692
113.28036238767,23.174504763551
113.28036238767,23.174474862741
113.28036238767,23.174344960255
113.28034217579,23.173994870761
113.28030157238,23.173234554585
113.28025144694,23.172994348916
113.28023141472,23.172844261681
113.28017140792,23.172663940821
113.28014140451,23.172563854747
113.2800813977,23.172423567998
113.28003145192,23.172303298364
113.27997144511,23.172122976767
113.27985143149,23.171872303591
113.2798114569,23.171792151199
113.27949130081,23.171100097651
113.27898106329,23.170076629205
113.2789311175,23.169996392666
113.27877112929,23.169675279899
113.27812084593,23.168360420482
113.27786078648,23.167828409534
113.27770070844,23.167427136473
113.277698822,23.167425059917
113.277698822,23.167425059917
113.2776688186,23.16734482177
113.27694828775,23.165558638256
113.27684830634,23.165297818893
113.27673835375,23.165036915951
113.27672838256,23.164996879224
113.27667843677,23.164886487438
113.27665849439,23.164836399938
113.27663855201,23.164776261688
113.27659866724,23.164695938871
113.27657872486,23.164655818977
113.2765688435,23.164635800557
113.27651889771,23.164535459221
113.27641900614,23.164334610191
113.27611906193,23.163711876586
113.27605914495,23.163601400664
113.27588918555,23.163199865596
113.27584912113,23.162969526456
113.27585909232,23.162929655234
113.27587894487,23.16283994494
113.27595862457,23.162690759908
113.27596859576,23.162670907322
113.27609822124,23.162512169588
113.27647721634,23.16222559392
113.27693607079,23.161879625657
113.27737498286,23.161543292138
113.27739492525,23.161513554532
113.27753461175,23.161404738096
113.27820295105,23.160819868987
113.27844234947,23.160541679379
113.27850208679,23.160362172427
113.27863162244,23.160053080988
113.27866144618,23.159923330483
113.27876061911,23.159223988025
113.27881038524,23.159054364319
113.27887012255,23.158894791574
113.27894989208,23.158755404084
113.27896983447,23.158735633975
113.27928900241,23.158297783457
113.27931891599,23.158258076963
113.27971794329,23.157720542911
113.27993739933,23.157401892426
113.28013682315,23.157043118973
113.28026635881,23.156733853649
113.28028630119,23.156654024368
113.28033606732,23.156414370099
113.28035591987,23.156274564652
113.28036553174,23.1558445976
113.28037514361,23.155364621139
113.28038484531,23.155054687336
113.280394547,23.154744752808
113.28040433853,23.154494877431
113.28040433853,23.154404912211
113.28041413006,23.154124964646
113.28042392159,23.153885056588
113.28042383176,23.153685105184
113.28043371313,23.153575202394
113.28043371313,23.153535245272
113.28047350806,23.153365531209
113.28053333521,23.153195899999
113.28073284886,23.152796991666
113.28078270482,23.152677285704
113.28083256077,23.152537642456
113.28086238451,23.152387864317
113.28088196757,23.151907958403
113.28087199638,23.151838011783
113.28084208281,23.151737909966
113.28079213702,23.151567695167
113.28060187592,23.150846709706
113.28053189792,23.150586359804
113.28016152656,23.14925419767
113.2800114197,23.148693366364
113.28000153834,23.148663376651
113.27999156715,23.148573407471
113.28000144851,23.148403520903
113.2800213909,23.148293696805
113.28010116043,23.148104204332
113.28009837568,23.148098139904
113.28009837568,23.148098139904
113.28054752843,23.147580585623
113.2806174166,23.147511052093
113.28074722175,23.14736176672
113.28082708111,23.147262243045
113.28092688285,23.147102822244
113.28097673881,23.147013184305
113.28104653714,23.146833575944
113.28107645072,23.146753823772
113.28107654055,23.146753242246
113.28107654055,23.146753242246
113.28125611182,23.146314022912
113.28131593897,23.146164403889
113.28133588135,23.146124610683
113.28134585254,23.146074765315
113.28134585254,23.146044858085
113.28134585254,23.146024919928
113.28135582373,23.145945001118
113.28136579492,23.145855113168
113.28136579492,23.145854531637
113.28136579492,23.145854531637
113.2813557339,23.145784415671
113.28134576271,23.14570441364
113.28130578811,23.145554295473
113.28126590335,23.145494148467
113.28121604739,23.145423949234
113.28119610501,23.145403927907
113.28116619144,23.145373854373
113.28113627786,23.145343780833
113.2810663897,23.145263529308
113.28097655914,23.145173142438
113.2807467726,23.144942024262
113.28065694204,23.144851637174
113.27993757899,23.144177636655
113.2796079907,23.143875652074
113.27940829739,23.14368449174
113.27931846683,23.143613959239
113.27864922923,23.14299943597
113.27847953932,23.142818326771
113.27844962575,23.142778200249
113.27837982741,23.142677759277
113.27830993924,23.142557296471
113.27826008328,23.142457021486
113.27822019852,23.142286794765
113.27816028154,23.141906380037
113.27813027814,23.141396195566
113.27812021712,23.140896144755
113.27812021712,23.140596229673
113.27812021712,23.140206255973
113.27811033575,23.140126250575
113.2781078205,23.14012425667
113.2781078205,23.14012425667
113.2781078205,23.139844195852
113.27809775948,23.13886418603
113.27809775948,23.138774293278
113.27808787812,23.138634303057
113.27808787812,23.138584371791
113.27807799676,23.138534357426
113.27805805437,23.138274315655
113.27792824923,23.13747341703
113.27791836787,23.137403462792
113.27789851532,23.137263388042
113.27787866276,23.137133282893
113.277838778,23.136913034357
113.27782889664,23.136763072395
113.27784883902,23.136153336111
113.27784785088,23.136152172965
113.27784785088,23.136152172965
113.2778678831,23.136002376306
113.27787785429,23.135912564695
113.27792780008,23.135713001583
113.27795780348,23.135553317643
113.27797774586,23.13546358881
113.27800765944,23.135383912879
113.27802760182,23.135354169401
113.27808751879,23.13515468853
113.27814743577,23.134985200174
113.27818741037,23.134865561204
113.27837713249,23.134367064334
113.27843704947,23.134217597991
113.27846705287,23.134157861256
113.27848699525,23.134088071434
113.278656775,23.133759394114
113.27874669538,23.133580100126
113.27887659035,23.133341068794
113.27897648193,23.133161857324
113.27900648533,23.133112173248
113.27930616005,23.132584258023
113.27936607703,23.132484723251
113.2794359652,23.13250516195
113.2794359652,23.132503500267
113.2794359652,23.132503500267
113.27957583136,23.132544377656
113.2797855857,23.132605693715
113.28034487071,23.132718937256
113.28041475888,23.132729322756
113.28177335613,23.132875965924
113.28177335613,23.132875882841
113.28177335613,23.132875882841
113.28179356801,23.132066061572
113.28180362903,23.131926230436
113.28181369005,23.131606354736
113.28182366124,23.131526510317
113.28183363243,23.131496599805
113.28183372226,23.131286727518
113.28183381209,23.130996843992
113.28183399175,23.130426962206
113.28184405278,23.130157100433
113.28183417141,23.12998719026
113.28182437988,23.129767262198
113.28182437988,23.129727380983
113.28181467819,23.129257446442
113.28180488665,23.129077481677
113.28180488665,23.128987582289
113.28179518496,23.128597657529
113.28178539343,23.128387697568
113.28178539343,23.128297797712
113.28177569173,23.127747845237
113.28177578156,23.127467924451
113.28176599003,23.127238021718
113.28175610867,23.127128096997
113.2817561985,23.126988177567
113.28172646458,23.126718142621
113.28172655441,23.126618271096
113.28173652561,23.126578388935
113.28173652561,23.126548477306
113.2817356273,23.126546233934
113.2817356273,23.126546233934
113.28174577815,23.126306275954
113.28175583917,23.126096395454
113.2817659002,23.125916509488
113.28179608326,23.125536795585
113.28181611547,23.125407011284
113.28192633756,23.124877652875
113.28193639858,23.124817745755
113.28198652403,23.12455809253
113.28201661726,23.124358346151
113.28206674271,23.124148628747
113.28229742757,23.12275978266
113.28236767506,23.122330205425
113.28241789033,23.122000501876
113.28244798357,23.121830747436
113.28244789374,23.121829584165
113.28244789374,23.121829584165
113.28288761429,23.121811138001
113.28330739245,23.121802496554
113.28374720283,23.121773747121
113.28421701661,23.121754885495
113.28440691839,23.121745330044
113.2849567712,23.121706277327
113.28560669523,23.121647033503
113.28573668004,23.121637228772
113.28604668527,23.121607482211
113.28609672089,23.121597594386
113.28609663106,23.121596929658
113.28609663106,23.121596929658
113.28615663787,23.121596929658
113.28618664127,23.121596929658
113.28627665148,23.121587041833
113.2862966837,23.121587041833
113.28634671931,23.121577154006
113.28642675833,23.121567266179
113.28647679395,23.121567266179
113.28660677876,23.121547324341
113.28666678557,23.1215273825
113.28727691467,23.121377153866
113.28739692828,23.121337103947
113.28755700633,23.121277029046
113.28866776109,23.120785460783
113.28882792896,23.120715248467
113.28908816807,23.120584711624
113.28919830032,23.120534524287
113.28973881075,23.120283088766
113.28993904305,23.120192518683
113.2909101113,23.119749056751
113.29190139143,23.11934464676
113.29216172037,23.119253411297
113.29221175598,23.119233219834
113.29221157632,23.119231890355
113.29221157632,23.119231890355
113.29246193407,23.119130517528
113.29308284284,23.118966991362
113.29353352271,23.118834292389
113.29371381263,23.11878319037
113.29391413476,23.118721951014
113.29403432803,23.118671181322
113.29409442467,23.118630881308
113.29414455012,23.118590581282
113.29416458233,23.118570555903
113.29418461455,23.118550530521
113.29425477221,23.118430128889
113.29411517553,23.117801279944
113.29407529076,23.11766168305
113.29378585673,23.116623925113
113.29341638367,23.115556577332
113.29297711228,23.114249656657
113.29296723092,23.114209770778
113.29294737837,23.114169967983
113.29275774607,23.113651284116
113.29267797654,23.113441882172
113.29263809178,23.113322223771
113.2926372833,23.113320644944
113.2926372833,23.113320644944
113.2926072799,23.113250844159
113.29256739514,23.113151211784
113.29254754258,23.113091382466
113.29246777305,23.112861953399
113.29208841864,23.111834295773
113.29184893039,23.111195693167
113.29173915746,23.110906347423
113.29166935912,23.110746799815
113.29160953197,23.110587168918
113.29152976244,23.110387650802
113.29138010474,23.109968503894
113.29125038943,23.109649240036
113.2909909588,23.108910575865
113.2908713045,23.10858125447
113.29087022654,23.108580257281
113.29087022654,23.108580257281
113.29070062646,23.1081010238
113.29033151272,23.107062692507
113.2901320889,23.106433623499
113.2900524092,23.106164045326
113.28996284814,23.105794496307
113.28991317185,23.105564805325
113.28989331929,23.105484945235
113.28988352776,23.105395112963
113.28983385147,23.105155366038
113.28982397011,23.105105505271
113.2897942362,23.10493572922
113.28977447348,23.104745925488
113.2897348582,23.104406206046
113.28972506667,23.104276317977
113.28971554463,23.103906514397
113.2897157243,23.10372659835
113.2897263243,23.103186765645
113.28972497684,23.103185519108
113.28972497684,23.103185519108
113.28973548702,23.102685573556
113.28973557685,23.102615684077
113.28974590736,23.102285765346
113.2897963023,23.101885789725
113.28981642434,23.101735871272
113.28989682269,23.10141575658
113.2899771312,23.101185642505
113.29003731767,23.101025584593
113.29012759737,23.100775441779
113.29013765839,23.100735468747
113.29017781265,23.10063541146
113.29021796691,23.100505353494
113.29021796691,23.100504439348
113.29021796691,23.100504439348
113.29023799912,23.100474355634
113.29030815678,23.100384187555
113.29035828223,23.10032410317
113.29038837546,23.10029410252
113.29039843648,23.100274157485
113.2904184687,23.100254212447
113.29042852972,23.100234267407
113.29046859414,23.100194211108
113.29049859755,23.100174182954
113.29056866538,23.10011401537
113.2906087298,23.100083931567
113.29064879423,23.100063903397
113.29068885865,23.100033819583
113.29072892308,23.100023763942
113.29079899091,23.100003569553
113.29084902653,23.099983458266
113.29093912657,23.099973153308
113.29097919099,23.099963097662
113.2912094267,23.099922210236
113.29131955895,23.099911822169
113.291409659,23.099901517205
113.29148978785,23.09989121224
113.2921606424,23.099748023012
113.29242097134,23.099696747435
113.29321201917,23.099562283998
113.29351250236,23.09950045404
113.29425360441,23.099375547466
113.29451402318,23.099323773116
113.29490469624,23.099260945788
113.29504492173,23.099229947637
113.29544565582,23.09916687095
113.29671810557,23.098936088137
113.29697861417,23.098883814985
113.2975297246,23.098788659511
113.29763994669,23.098767633882
113.29773013656,23.098746857566
113.29782032643,23.098726081246
113.29852199287,23.098529038467
113.29922374913,23.098331579869
113.30000572408,23.098112845927
113.3000457885,23.098102457718
113.30017613263,23.098071043769
113.30241237437,23.097423482611
113.30251271509,23.097392234713
113.30300417804,23.097255774394
113.30323486289,23.097192696769
113.3034154223,23.097140339824
113.30377654112,23.097055405181
113.30391694627,23.097023492346
113.30400722597,23.097002300224
113.30414763112,23.096980443249
113.30428803627,23.096968559036
113.30428803627,23.096968559036
113.30428785661,23.096964237504
113.30428902441,23.096963489547
