113.26848256679,23.108007869319
113.26847735662,23.108009614408
113.26847735662,23.108009614408
113.26848732781,23.108009780607
113.2692164824,23.106760457214
113.26941626554,23.106413430085
113.26963599107,23.106056596167
113.26969590805,23.105937512813
113.26986568779,23.105659955943
113.27007553195,23.105282926414
113.27021539812,23.105044924415
113.2702353405,23.105015257236
113.2702753151,23.104965895025
113.27031528969,23.104896505354
113.27032526089,23.104876727213
113.27040503041,23.104897751875
113.27040512025,23.104897003962
113.27040512025,23.104897003962
113.27076408313,23.105001711715
113.27138229698,23.105199659003
113.27187088535,23.105345750893
113.27209025155,23.105418464373
113.2722597618,23.105460513522
113.27243924324,23.105512617883
113.27254892634,23.105533891747
113.27301766216,23.105669346349
113.27398522702,23.105940088937
113.27438425433,23.106044297263
113.27450399846,23.106085515207
113.27455385441,23.106106041073
113.27467359854,23.106147258998
113.27475336807,23.106168034157
113.27491299695,23.106229611708
113.27505268346,23.106280967862
113.27508259703,23.106291272331
113.27513245299,23.10632177023
113.27541173617,23.106444509659
113.27599033475,23.106699960213
113.27651907737,23.10693471834
113.27728739808,23.107311161478
113.27818552393,23.107738128144
113.27826538329,23.107778680765
113.27829529686,23.107788902018
113.27836518503,23.107829371523
113.27845501558,23.107879979163
113.27845501558,23.107880228462
113.27845501558,23.107880228462
113.27855481732,23.107940974224
113.27873447842,23.108042189399
113.27875442081,23.108062299465
113.27912362437,23.108314755332
113.27916350913,23.10835497538
113.27949282793,23.108627042076
113.27967239921,23.10879814299
113.28008148753,23.109190535803
113.28010142992,23.109210645696
113.28015128587,23.109260920414
113.28056028437,23.109763084862
113.28096919304,23.110415073134
113.28126832877,23.110976398733
113.28129824235,23.111036561396
113.2815474323,23.11158758031
113.28185662905,23.112118819875
113.28189651382,23.112199008362
113.28192642739,23.112249115755
113.28200628675,23.112369439898
113.28215594445,23.112600033169
113.28233560555,23.112840680709
113.28247538189,23.11300113986
113.28281476171,23.113352221477
113.28371324688,23.114394658346
113.28376319267,23.11444476491
113.2837632825,23.114444931101
113.2837632825,23.114444931101
113.28377316386,23.114514897449
113.28378313505,23.114554949427
113.28382301981,23.114665050757
113.28385302322,23.11468515982
113.28435221159,23.115316100906
113.28461173205,23.115736477346
113.28499090681,23.1164968742
113.28502082038,23.116546896876
113.28520039165,23.117007071374
113.28528016118,23.117227103686
113.28532004594,23.117327148469
113.28535993071,23.117417138853
113.2853699019,23.117447135634
113.28538984428,23.117507129176
113.28569877155,23.118747211213
113.28590807673,23.119577222124
113.28607740732,23.120407144752
113.28607749715,23.120407144752
113.28607749715,23.120407144752
113.28619697178,23.121067057497
113.28627665148,23.121447033467
113.28629659386,23.121527050136
113.28629659386,23.121547075068
113.28629659386,23.121587041833
113.28630656506,23.121647033503
113.28631653625,23.121707025145
113.28638606509,23.122326964895
113.28639594645,23.122446947539
113.28649529904,23.123476766401
113.28659474146,23.124406620989
113.28659474146,23.124456640683
113.28660471265,23.124486635873
113.28660471265,23.124526601752
113.28661450418,23.124876572719
113.28660444316,23.125086538238
113.28656446857,23.125246567136
113.28653446516,23.125336552148
113.28648451938,23.12545653207
113.2864246024,23.125546516939
113.28629461759,23.125706462194
113.286184665,23.125826441781
113.28606474121,23.125926396991
113.28568475798,23.126196184284
113.28514478654,23.126575647036
113.28483487114,23.12679524804
113.28480495757,23.12681518909
113.28469500497,23.126925030983
113.28458505238,23.127064867392
113.28451507438,23.127184762662
113.28447509978,23.127294687337
113.2844551574,23.127454630484
113.28446512859,23.127594632508
113.28448507097,23.127684699015
113.28451498455,23.127804759899
113.2846048151,23.128074875719
113.28475465246,23.128355127572
113.2850643882,23.12881551037
113.28508433058,23.128845504574
113.28518422215,23.129025635826
113.28523416794,23.129135642061
113.28529408492,23.129305719497
113.28532399849,23.129435749241
113.28537385444,23.12971574896
113.28538382564,23.129855748598
113.28540367819,23.130355757968
113.28542344091,23.131025757597
113.2854334121,23.131115738688
113.28548335789,23.13142572848
113.28554327486,23.131655790122
113.28560319184,23.131775847411
113.28598299541,23.132436035932
113.28605297341,23.132576032698
113.2861029192,23.132736052559
113.2861329226,23.132886019076
113.2861329226,23.132975998905
113.28611298022,23.133115995101
113.28606303443,23.133345970727
113.28601308865,23.133455973378
113.28598317507,23.133505989659
113.28590322588,23.133655955305
113.28576326988,23.133865906924
113.28569338171,23.133985879129
113.28564343593,23.134095881249
113.28559349014,23.134275839204
113.28552351214,23.134665747267
113.28546359517,23.134895720205
113.28538364598,23.135125609661
113.28537376461,23.135165572334
113.28533387985,23.135245497644
113.28522401709,23.135475386494
113.28508415092,23.135705191863
113.28484430335,23.136094846477
113.28481438977,23.136154831584
113.28467452361,23.136374582889
113.28459466425,23.136504439538
113.28459134052,23.136504273375
113.28459134052,23.136504273375
113.28451139133,23.136594167666
113.28438149635,23.136833940867
113.28430163699,23.136993789427
113.28420174542,23.137203569598
113.28419186406,23.137223509083
113.28418198269,23.137263471123
113.28416204031,23.137323455702
113.28416204031,23.137343478249
113.28414209793,23.137383440254
113.28410221317,23.137523348714
113.28407229959,23.137603272603
113.28402244364,23.137783142715
113.28401256228,23.137803082112
113.28386272492,23.138132746375
113.28383281134,23.13819264748
113.28383173338,23.13819273056
113.28383173338,23.13819273056
113.28380172997,23.138222722643
113.28378187742,23.138252714719
113.28375196385,23.138292676449
113.28372205027,23.138332638167
113.28368216551,23.138362547138
113.28365225194,23.138382486447
113.28360239598,23.138392373021
113.28347259083,23.138412063085
113.28347196202,23.138411813844
113.28347196202,23.138411813844
113.28336200943,23.138391542216
113.28332212466,23.138371519827
113.28327226871,23.138351497435
113.28324235513,23.13828146058
113.28325232632,23.138161575343
113.28327226871,23.138071682114
113.28329221109,23.137961849454
113.28332221449,23.137831994233
113.28332221449,23.137752070482
113.28331233313,23.137702138884
113.28329239075,23.137662176976
113.28327244837,23.137622215056
113.28325250598,23.137592222837
113.28313267203,23.137541958855
113.28254311412,23.137510055755
113.28230335638,23.137449240451
113.28230263774,23.137447994235
113.28230263774,23.137447994235
113.28225269195,23.137457797797
113.28197304945,23.13744674802
113.28179329851,23.137446083371
113.28100413712,23.137422488354
113.2810037778,23.137422322192
113.2810037778,23.137422322192
113.28099380661,23.137512215861
113.28099380661,23.137652207267
113.28099380661,23.137682199472
113.28098392525,23.138152187236
113.28098392525,23.138152187236
113.28098392525,23.138152187236
113.28171316966,23.138215577715
113.28175314426,23.138215743876
113.28193298502,23.138226544348
113.28211282578,23.138247314484
113.28234261233,23.13827822044
113.28234270216,23.138278137359
113.28234342081,23.138269247744
