113.27069239835,23.097844414344
113.27069132038,23.09784208738
113.27069132038,23.09784208738
113.27039236431,23.097698231096
113.27015314555,23.097615125141
113.26992389798,23.097572076236
113.26991410645,23.097492045126
113.26991383696,23.097491795808
113.26991383696,23.097491795808
113.2701729981,23.097545232993
113.27039236431,23.097628172779
113.27073129498,23.097792639397
113.27157866656,23.098203431076
113.27191768706,23.098367647665
113.27216696684,23.098490643763
113.2722168228,23.098511253909
113.27303446047,23.098930852512
113.27356302343,23.099206761348
113.27363282177,23.099237510189
113.27363282177,23.099237510189
113.27363282177,23.099237510189
113.27398190329,23.099411282559
113.27422130171,23.099523806487
113.27447067132,23.099636413425
113.27487966982,23.099830629005
113.27528866832,23.100024678091
113.27598701102,23.100361333885
113.27686501483,23.100799126418
113.2772242472,23.100972148809
113.277553566,23.101134783003
113.27847172406,23.10159168679
113.27904062094,23.10185562322
113.27924022442,23.101956926138
113.28056791997,23.102654742411
113.28065775052,23.102695213482
113.28070760647,23.102755463
113.28070742681,23.102755379897
113.28070742681,23.102755379897
113.28056729115,23.103084549538
113.28039715209,23.103473552043
113.28016700622,23.103982137235
113.28001689937,23.104321192948
113.27992688916,23.10452063708
113.27992688916,23.104550636776
113.27996668409,23.104670884796
113.27989670609,23.104810412251
113.27975666026,23.105099521978
113.27975612128,23.105099521978
113.27975612128,23.105099521978
113.27931568209,23.106076540333
113.27905553281,23.10660472724
113.27902561924,23.10667453152
113.27858535971,23.107601262957
113.27850541052,23.10775067619
113.27845546473,23.107880311561
113.27845501558,23.107880228462
113.27845501558,23.107880228462
113.27855481732,23.107940974224
113.27873447842,23.108042189399
113.27875442081,23.108062299465
113.27912362437,23.108314755332
113.27916350913,23.10835497538
113.27949282793,23.108627042076
113.27967239921,23.10879814299
113.28008148753,23.109190535803
113.28010142992,23.109210645696
113.28015128587,23.109260920414
113.28056028437,23.109763084862
113.28096919304,23.110415073134
113.28126832877,23.110976398733
113.28129824235,23.111036561396
113.2815474323,23.11158758031
113.28185662905,23.112118819875
113.28189651382,23.112199008362
113.28192642739,23.112249115755
113.28200628675,23.112369439898
113.28215594445,23.112600033169
113.28233560555,23.112840680709
113.28247538189,23.11300113986
113.28281476171,23.113352221477
113.28371324688,23.114394658346
113.28376319267,23.11444476491
113.2837632825,23.114444931101
113.2837632825,23.114444931101
113.28377316386,23.114514897449
113.28378313505,23.114554949427
113.28382301981,23.114665050757
113.28385302322,23.11468515982
113.28435221159,23.115316100906
113.28461173205,23.115736477346
113.28499090681,23.1164968742
113.28502082038,23.116546896876
113.28520039165,23.117007071374
113.28528016118,23.117227103686
113.28532004594,23.117327148469
113.28535993071,23.117417138853
113.2853699019,23.117447135634
113.28538984428,23.117507129176
113.28569877155,23.118747211213
113.28590807673,23.119577222124
113.28607740732,23.120407144752
113.28607749715,23.120407144752
113.28607749715,23.120407144752
113.28615735651,23.120617117345
113.28630710404,23.120977069589
113.28643690919,23.121237062188
113.28659671774,23.121457004394
113.28666669573,23.121526967045
113.28677664833,23.121656921324
113.28686656871,23.121726883869
113.2869465179,23.121796846377
113.2870464993,23.121876779744
113.28713650952,23.121936688192
113.28832622533,23.122805149923
113.28862616954,23.1230245079
113.28877618656,23.123124215951
113.2889462358,23.123233811631
113.28909625282,23.12334340722
113.28967628868,23.123741739479
113.2897662989,23.123801480906
113.28976620907,23.123801480906
113.28976620907,23.123801480906
113.29013631094,23.123920215873
113.2909165791,23.124447168517
113.29119667076,23.124635947006
113.29119676059,23.124636030095
113.29119676059,23.124636030095
113.29178712697,23.124953180675
113.29178712697,23.124953180675
113.29178712697,23.124953180675
113.29189725923,23.12501267229
113.29222747633,23.12522097582
113.29258778667,23.125428946668
113.2926578545,23.125468579909
113.29271786131,23.125508213138
113.29278792914,23.125557816974
113.29313826829,23.125755733603
113.29371884314,23.126082021203
113.29373887535,23.126091908694
113.29373878552,23.126091742518
113.29373878552,23.126091742518
113.29393901782,23.126240387139
113.29436948582,23.126517319353
113.29446964688,23.12656659046
113.2947199148,23.126744730702
113.29483004705,23.126803889162
113.29500027595,23.126902597321
113.29532070152,23.127090042915
113.29560106267,23.127257796526
113.29638222914,23.127741115181
113.29643226476,23.127770694192
113.29643226476,23.127770611105
113.29643226476,23.127770611105
113.29657249025,23.127879372075
113.29683290902,23.128046958515
113.29710338881,23.128224432074
113.29752406528,23.128610369775
113.29759422294,23.128649669719
113.29773444843,23.128738239952
113.29781457728,23.128767403309
113.29783460949,23.128807201725
113.2978546417,23.128837029758
113.29785455187,23.128837112844
113.29785455187,23.128837112844
113.29799477736,23.128925682952
113.29851579456,23.1291903128
113.29878636418,23.129297410883
113.29878636418,23.129297410883
113.29878636418,23.129297410883
113.29890655746,23.129356152774
113.29902684056,23.129394870895
113.29916715589,23.129453363485
113.29938760006,23.129530882743
113.29942766448,23.129540437633
113.29952791538,23.129579321872
113.29960813406,23.129598431643
113.2996682307,23.129627760982
113.30019939875,23.129791606349
113.30040987173,23.129859155116
113.30074062782,23.129965172545
113.30123182127,23.130139153941
113.3012619145,23.130148791872
113.30165285706,23.130273835658
113.30165285706,23.130273752572
113.30165285706,23.130273752572
113.30173307574,23.130292696072
113.30179326221,23.130301918565
113.30179326221,23.13030200165
113.30179326221,23.13030200165
113.30335739177,23.130631186052
113.30630598977,23.131188271877
113.30633608301,23.131187856453
113.30636617624,23.131197411223
113.30666710859,23.131252745791
113.3071185071,23.131345717783
113.30732915975,23.131392411466
113.30751978018,23.131429384211
113.30806154823,23.131540717808
113.30813179572,23.131549607875
113.30817194998,23.13155899645
113.3083625704,23.131605939312
113.30875387228,23.131679552334
113.30895455374,23.1317262459
113.30918532842,23.131772440943
113.30961678456,23.131885269773
113.30981746601,23.131931963267
113.30993783895,23.131969932875
113.31002811865,23.13198846071
113.31015855261,23.132026264133
113.310479607,23.132130867395
113.31063007317,23.132188361766
113.3110414971,23.132331349827
113.31116187003,23.132379289426
113.31132239723,23.132436534437
113.31173382115,23.132579439146
113.31185419409,23.132627378656
113.31196459584,23.132675484317
113.31216527729,23.132752004684
113.31216518746,23.1327519216
113.31216518746,23.1327519216
113.31290781662,23.133089075962
113.31290781662,23.133089075962
113.31290781662,23.133089075962
113.31307840484,23.133156041463
113.31334933378,23.133271278542
113.31341958127,23.133300025483
113.3137607577,23.133474002504
113.31385103741,23.133492447046
113.31390125269,23.133521526273
113.31404174767,23.133579020041
113.31421233588,23.133656038388
113.31492487181,23.133963446662
113.31563740774,23.134280824185
113.31577790273,23.134338317624
113.31604883167,23.134453470593
113.31616929444,23.134501326342
113.31695207786,23.134807403333
113.31703238637,23.134835983776
113.3170324762,23.134836233024
113.3170324762,23.134836233024
113.31764467141,23.135015359148
113.31824680559,23.135144718633
113.31917008399,23.135238435638
113.31974212494,23.135278398277
113.31974212494,23.135278481359
113.31974212494,23.135278481359
113.31986258771,23.13525638144
113.31998305048,23.135224394708
113.32005329797,23.135223231554
113.32010351325,23.135232370621
113.32054512023,23.135254719792
113.3206053067,23.135253722803
113.32080598815,23.135250316424
113.3210769171,23.135215754135
113.32126762736,23.135182521156
113.32149840204,23.13514862351
113.3215385563,23.135118049154
113.32159874277,23.135067119574
113.32165892924,23.135036212869
113.32171911571,23.135025245972
113.32173914792,23.135015026818
113.32175918013,23.13501477757
113.32179933439,23.135004143001
113.32182942762,23.135003727589
113.32191970733,23.135002232102
113.32193973954,23.135001982855
113.32196983277,23.135011454267
113.32202004805,23.135020593349
113.32206020231,23.135029898595
113.32212038878,23.135058894403
113.32216054303,23.135088222534
113.32216072269,23.135086727049
113.32216072269,23.135086727049
113.32272261279,23.134807237167
113.32279286028,23.134776164237
113.32343505889,23.134455547665
113.32380632856,23.134269524894
113.32404716426,23.134155618012
113.32450871364,23.133898226317
113.32476958156,23.133784069866
113.32510069697,23.133668833233
113.3252210699,23.13362695919
113.3252210699,23.133626294523
113.3252210699,23.133626294523
113.32564246502,23.133509645333
113.32626445175,23.133390005031
113.32639488571,23.133368070964
113.32684628423,23.133331264927
113.32686631645,23.133331015676
113.32747824216,23.133281913249
113.32762870833,23.133269783036
113.32762870833,23.133269284534
113.32762870833,23.133269284534
113.32766886259,23.133208633452
113.32770901684,23.133158118556
113.32775914229,23.133037480932
113.32775914229,23.132987547558
113.32776920331,23.132857521297
113.32776920331,23.132827611084
113.32774935076,23.132347966674
113.32771952702,23.131498510754
113.32770982532,23.130518771582
113.32770003379,23.129999071517
113.32784043894,23.129987107175
113.32784007962,23.129986276317
113.32784007962,23.129986276317
113.32783989996,23.130436267775
113.32783989996,23.130656277813
113.32784969149,23.131486048039
113.32788966608,23.132315397651
113.32788966608,23.132415431054
113.32788957625,23.132415431054
113.32788957625,23.132415431054
113.32827072728,23.132389841121
113.32827072728,23.132389841121
113.32827378152,23.132387016258
