113.26406290369,23.113592036695
113.26406568843,23.113590125487
113.26406568843,23.113590125487
113.26379682559,23.113475785367
113.26335854234,23.113288652922
113.26327895247,23.113257408758
113.26216334686,23.112808688572
113.26196419252,23.112725342785
113.26089844287,23.112297145709
113.26077896823,23.112255181823
113.25822921788,23.111230511007
113.25814962801,23.111199183261
113.25816966022,23.111129630653
113.25824933992,23.111161041513
113.25824844161,23.111160210538
113.25824844161,23.111160210538
113.26051935794,23.11207012508
113.26065877496,23.112122559235
113.26081813435,23.112185297381
113.26114682434,23.112320994486
113.26137589225,23.112414976907
113.26172452461,23.112550923068
113.26199347728,23.112665513275
113.26287013363,23.113010363554
113.26332835927,23.113197994969
113.26339806778,23.11322915605
113.26367699164,23.113343745672
113.26382637985,23.113416205483
113.26418507324,23.113562122138
113.26458356156,23.113738617924
113.2650817618,23.11393663528
113.26556999084,23.114164400576
113.26566961292,23.114216002948
113.26712441869,23.114898382179
113.26756288161,23.115104956594
113.26797152079,23.115291006243
113.26845983966,23.11552807583
113.26920731968,23.115878652195
113.26930703159,23.115930004617
113.2694067435,23.11597138568
113.27011442858,23.11631099243
113.27069266784,23.116578638831
113.27092200524,23.116681592394
113.27096189,23.116702116622
113.27105163072,23.116743248162
113.27109151549,23.11676377238
113.27236782795,23.117319503854
113.27281662139,23.117504802557
113.27318564529,23.117668995272
113.27346492847,23.117792139675
113.273544698,23.117823050398
113.27373424046,23.117905146584
113.27382398118,23.117946111565
113.27387383714,23.117966635597
113.27390375071,23.117976939159
113.27399349143,23.118007932932
113.27474160026,23.118305738683
113.27518060217,23.118430128889
113.27581920755,23.118566235074
113.27581929738,23.118566318167
113.27581929738,23.118566318167
113.27608995683,23.117229014842
113.27608995683,23.117229014842
113.27608995683,23.117229014842
113.27602006866,23.117228433186
113.27586043978,23.117206995008
113.2756808685,23.117195361887
113.27562104136,23.117184892078
113.27545144128,23.1171633708
113.27499249699,23.117118915639
113.27480295453,23.117097061975
113.27474312738,23.117096563412
113.27452367135,23.117114262387
113.27437401365,23.11716270605
113.27421438476,23.11728103149
113.27421366611,23.117280449834
113.27421366611,23.117280449834
113.27417369152,23.117369941688
113.27393384395,23.117897252723
113.27390393038,23.117976939159
113.27388407782,23.118006686534
113.27387419646,23.118036600088
113.27351442511,23.118872515025
113.27313471137,23.119728117534
113.27312483001,23.119747976553
113.27310497745,23.119777723531
113.27309509609,23.119807636686
113.27307524354,23.119837383651
113.27305530116,23.119887155791
113.27286557904,23.120234895518
113.2726158501,23.12073186677
113.27251604836,23.120910679578
113.27229632284,23.121357959819
113.27223649569,23.121487249535
113.27226640926,23.121527631773
113.27227629062,23.121617702399
113.27225634824,23.121697469692
113.27219652109,23.121756713494
113.27211675156,23.121775741301
113.27206698544,23.121775242756
113.27201721931,23.121774744211
113.27201524304,23.121774578029
113.27201524304,23.121774578029
113.2719454447,23.121823684716
113.27185570398,23.121892566993
113.27160615471,23.122249441426
113.27129668846,23.122715495555
113.27111711719,23.122943162692
113.27086765775,23.123209881725
113.27070793903,23.123507758889
113.27066796444,23.123707174191
113.27072761192,23.124087890404
113.27083702553,23.124629216792
113.2709166154,23.125040174689
113.27093646795,23.125160404145
113.27098623408,23.125401028906
113.2709662917,23.125560725071
113.27093637812,23.125680289347
113.27088652217,23.125879618294
113.27085651876,23.126239223907
113.27073668481,23.126637630557
113.27061685085,23.127105995719
113.27060696949,23.127145877721
113.27055711354,23.12736522852
113.27054723218,23.127405110444
113.27054723218,23.127435104967
113.27054723218,23.127495093992
113.27056717456,23.127575356274
113.27074647634,23.128087671103
113.2707563577,23.12839775106
113.27074647634,23.128457656563
113.27074476956,23.12845773965
113.27073731362,23.128465383623
