113.28317884493,23.129055297637
113.2831734551,23.129061279851
113.2831734551,23.129061279851
113.28265387519,23.129069588479
113.28226428009,23.129068259099
113.28223436652,23.129068259099
113.28222448516,23.128988330066
113.28222412584,23.12898799772
113.28222412584,23.12898799772
113.28226410043,23.128988163893
113.28264381417,23.128989576361
113.2831734551,23.128981350813
113.28382310964,23.128963154903
113.28390305883,23.128973374524
113.28445282181,23.128974537733
113.28445282181,23.12897437156
113.28445282181,23.12897437156
113.28494275763,23.128845172228
113.28498273223,23.128835284943
113.28506268142,23.12881551037
113.28515269163,23.128785682332
113.28521269844,23.128765824666
113.28565268848,23.128626322397
113.28570263426,23.128636375871
113.28580261566,23.128606547793
113.28620263111,23.128566749316
113.28637259051,23.128546891617
113.28707263999,23.128496790379
113.28759275888,23.128456410263
113.28845306607,23.12837523456
113.28889323577,23.128344409383
113.28959364458,23.128162698555
113.2896736836,23.128122567597
113.28980375824,23.128092240883
113.29020404317,23.127991041
113.29052428908,23.12796993691
113.29058429589,23.127979741173
113.29113468768,23.128087504929
113.29123475891,23.12810703035
113.29134489117,23.128126555768
113.29179530155,23.128214378568
113.2919454084,23.128223601205
113.29254601546,23.128250355158
113.29261608329,23.128250022811
113.29261635279,23.128248444161
113.29261635279,23.128248444161
113.29328720734,23.128154472956
113.2933973396,23.128153891348
113.29353756509,23.128133036544
113.29420850947,23.128048620253
113.29496973356,23.127963123778
113.29550063212,23.127909034143
113.29586130178,23.127856107704
113.29593145944,23.127845638736
113.2960016171,23.127825116232
113.29610177816,23.127804344463
113.29628215791,23.127762884004
113.29638231897,23.127742112226
113.29643235459,23.127771691237
113.29643226476,23.127770611105
113.29643226476,23.127770611105
113.29657249025,23.127879372075
113.29683290902,23.128046958515
113.29710338881,23.128224432074
113.29752406528,23.128610369775
113.29759422294,23.128649669719
113.29773444843,23.128738239952
113.29781457728,23.128767403309
113.29783460949,23.128807201725
113.2978546417,23.128837029758
113.29785455187,23.128837112844
113.29785455187,23.128837112844
113.29799477736,23.128925682952
113.29851579456,23.1291903128
113.29878636418,23.129297410883
113.29878636418,23.129297410883
113.29878636418,23.129297410883
113.29890655746,23.129356152774
113.29902684056,23.129394870895
113.29916715589,23.129453363485
113.29938760006,23.129530882743
113.29942766448,23.129540437633
113.29952791538,23.129579321872
113.29960813406,23.129598431643
113.2996682307,23.129627760982
113.30019939875,23.129791606349
113.30040987173,23.129859155116
113.30074062782,23.129965172545
113.30123182127,23.130139153941
113.3012619145,23.130148791872
113.30165285706,23.130273835658
113.30165285706,23.130273752572
113.30165285706,23.130273752572
113.30173307574,23.130292696072
113.30179326221,23.130301918565
113.30179326221,23.13030200165
113.30179326221,23.13030200165
113.30189351311,23.130270678407
113.30216417256,23.130327176559
113.30292620512,23.130477062715
113.30336736296,23.130581085602
113.30345764266,23.130589809562
113.3037685462,23.13065544696
113.30399923105,23.130702223972
113.30444047872,23.130785973892
113.30472128902,23.130831920006
113.30519262992,23.130925058464
113.30541325375,23.130961782084
113.30607521509,23.131081840001
113.30632602198,23.131128035268
113.30635611522,23.131137590042
113.30657682888,23.131184200714
113.30667716961,23.131202645575
113.30725900209,23.131323534123
113.30758005647,23.131298525573
113.30775064469,23.131285896669
113.30790111086,23.13126354683
113.30796129733,23.131232639239
113.30799139057,23.131212200344
113.30810179231,23.131130527818
113.30812182453,23.131100284876
113.30816197878,23.131039715886
113.30816188895,23.131039134291
113.30816188895,23.131039134291
113.30819207202,23.130898637391
113.30828244155,23.130567293434
113.3084833925,23.12978421171
113.30851348573,23.129673790583
113.30855363999,23.129483274458
113.30855372982,23.129313363422
113.30851375522,23.129164140641
113.30847378063,23.129074906002
113.30843380603,23.128995641663
113.30818326862,23.128469787216
113.30813332284,23.128250687505
113.30811347029,23.128011148044
113.30813368216,23.127730895465
113.30817392625,23.127540376548
113.30822414153,23.12736963215
113.30843506366,23.126876341623
113.30853549421,23.126654829733
113.30858570949,23.126494137831
113.30860583154,23.126333944261
113.30864598579,23.12626340253
113.30864535698,23.126261657681
113.30864535698,23.126261657681
113.30915712163,23.126213300429
113.3099297542,23.126140598342
113.31005012713,23.126128633652
113.31071244779,23.126067563863
113.31112387171,23.126030672711
113.31137476844,23.126006494046
113.31195687041,23.125946587435
113.31214758067,23.125923405813
113.31244869268,23.125898313157
113.31331178461,23.125823367513
113.31456635808,23.125701393802
113.31474700732,23.125698319531
113.31490762435,23.125705465133
113.3156302213,23.125692752608
113.31563013147,23.125691672459
113.31562563994,23.125690259956
