113.30016580212,23.132918754127
113.30016849704,23.132921745147
113.30016849704,23.132921745147
113.29966742222,23.132707637832
113.29966733239,23.132707471664
113.29966733239,23.132707471664
113.2996573612,23.132767624472
113.29959726456,23.133048281826
113.29945694924,23.13362986711
113.29945676958,23.13362986711
113.29945676958,23.13362986711
113.29921620337,23.133792544366
113.298985788,23.133935032197
113.29883550149,23.134026672978
113.29854489966,23.134209788183
113.29848489285,23.134270438807
113.29837476059,23.134491605644
113.29831466396,23.135382251232
113.29825456732,23.135942889622
113.29824459613,23.13604300337
113.29820462153,23.136523382148
113.29819465034,23.136603472802
113.29818467915,23.136703586052
113.29814470455,23.136953993468
113.29814470455,23.137004008429
113.29814371642,23.137003842266
113.29814371642,23.137003842266
113.29829400293,23.137032339154
113.29836416059,23.13704164426
113.29845435046,23.137110684795
113.29867479464,23.137108441601
113.299125744,23.137113592639
113.29965691205,23.13711766362
113.30075958206,23.137114838857
113.30180224527,23.137121817682
113.3018023351,23.137121651519
113.3018023351,23.137121651519
113.30205296233,23.137068396433
113.3030958052,23.137114589614
113.30329639682,23.137121817682
113.3033766155,23.137120820707
113.30359723934,23.137127799531
113.30368751904,23.137136523061
113.30370755125,23.137146243565
113.30371761227,23.137166099976
113.30371761227,23.137186122547
113.30371761227,23.137206145115
113.30371761227,23.137246107161
113.30369766989,23.137266378963
113.30367772751,23.137286650763
113.30367745802,23.137286567682
113.30367745802,23.137286567682
113.30360721053,23.137277594918
113.30329639682,23.1372719454
113.30292548648,23.137267043613
113.3021134183,23.137277761081
113.30184275885,23.137221348972
113.30039918189,23.137259150903
113.29867533362,23.137258652416
113.29831466396,23.137262474149
113.29813437404,23.137264301935
113.29783380102,23.137257406199
113.29753331782,23.137250427381
113.29731296348,23.137252587492
113.29615091548,23.137243282401
113.29614983751,23.137242700833
113.29614983751,23.137242700833
113.29598957981,23.137294128065
113.29428693154,23.137277511837
113.29377633469,23.137231152551
113.29331577346,23.13718421168
113.29322576324,23.137184793248
113.29315578524,23.137185208654
113.29300567839,23.137186122547
113.29284560035,23.137187036441
113.29276556133,23.137187534928
113.29250532223,23.137189030389
113.29231524078,23.137190110445
113.29195493044,23.137222013621
113.29186492023,23.13724245159
113.29165480657,23.137283493679
113.29165363877,23.137283161355
113.29165363877,23.137283161355
113.29168382184,23.138753024743
113.29168382184,23.139023035181
113.29168382184,23.139303014654
113.29167394048,23.139523093059
113.29166405912,23.139823176728
113.29165417775,23.140073245933
113.29164429639,23.140263331445
113.29155428618,23.140253860408
113.29155392686,23.140253694249
113.29155392686,23.140253694249
113.29149383022,23.140243973973
113.2913438132,23.140214730062
113.29110369614,23.140185901541
113.29095367912,23.140186566175
113.2909533198,23.140186400017
113.2909533198,23.140186400017
113.29032279916,23.140148848158
113.28990257184,23.140140374065
113.28975255482,23.140140872541
113.28975246499,23.140140789462
113.28975246499,23.140140789462
113.2897424938,23.140290830682
113.28975264465,23.140880858241
113.28975264465,23.140880775162
113.28975264465,23.140880775162
113.2895725344,23.140881356714
113.28862212717,23.140913757475
113.28862203734,23.140913674396
113.28862203734,23.140913674396
113.28861206615,23.141253715755
113.28861215598,23.141623747554
113.28862230683,23.142063730135
113.28862230683,23.142153703735
113.28862230683,23.142253729715
113.28862239666,23.142593767635
113.28862257632,23.143023777692
113.28862266615,23.14302386077
113.28862266615,23.14302386077
113.28894282223,23.143013143766
113.28915293589,23.143022614607
113.28956319202,23.143031503903
113.28975327347,23.143040974742
113.28975327347,23.143040891665
113.28976342432,23.143046291704
