113.2780046052,23.135378014033
113.27800765944,23.135373444505
113.27800765944,23.135373444505
113.27802760182,23.135353670907
113.27808751879,23.135154190036
113.27814743577,23.134984701679
113.27818741037,23.134865062709
113.27837713249,23.134366565836
113.27843704947,23.134217099492
113.27846705287,23.134157362757
113.27848699525,23.134087572935
113.278656775,23.133758895614
113.27874669538,23.133579601626
113.27887659035,23.133340570292
113.27897648193,23.133161358822
113.27900648533,23.133111674746
113.27930616005,23.132583759518
113.27936607703,23.132484224747
113.2794359652,23.132504663445
113.27937613805,23.132614251374
113.27937604822,23.132613088197
113.27937604822,23.132613088197
113.2791163481,23.133081349172
113.27904654976,23.13319085354
113.27881685304,23.133609262418
113.27855724275,23.134137422812
113.27853739019,23.1341773027
113.27844755964,23.134406611821
113.27825792735,23.134885251792
113.27821804259,23.135004973827
113.27814824425,23.135224477791
113.27810835948,23.135344199519
113.27809847812,23.135374109164
113.27808859676,23.135464004222
113.27805877302,23.135563786003
113.27795897128,23.136013010795
113.27794908992,23.136172943426
113.27792923736,23.136422770272
113.27792923736,23.136762740069
113.27793920856,23.136882792734
113.27796921196,23.13711301107
113.27798915434,23.13725316906
113.27800909672,23.137393326901
113.27801906791,23.137463364226
113.2781389917,23.138254293249
113.27815902391,23.138534440506
113.27815902391,23.138564432511
113.2781689951,23.138614529945
113.2781789663,23.138774625599
113.2781789663,23.138864601431
113.27822909174,23.140115034861
113.2782392426,23.140835164846
113.27823933243,23.141055157628
113.27824939345,23.141395281702
113.27826942566,23.141705413615
113.27827948668,23.141895496787
113.27827948668,23.141925488031
113.2783595257,23.142356081802
113.2783595257,23.142386072943
113.27840947149,23.142506452826
113.27847935966,23.142616946343
113.27854924783,23.14271747044
113.27872908859,23.142918767637
113.2791087125,23.14326137925
113.27947836522,23.143603823824
113.27968820938,23.143795150428
113.28074740141,23.144781271447
113.28105722698,23.145102859959
113.28112720498,23.145163173295
113.28122718638,23.145273664596
113.28124721859,23.145303738152
113.281277222,23.14532384257
113.28129725421,23.145353916115
113.2813772034,23.145444302861
113.281417178,23.145524471201
113.28146721361,23.145684724659
113.28148724583,23.145844811772
113.28146739328,23.145904709392
113.28146739328,23.145934699729
113.28145751191,23.14596469006
113.28144763055,23.146004649465
113.28143774919,23.146044608858
113.28142786783,23.146114558536
113.28146784243,23.146154767122
113.28140810511,23.146304469232
113.28138825256,23.146364366644
113.28125862707,23.146653801189
113.28125629148,23.146654050415
113.28125629148,23.146654050415
113.28115648974,23.146883587177
113.28109666259,23.14692329708
113.28109657276,23.14692329708
113.28109657276,23.14692329708
113.28106665919,23.146983194212
113.28104680664,23.147043091317
113.2810070117,23.147122926389
113.28088735741,23.147312337191
113.28079761669,23.147411860829
113.28060807422,23.147630928873
113.28018892487,23.148118659269
113.28018829606,23.148118659269
113.28018829606,23.148118659269
113.28009846551,23.148308151722
113.28007861296,23.148408006908
113.28006882143,23.148557955695
113.28007888245,23.148638039077
113.28010888585,23.148748195185
113.28020904692,23.149138808339
113.28073976581,23.151081971207
113.28080983364,23.151322382776
113.28090999471,23.151702936616
113.2809499693,23.151743143507
113.28097997271,23.15176333002
113.2810199473,23.15178351653
113.28107986428,23.151793817463
113.28107977445,23.151793900536
113.28108579309,23.151802373884
