113.33507395423,23.104384682696
113.33507871525,23.104199947389
113.33507871525,23.104199947389
113.33407665545,23.104210418223
113.33402661983,23.104210999936
113.33398664524,23.104211415446
113.33391657741,23.104202274241
113.33391621809,23.104202108038
113.33391621809,23.104202108038
113.33391639775,23.1040521922
113.33392717741,23.103282333479
113.33393723843,23.103212361211
113.33393732826,23.103082471974
113.33393759776,23.10284263777
113.33393759776,23.102802748464
113.3339480181,23.102382829682
113.33394810793,23.102292912209
113.33390822317,23.102213465666
113.33388828078,23.102183797854
113.33385836721,23.10215421314
113.33383842483,23.102124545315
113.33379845023,23.102105099175
113.33376853666,23.102085486825
113.33367843662,23.102046594529
113.33367789763,23.102045181775
113.33367789763,23.102045181775
113.33232469021,23.102050915896
113.33201396634,23.10205465554
113.33153283391,23.102050749689
113.33045010628,23.102064711027
113.3297583212,23.102064129305
113.32964809912,23.102065625162
113.32955790924,23.10206687171
113.32929722099,23.102070528251
113.32921709213,23.102071608592
113.32788328811,23.102090722325
113.3273016353,23.102099365056
113.32649926881,23.102111581222
113.32595768042,23.102119974641
113.32566689893,23.102104600555
113.3254363039,23.102068367568
113.3253160208,23.102050334173
113.32500511726,23.102005375332
113.32462405606,23.101941635136
113.32462243911,23.101941053413
113.32462243911,23.101941053413
113.32456225264,23.101952023045
113.32429150336,23.101916537945
113.32420131349,23.101908061409
113.32387037774,23.101863601139
113.32387001842,23.10186335183
113.32387001842,23.10186335183
113.32304735023,23.101797035362
113.32240524145,23.101777921587
113.32235520584,23.101758890912
113.32233526345,23.101749334022
113.32231532107,23.101719749211
113.32229537869,23.101690164393
113.32229537869,23.10165027474
113.32229537869,23.101620357492
113.32229537869,23.101610468178
113.32229537869,23.101590523342
113.32231550073,23.101580301612
113.32233562278,23.101570079881
113.32239580925,23.101559110217
113.32239536009,23.101558029872
113.32239536009,23.101558029872
113.32311777738,23.101595925069
113.32386013706,23.101693571633
113.32400063204,23.101711272662
113.32400063204,23.101711272662
113.32399784729,23.10170877956
