113.26474561587,23.098725333298
113.26474831079,23.098734059353
113.26474831079,23.098734059353
113.26434973264,23.098727660246
113.26410063252,23.098713698558
113.26410054269,23.098713532347
113.26410054269,23.098713532347
113.26399076975,23.098861709003
113.26399076975,23.098861709003
113.26399076975,23.098861709003
113.26382090018,23.099238839869
113.26318229479,23.100088003685
113.26314249986,23.100147340237
113.26302284557,23.1003053216
113.26290319127,23.100463302776
113.26268373524,23.100719512773
113.26263396911,23.100788655315
113.26263387928,23.100948630409
113.26270349796,23.10107976829
113.26283294378,23.101231931284
113.26283231497,23.101231931284
113.26283231497,23.101231931284
113.26286222854,23.101262430345
113.26290211331,23.101283123164
113.26290202348,23.101283123164
113.26290202348,23.101283123164
113.26322074227,23.101488389109
113.26440587673,23.102387815862
113.26448555643,23.102459118212
113.26480427522,23.102654243794
113.26488395492,23.102705518229
113.26507322789,23.102818537983
113.26512299402,23.10284936909
113.26552148234,23.103075657564
113.26558121966,23.103116627121
113.26615909959,23.103405657434
113.26629860644,23.10348784564
113.26679680667,23.10369551814
113.26683669144,23.103716127478
113.2669562559,23.103767983218
113.26745454597,23.103935517007
113.26756413924,23.103977151115
113.26763393758,23.10399817592
113.26774353085,23.104039810008
113.26808237169,23.104144767743
113.26872025843,23.104353935047
113.269358235,23.104542908323
113.269966298,23.104751243985
113.27032517106,23.104876062402
113.27040494058,23.104897087064
113.27076390347,23.105001794817
113.27138211732,23.105199742104
113.27187070568,23.105345833994
113.27209007189,23.105418547474
113.27225958214,23.105460596623
113.27243906358,23.105512700984
113.27254874668,23.105533974848
113.2730174825,23.10566942945
113.27398504736,23.105940172038
113.27438407467,23.106044380364
113.27450381879,23.106085598308
113.27455367475,23.106106124174
113.27467341887,23.106147342098
113.2747531884,23.106168117257
113.27491281729,23.106229694808
113.2750525038,23.106281050963
113.27508241737,23.106291355432
113.27513227333,23.10632185333
113.27541155651,23.10644459276
113.27599015509,23.106700043313
113.27651889771,23.10693480144
113.27728721842,23.107311244578
113.27818534426,23.107738211243
113.27826520362,23.107778763864
113.2782951172,23.107788985117
113.27836500537,23.107829454623
113.27845483592,23.107880062263
113.27845501558,23.107880228462
113.27845501558,23.107880228462
113.27855481732,23.107940974224
113.27873447842,23.108042189399
113.27875442081,23.108062299465
113.27912362437,23.108314755332
113.27916350913,23.10835497538
113.27949282793,23.108627042076
113.27967239921,23.10879814299
113.28008148753,23.109190535803
113.28010142992,23.109210645696
113.28015128587,23.109260920414
113.28056028437,23.109763084862
113.28096919304,23.110415073134
113.28126832877,23.110976398733
113.28129824235,23.111036561396
113.2815474323,23.11158758031
113.28185662905,23.112118819875
113.28189651382,23.112199008362
113.28192642739,23.112249115755
113.28200628675,23.112369439898
113.28215594445,23.112600033169
113.28233560555,23.112840680709
113.28247538189,23.11300113986
113.28281476171,23.113352221477
113.28371324688,23.114394658346
113.28376319267,23.11444476491
113.2837632825,23.114444931101
113.2837632825,23.114444931101
113.28377316386,23.114514897449
113.28378313505,23.114554949427
113.28382301981,23.114665050757
113.28385302322,23.11468515982
113.28435221159,23.115316100906
113.28461173205,23.115736477346
113.28499090681,23.1164968742
113.28502082038,23.116546896876
113.28520039165,23.117007071374
113.28528016118,23.117227103686
113.28532004594,23.117327148469
113.28535993071,23.117417138853
113.2853699019,23.117447135634
113.28538984428,23.117507129176
113.28569877155,23.118747211213
113.28590807673,23.119577222124
113.28607740732,23.120407144752
113.28607749715,23.120407144752
113.28607749715,23.120407144752
113.28619697178,23.121067057497
113.28627665148,23.121447033467
113.28629659386,23.121527050136
113.28629659386,23.121547075068
113.28629659386,23.121587041833
113.28630656506,23.121647033503
113.28631653625,23.121707025145
113.28638606509,23.122326964895
113.28639594645,23.122446947539
113.28649529904,23.123476766401
113.28659474146,23.124406620989
113.28659474146,23.124456640683
113.28660471265,23.124486635873
113.28660471265,23.124526601752
113.28661450418,23.124876572719
113.28660444316,23.125086538238
113.28656446857,23.125246567136
113.28653446516,23.125336552148
113.28648451938,23.12545653207
113.2864246024,23.125546516939
113.28629461759,23.125706462194
113.286184665,23.125826441781
113.28606474121,23.125926396991
113.28568475798,23.126196184284
113.28514478654,23.126575647036
113.28483487114,23.12679524804
113.28480495757,23.12681518909
113.28469500497,23.126925030983
113.28458505238,23.127064867392
113.28451507438,23.127184762662
113.28447509978,23.127294687337
113.2844551574,23.127454630484
113.28446512859,23.127594632508
113.28448507097,23.127684699015
113.28451498455,23.127804759899
113.2846048151,23.128074875719
113.28475465246,23.128355127572
113.2850643882,23.12881551037
113.28508433058,23.128845504574
113.28518422215,23.129025635826
113.28523416794,23.129135642061
113.28529408492,23.129305719497
113.28532399849,23.129435749241
113.28537385444,23.12971574896
113.28538382564,23.129855748598
113.28540367819,23.130355757968
113.28542344091,23.131025757597
113.2854334121,23.131115738688
113.28548335789,23.13142572848
113.28554327486,23.131655790122
113.28560319184,23.131775847411
113.28598299541,23.132436035932
113.28605297341,23.132576032698
113.2861029192,23.132736052559
113.2861329226,23.132886019076
113.2861329226,23.132975998905
113.28611298022,23.133115995101
113.28606303443,23.133345970727
113.28601308865,23.133455973378
113.28598317507,23.133505989659
113.28590322588,23.133655955305
113.28576326988,23.133865906924
113.28569338171,23.133985879129
113.28564343593,23.134095881249
113.28559349014,23.134275839204
113.28552351214,23.134665747267
113.28546359517,23.134895720205
113.28538364598,23.135125609661
113.28537376461,23.135165572334
113.28533387985,23.135245497644
113.28522401709,23.135475386494
113.28508415092,23.135705191863
113.28484430335,23.136094846477
113.28481438977,23.136154831584
113.28467452361,23.136374582889
113.28459466425,23.136504439538
113.28459134052,23.136504273375
113.28459134052,23.136504273375
113.2845713083,23.136544235632
113.28448138792,23.136714054321
113.28446144554,23.136754016515
113.28441158958,23.136843910637
113.28436173363,23.136953827305
113.28429184546,23.137083683387
113.28425196069,23.13716360754
113.28424207933,23.137203569598
113.28424207933,23.137243531645
113.28426211155,23.137293546497
113.28428214376,23.137333591598
113.28433208955,23.137363666956
113.28436209295,23.137363750037
113.28445210316,23.137363916199
113.28531187136,23.137375132145
113.28553186638,23.137405373656
113.28553114774,23.137405456737
113.28553114774,23.137405456737
113.28599108016,23.137405789062
113.28654102279,23.137405872143
113.28757110972,23.137415260302
113.28910164265,23.137432541161
113.28910173248,23.13743245808
113.28910173248,23.13743245808
113.2892117749,23.137432208837
113.28965203443,23.137441015428
113.2898921515,23.137440350779
113.29041253988,23.137438606078
113.29041253988,23.137438439916
113.29041253988,23.137438439916
113.2907228146,23.137327277433
113.29087292145,23.137316726131
113.29145340647,23.137134279868
113.29159354213,23.137143584965
113.29164357775,23.137133449055
113.29172361677,23.137123146982
113.29180365579,23.137102875157
113.29193382026,23.137082271005
113.2919939169,23.137072052009
113.29230428145,23.137040481121
113.29249445273,23.137049453901
113.29278478507,23.137047875356
113.2927848749,23.137047127625
113.2927848749,23.137047127625
113.29299507839,23.137125888663
113.29315524626,23.137184876329
113.29322531409,23.137214453234
113.29329538192,23.137233977311
113.2937760652,23.137420909814
113.29471748937,23.137784222766
113.29509810142,23.137891313908
113.29563897117,23.137986939828
113.29624002738,23.138061878597
113.29646047155,23.138089959855
113.29674101236,23.138117459542
113.29675107339,23.138127346135
113.29682123105,23.138136734244
113.29706170743,23.138184505584
113.2971518973,23.138203697195
113.29727209058,23.138242578893
113.29749253475,23.138310455676
113.29776310437,23.138407825983
113.29795354514,23.138525883229
113.29795336548,23.138525800149
113.29795336548,23.138525800149
113.29821396391,23.138793152483
113.29834421821,23.138951835559
113.29843440808,23.139060919678
113.29843449791,23.139060919678
113.29843449791,23.139060919678
113.29863490987,23.139268785741
113.29959726456,23.14049827942
113.29971754767,23.140646907892
113.29986792401,23.140815225905
113.29991804946,23.140864657857
113.30000823933,23.14086366091
113.30005836478,23.140863162437
113.30010849023,23.140872550352
113.30015861568,23.140891990811
113.3001986801,23.140911514346
113.30023874453,23.14094100734
113.30026883776,23.140970666485
113.300298931,23.141020347616
113.300298931,23.141040369605
113.300298931,23.141070361043
113.30030899202,23.141140230268
113.30031905304,23.141220151975
113.30029911066,23.141270414563
113.30026910725,23.14132076021
113.30022913266,23.141341197546
113.30016912585,23.141381906053
113.300088997,23.141412811278
113.30007902581,23.141422946861
113.2999287393,23.141444713438
113.29984861044,23.141435740956
113.29979857483,23.141406414229
113.29976857142,23.141386807688
113.29974862904,23.141367118066
113.29973865785,23.141347345362
113.29971871547,23.141317686301
113.29971781716,23.141317021672
113.29971781716,23.141317021672
113.2996476595,23.141337791324
113.29956753065,23.14134867462
113.29943736618,23.141360139465
113.29838518094,23.141521477979
113.29824495545,23.141503034555
113.29824459613,23.141503034555
113.29824459613,23.141503034555
113.29799405872,23.141535518242
113.2979140197,23.141546318444
113.29791392987,23.141546401522
113.29791392987,23.141546401522
113.2976934857,23.141688548705
113.29712243288,23.141794058205
113.29712243288,23.141794058205
113.29712243288,23.141794058205
113.29712243288,23.141994110632
113.29711255152,23.142084250435
113.29711255152,23.142134263461
113.29711255152,23.142164254652
113.29711255152,23.142234289456
113.29711255152,23.142374275874
113.29711255152,23.142444310567
113.29711264135,23.14244422749
113.29711264135,23.14244422749
113.29725286684,23.142442898243
113.29751337544,23.142440488984
113.29773381961,23.142448298307
113.29799432821,23.14244580597
113.29813464353,23.142444476723
113.29869581498,23.14242869192
113.2988461015,23.142427196518
113.29917685758,23.142413654817
113.29935723733,23.142401774673
113.29935732716,23.142401110049
113.29935732716,23.142401110049
113.2995776815,23.142028671154
113.29959771372,23.141978491932
113.29966787138,23.141827787996
113.29972796801,23.141687219451
113.29972796801,23.141686887138
113.29972563242,23.141683813238
