113.29897105579,23.125823201336
113.29896836088,23.125815806476
113.29896836088,23.125815806476
113.29893853713,23.125566208911
113.29893835747,23.125566125822
113.29893835747,23.125566125822
113.29681386494,23.125957388907
113.29661354281,23.125999182283
113.29657356822,23.126019538893
113.29650350039,23.126040144765
113.29648355801,23.126050281523
113.29639363762,23.125831177815
113.29639318847,23.125831177815
113.29639318847,23.125831177815
113.29627308502,23.125502313853
113.29624317145,23.125442656281
113.29620328669,23.125333062426
113.29597332048,23.124785174882
113.29585339669,23.124446337625
113.29571344069,23.124117636408
113.29545347108,23.123519889996
113.29545356091,23.123439957619
113.29529366253,23.122991354956
113.29514382517,23.122522725994
113.29514301669,23.122522061271
113.29514301669,23.122522061271
113.29504303529,23.12232289346
113.29496317593,23.122103617414
113.29491331997,23.121884091733
113.29485349283,23.121614711124
113.29442464178,23.119408295507
113.29440478923,23.119338497924
113.29444485365,23.119318306474
113.29455507574,23.119287562284
113.2946252334,23.119267121548
113.29462469441,23.119266539901
113.29462469441,23.119266539901
113.2946446368,23.119366333869
113.29475423007,23.120095384277
113.29504357427,23.121572916366
113.29515343704,23.12205201811
113.29522341504,23.122261406466
113.29525332861,23.122491151643
113.2952632998,23.122521064186
113.29539319478,23.122929951362
113.29555318299,23.12336858345
113.29555318299,23.123368666539
113.29555318299,23.123368666539
113.29558318639,23.123408383486
113.29592319503,23.124315389007
113.29592319503,23.124315472097
113.29592580011,23.124319294203
