113.28182240361,23.103512111511
113.28163618488,23.103129840424
113.28163618488,23.103129840424
113.28080740822,23.102786044813
113.28070760647,23.102755629205
113.28070742681,23.102755379897
113.28070742681,23.102755379897
113.28056729115,23.103084549538
113.28039715209,23.103473552043
113.28016700622,23.103982137235
113.28001689937,23.104321192948
113.27992688916,23.10452063708
113.27992688916,23.104550636776
113.27992652983,23.104550636776
113.27992652983,23.104550636776
113.27980642639,23.104769858723
113.27977651281,23.104839663968
113.27969656362,23.105009107736
113.27896597175,23.10658403525
113.27853577324,23.107490823368
113.27841575963,23.107729901279
113.27836581384,23.107829537722
113.27835584265,23.107869425519
113.27832592908,23.107929174091
113.27830598669,23.107959006818
113.27829610533,23.107988922637
113.27827616295,23.108028727286
113.27813611712,23.108337607633
113.27796606789,23.108696263599
113.27786608649,23.108895451863
113.27759605585,23.109473237403
113.27725595738,23.110200347807
113.27717600819,23.110369618537
113.27693598096,23.110897455973
113.27640589088,23.112052591626
113.27628587726,23.112411403748
113.27622596029,23.112570866258
113.2762060179,23.112610669533
113.27617610433,23.112690359144
113.27617403823,23.112690608434
113.27617403823,23.112690608434
113.27615400602,23.112750437933
113.27611412125,23.112830044363
113.27584400078,23.113557385666
113.27567404138,23.113975690283
113.27543401415,23.114563258965
113.27542404296,23.114603144737
113.27517413437,23.115160630254
113.27505421058,23.115449385061
113.27494434782,23.115658202174
113.27473441382,23.116126024437
113.27469452905,23.116225571484
113.27461466969,23.116394751436
113.27454478153,23.116534017286
113.27452483914,23.116573819372
113.27421501357,23.117280449834
113.27417512881,23.117370024782
113.27393528124,23.117897335816
113.27390536766,23.117977022252
113.27388551511,23.118006769627
113.27387563375,23.118036683182
113.27351586239,23.118872598118
113.27313614866,23.119728200626
113.2731262673,23.119748059645
113.27310641474,23.119777806623
113.27309653338,23.119807719778
113.27307668083,23.119837466743
113.27305673845,23.119887238883
113.27286701633,23.12023497861
113.27261728739,23.120731949861
113.27251748565,23.12091076267
113.27229776012,23.12135804291
113.27223793298,23.121487332626
113.27226784655,23.121527714864
113.27227772791,23.12161778549
113.27225778553,23.121697552783
113.27219795838,23.121756796585
113.27211818885,23.121775824392
113.27206842273,23.121775325847
113.2720186566,23.121774827302
113.27201524304,23.121774578029
113.27201524304,23.121774578029
113.2719454447,23.121823684716
113.27185570398,23.121892566993
113.27160615471,23.122249441426
113.27129668846,23.122715495555
113.27111711719,23.122943162692
113.27086765775,23.123209881725
113.27070793903,23.123507758889
113.27066796444,23.123707174191
113.27072761192,23.124087890404
113.27083702553,23.124629216792
113.2709166154,23.125040174689
113.27093646795,23.125160404145
113.27098623408,23.125401028906
113.2709662917,23.125560725071
113.27093637812,23.125680289347
113.27088652217,23.125879618294
113.27085651876,23.126239223907
113.27073668481,23.126637630557
113.27073560684,23.126637796733
113.27073560684,23.126637796733
113.27016715912,23.126560275783
113.27005756584,23.126538922201
113.26971863517,23.126484416546
113.26964892667,23.12647353203
113.2694196791,23.126440463036
113.26938985536,23.126460071787
113.26934008923,23.126479348183
113.26931026549,23.126488903293
113.26927047056,23.126508345861
113.26924064681,23.126527954602
113.26921082307,23.126557533884
113.26913114337,23.12663638424
113.26913006541,23.126636051889
113.26913006541,23.126636051889
113.26913006541,23.12667601712
113.26912018404,23.126755864459
113.26908011962,23.127375282089
113.26902002298,23.128224348987
113.26899001958,23.128693871757
113.26896001617,23.129073410449
113.26893001277,23.129522989573
113.26892938395,23.129522989573
113.26892938395,23.129522989573
113.26888949919,23.129652354417
113.26884952459,23.130271758519
113.26879957881,23.130911017077
113.26877963643,23.131250751752
113.26874972285,23.131550272553
113.26874972285,23.131590236303
113.26874972285,23.131650223449
113.26872978047,23.131939939378
113.26867983468,23.132909199481
113.26863994992,23.133678637075
113.26863923127,23.133678637075
113.26863923127,23.133678637075
113.26862917025,23.133908445558
113.26860922787,23.13439813736
113.26858937532,23.134797848823
113.26857949396,23.135037708355
113.26855964141,23.1352674314
113.26855964141,23.135297424145
113.26855964141,23.135357409613
113.26854976005,23.135517259953
113.26852990749,23.135806967432
113.26852936851,23.135807050514
113.26852936851,23.135807050514
113.26849945494,23.135876590185
113.26849945494,23.135916552631
113.26842974643,23.136895587268
113.26840989388,23.137065322426
113.26836021758,23.137874614675
113.26835033622,23.13795445527
113.26835033622,23.138024492299
113.26835033622,23.138074506856
113.26835033622,23.138154513493
113.26834045486,23.138404336604
113.2683208718,23.139844112773
113.2683111701,23.140534003439
113.2683111701,23.140614008591
113.2683111701,23.140644000126
113.2683111701,23.140683961135
113.2683111701,23.140834001741
113.2683014684,23.141453852076
113.2682917667,23.142153786813
113.26828197517,23.142443645944
113.26828197517,23.142493658834
113.26828197517,23.142523649944
113.268282065,23.142863687171
113.2682920362,23.142943857072
113.2682920362,23.143043882456
113.2682823345,23.143613793085
113.26828242433,23.143733839545
113.26832239892,23.143884458236
113.26831269722,23.144224325819
113.2682532294,23.144763493088
113.26813393443,23.145371777472
113.26810420051,23.145471385643
113.26790522584,23.146118546164
113.26777578002,23.146256617744
113.2677742529,23.146256534668
113.2677742529,23.146256534668
113.26770454439,23.146335456384
113.26770454439,23.146335456384
113.26770454439,23.146335456384
113.267275873,23.146449103574
113.26650845061,23.146607445182
113.26619952334,23.146632616994
113.26594045203,23.146638598414
113.26576115025,23.14663585693
113.26529277376,23.14659847305
113.26454529374,23.146476518451
113.26407691725,23.146388956974
113.26404709351,23.146388541597
113.26401726977,23.146398012196
113.26395753245,23.146417036467
113.26391773752,23.146436393038
113.26384802901,23.146455251153
113.26381820527,23.146474773868
113.26379835271,23.146474524642
113.26377850016,23.146494213505
113.26374867642,23.146523705257
113.26369900012,23.146562916816
113.26365920519,23.146602294513
113.26362938145,23.14664183835
113.26362785433,23.146641173748
113.26362785433,23.146641173748
113.26370762386,23.146782484714
113.26369783233,23.146952373361
113.26368813063,23.147242221996
113.26366845774,23.147551924853
113.26366881706,23.148162024072
113.26365938485,23.148811912892
113.26365947468,23.148901964984
113.26364986281,23.149261840444
113.26365004247,23.149591891571
113.26364034077,23.14983172433
113.2636404306,23.150021712772
113.2636404306,23.150061754027
113.26364061027,23.150281814565
113.26364087976,23.150641852423
113.26363108823,23.150771695093
113.26358186109,23.151430958279
113.26358105261,23.151430958279
113.26358105261,23.151430958279
113.26358114244,23.151541028993
113.26359138312,23.151921249917
113.26360153398,23.152221471655
113.26360171364,23.152491537722
113.26361195432,23.152881724482
113.26361204415,23.152881724482
113.26361204415,23.152881724482
113.26372172725,23.152923509371
113.26392106125,23.152936800784
113.26421004613,23.15292159873
113.26440938012,23.152924838512
113.26479798708,23.152791176667
113.26542581281,23.152601275269
113.26604366733,23.152451081844
113.26699048134,23.152235759999
113.26723967129,23.152189572089
113.26785770548,23.152048848393
113.26800727335,23.15202110238
113.26804706828,23.151921748349
113.26806701066,23.151872154378
113.26816672258,23.151833692039
113.26820660734,23.151834273543
113.26824649211,23.151824969476
113.26828637687,23.15182555098
113.26832626163,23.151826132485
113.26837611759,23.15185686913
113.26840603116,23.151867336202
113.26845588712,23.151918093183
113.2684758295,23.151938362741
113.26848580069,23.151978486488
113.26850583291,23.152088805963
113.2684661278,23.15218824294
113.26838653793,23.152257109442
113.26838626844,23.152256195652
113.26838626844,23.152256195652
113.26840630066,23.152376483497
113.26840630066,23.152376483497
113.26840630066,23.152376483497
113.26851607359,23.152448091265
113.26884647036,23.15420305097
113.26891653819,23.154574126521
113.26891662802,23.154574126521
113.26917426204,23.154585257941
