113.23882950192,23.121120319009
113.23881135615,23.121105196398
113.23881135615,23.121105196398
113.23881135615,23.121115167351
113.23880147479,23.121125055212
113.23873158662,23.121254262064
113.2384718865,23.121751478769
113.23816224059,23.122338182114
113.23768263527,23.12334324104
113.23762280813,23.123462641136
113.23759289455,23.123532353459
113.23745311822,23.123810953118
113.23736328767,23.124000064871
113.23717347571,23.124388258273
113.23702363835,23.124706821959
113.23689383321,23.125025551058
113.23688395185,23.125075487429
113.23684397725,23.125365051544
113.23684379759,23.125885019033
113.23684379759,23.126115007198
113.23684343827,23.127164904756
113.23683346708,23.127374783565
113.2368317603,23.127374783565
113.2368317603,23.127374783565
113.23689158744,23.127535391313
113.23689158744,23.127625374773
113.23689149761,23.128015302391
113.23689149761,23.128155303824
113.23688134676,23.128785183814
113.23690101965,23.129705280139
113.23692096203,23.129765434309
113.23693093322,23.129935510937
113.23693066373,23.129935510937
113.23693066373,23.129935510937
113.23695051628,23.13031571076
113.23695051628,23.13031571076
113.23695051628,23.13031571076
113.23701034343,23.130486285195
113.23702031462,23.130526415436
113.237040257,23.130546605181
113.23707017058,23.130626865616
113.23708014177,23.130666995815
113.23708014177,23.130687019368
113.23708014177,23.130726983379
113.23709011296,23.130867065034
113.23709011296,23.130917082292
113.23709011296,23.13094707602
113.23709011296,23.131137091532
113.23709011296,23.131227072548
113.23709011296,23.131397064217
113.23709011296,23.131557085501
113.23709011296,23.131617072661
113.2370802316,23.131656953307
113.23707035024,23.131716857338
113.23706046888,23.131756737953
113.23705058752,23.131786648407
113.23702076378,23.13184638621
113.23692105186,23.131915429451
113.23690119931,23.131925233422
113.23685134336,23.131944758278
113.23681154842,23.131954396078
113.23679169587,23.131964200046
113.23674183991,23.131963867708
113.23669198396,23.13196353537
113.23659227205,23.131942681166
113.2365624483,23.131932461774
113.23644279401,23.131871477741
113.23639302789,23.131821128506
113.23639114144,23.131820546914
113.23639114144,23.131820546914
113.23631128208,23.131799858856
113.23616162439,23.131708631959
113.23615174303,23.131698661803
113.23598214295,23.131657285646
113.23583248525,23.1316461523
113.23574274453,23.131645487623
113.23561302921,23.131654460767
113.23545340032,23.131653214497
113.23530374262,23.13163211099
113.23506425438,23.131590319388
113.2348147051,23.131528504351
113.23464510502,23.131467353963
113.23419586244,23.131444256391
113.23408608951,23.131433621537
113.23279782957,23.131455555924
113.23043016574,23.131504492857
113.23039028098,23.131504409772
113.23032039281,23.131504243603
113.22960093993,23.131521940656
113.22959932298,23.131520777469
113.22959932298,23.131520777469
113.22931950081,23.131580016884
113.22857992588,23.131608348768
113.22815017653,23.131587743762
113.22780037636,23.131577358173
113.22758047117,23.131577192004
113.2274805796,23.131567221837
113.22727073543,23.131557168586
113.22687089965,23.131507068485
113.22669096906,23.131497098313
113.22652109949,23.131437194183
113.22585114324,23.131267534905
113.22567121264,23.131307664911
113.22559126345,23.131317718182
113.22546136848,23.131297943979
113.22506135303,23.131178550937
113.22506009541,23.131177470832
113.22506009541,23.131177470832
113.22508003779,23.131577441258
113.22509000898,23.131677392133
113.22509000898,23.131717355846
113.22517983953,23.132607189228
113.22504985472,23.132617325484
113.22504985472,23.132617491653
113.22504985472,23.132617491653
113.22495993434,23.131717605099
113.22495993434,23.131627707501
113.22495993434,23.131627624417
113.22495993434,23.131627624417
113.22426967639,23.131708881213
113.22405965256,23.13173937327
113.22388969316,23.131759812084
113.2229691995,23.13183251109
113.22281918248,23.131823122535
113.22253909082,23.131854113073
113.22251914844,23.131844309097
113.22251914844,23.131844309097
113.22251860946,23.131843976758
113.22251627386,23.131846967802
