113.24835154032,23.099838939464
113.24834489286,23.099829964168
113.24834489286,23.099829964168
113.24835486405,23.099840102928
113.24835486405,23.099840186033
113.24835486405,23.099840186033
113.24847469801,23.099632175085
113.24850461158,23.099592783442
113.24852455396,23.099543169901
113.24868436251,23.099235931195
113.24900397961,23.098571422219
113.24921364412,23.098155063601
113.24957305615,23.097461212775
113.24968273926,23.097413094348
113.24979260202,23.097205079598
113.25034164635,23.096194587014
113.25048106336,23.096266973078
113.25048106336,23.09626614201
113.25048106336,23.09626614201
113.25033131583,23.096543552302
113.24993210887,23.097276717156
113.24978245117,23.097564181165
113.24978227151,23.097564098059
113.24978227151,23.097564098059
113.24980203423,23.097694408223
113.24944271202,23.09838825783
113.2493229679,23.098626188655
113.24929314416,23.098685692071
113.24900362029,23.099270835276
113.24896373553,23.099350200475
113.24875407102,23.099776694112
113.24853443532,23.100203020171
113.24853389634,23.100203020171
113.24853389634,23.100203020171
113.24895241688,23.1002898642
113.24899230164,23.100300501551
113.24899230164,23.100300501551
113.24899230164,23.100300501551
113.24940076116,23.100417263042
113.24976942574,23.100513414598
113.25010817675,23.100639068039
113.25025765478,23.100691589813
113.25056649222,23.100806771984
113.25111436875,23.101026083216
113.25120401964,23.10105757957
113.25124381457,23.101088244879
113.25134334682,23.101179908347
113.25194098948,23.101410188639
113.25210034887,23.101452986989
113.2534447529,23.102306374903
113.25369367336,23.102460697168
113.25591410492,23.103979893481
113.2562127915,23.104195210583
113.25639200345,23.104338395016
113.25650150689,23.104410361132
113.25718862077,23.104762545791
113.25733800898,23.104835176489
113.25767667016,23.104961158246
113.25767684982,23.104961241348
113.25767684982,23.104961241348
113.25770667356,23.104991739552
113.25797562623,23.105096530331
113.2580852195,23.105138496481
113.25827449247,23.105201819635
113.25844382306,23.105234810821
113.25860318246,23.105257663652
113.25873271811,23.105259990486
113.25873271811,23.105259907384
113.25873271811,23.105259907384
113.25879254526,23.105221016019
113.25892217075,23.105143399456
113.25898199789,23.105124535466
113.25913156576,23.105047251252
113.25915150814,23.105027722438
113.25915141831,23.105027390032
113.25915141831,23.105027390032
113.25917145052,23.104967723255
113.25935111163,23.10470105066
113.25948082694,23.104543490035
113.25958062868,23.10438534751
113.25979011353,23.104129144586
113.2597900237,23.104128812178
113.2597900237,23.104128812178
113.26004945433,23.103783440213
113.26008933909,23.103744216006
113.26012922386,23.103685047266
113.26026891037,23.103517596262
113.26029882394,23.103468233495
113.26045845283,23.103251170062
113.26057819695,23.103093358409
113.26070791227,23.102935712773
113.26075785805,23.102856682128
113.2608176852,23.102777817641
113.26094740052,23.102610199288
113.26156606352,23.101751162297
113.26170575003,23.101563680911
113.2618853213,23.1013269188
113.26188550096,23.101325755348
113.26188550096,23.101325755348
113.26193535692,23.101296669064
113.26200515526,23.101257942745
113.26215472312,23.10119062873
113.26224446384,23.101162207247
113.26233420456,23.101143841314
113.26233411473,23.101143508899
113.26233411473,23.101143508899
113.26249356396,23.101136195767
113.26266298438,23.101159049304
113.26283231497,23.101231931284
113.26283231497,23.101231931284
113.26283231497,23.101231931284
113.26286222854,23.101262430345
113.26290211331,23.101283123164
113.26290202348,23.101283123164
113.26290202348,23.101283123164
113.26322074227,23.101488389109
113.26440587673,23.102387815862
113.26448555643,23.102459118212
113.26480427522,23.102654243794
113.26488395492,23.102705518229
113.26507322789,23.102818537983
113.26512299402,23.10284936909
113.26552148234,23.103075657564
113.26558121966,23.103116627121
113.26615909959,23.103405657434
113.26629860644,23.10348784564
113.26679680667,23.10369551814
113.26683669144,23.103716127478
113.2669562559,23.103767983218
113.26745454597,23.103935517007
113.26756413924,23.103977151115
113.26763393758,23.10399817592
113.26774353085,23.104039810008
113.26808237169,23.104144767743
113.26872025843,23.104353935047
113.269358235,23.104542908323
113.269966298,23.104751243985
113.27032517106,23.104876062402
113.27040494058,23.104897087064
113.27076390347,23.105001794817
113.27138211732,23.105199742104
113.27187070568,23.105345833994
113.27209007189,23.105418547474
113.27225958214,23.105460596623
113.27243906358,23.105512700984
113.27254874668,23.105533974848
113.2730174825,23.10566942945
113.27398504736,23.105940172038
113.27438407467,23.106044380364
113.27450381879,23.106085598308
113.27455367475,23.106106124174
113.27467341887,23.106147342098
113.2747531884,23.106168117257
113.27491281729,23.106229694808
113.2750525038,23.106281050963
113.27508241737,23.106291355432
113.27513227333,23.10632185333
113.27541155651,23.10644459276
113.27599015509,23.106700043313
113.27651889771,23.10693480144
113.27728721842,23.107311244578
113.27818534426,23.107738211243
113.27826520362,23.107778763864
113.2782951172,23.107788985117
113.27836500537,23.107829454623
113.27845483592,23.107880062263
113.27845501558,23.107880228462
113.27845501558,23.107880228462
113.27855481732,23.107940974224
113.27873447842,23.108042189399
113.27875442081,23.108062299465
113.27912362437,23.108314755332
113.27916350913,23.10835497538
113.27949282793,23.108627042076
113.27967239921,23.10879814299
113.28008148753,23.109190535803
113.28010142992,23.109210645696
113.28015128587,23.109260920414
113.28056028437,23.109763084862
113.28096919304,23.110415073134
113.28126832877,23.110976398733
113.28129824235,23.111036561396
113.2815474323,23.11158758031
113.28185662905,23.112118819875
113.28189651382,23.112199008362
113.28192642739,23.112249115755
113.28200628675,23.112369439898
113.28215594445,23.112600033169
113.28233560555,23.112840680709
113.28247538189,23.11300113986
113.28281476171,23.113352221477
113.28371324688,23.114394658346
113.28376319267,23.11444476491
113.2837632825,23.114444931101
113.2837632825,23.114444931101
113.28377316386,23.114514897449
113.28378313505,23.114554949427
113.28382301981,23.114665050757
113.28385302322,23.11468515982
113.28435221159,23.115316100906
113.28461173205,23.115736477346
113.28499090681,23.1164968742
113.28502082038,23.116546896876
113.28520039165,23.117007071374
113.28528016118,23.117227103686
113.28532004594,23.117327148469
113.28535993071,23.117417138853
113.2853699019,23.117447135634
113.28538984428,23.117507129176
113.28569877155,23.118747211213
113.28590807673,23.119577222124
113.28607740732,23.120407144752
113.28607749715,23.120407144752
113.28607749715,23.120407144752
113.28615735651,23.120617117345
113.28630710404,23.120977069589
113.28643690919,23.121237062188
113.28659671774,23.121457004394
113.28666669573,23.121526967045
113.28677664833,23.121656921324
113.28686656871,23.121726883869
113.2869465179,23.121796846377
113.2870464993,23.121876779744
113.28713650952,23.121936688192
113.28832622533,23.122805149923
113.28862616954,23.1230245079
113.28877618656,23.123124215951
113.2889462358,23.123233811631
113.28909625282,23.12334340722
113.28909607315,23.12334340722
113.28909607315,23.12334340722
113.28961637171,23.123351965477
113.28961637171,23.123351965477
113.28961637171,23.123351965477
113.29023701098,23.123029991844
113.29046724668,23.122949228271
113.29064744677,23.122888655559
113.29198897622,23.122382801707
113.29198897622,23.122382552435
113.29198897622,23.122382552435
113.29163917605,23.121624349675
113.29150937091,23.121265063917
113.29140956916,23.121015623972
113.29122990806,23.120486580406
113.29104018594,23.120037552296
113.29100030117,23.119937841925
113.29091047062,23.119748308922
113.29090993164,23.119747893461
113.29090993164,23.119747893461
113.29190112194,23.119343483467
113.29216145088,23.119252248003
113.29221148649,23.11923205654
113.29221157632,23.119231890355
113.29221157632,23.119231890355
113.29221157632,23.119221836168
113.29221157632,23.119221836168
113.2922068153,23.119225824606
