113.22755576777,23.157592368421
113.22755136608,23.157589128753
113.22755136608,23.157589128753
113.22762125424,23.157529236416
113.22766122884,23.157489363556
113.22769114241,23.157449490683
113.22769114241,23.157449241478
113.22769114241,23.157449241478
113.22768108139,23.157379214716
113.22769096275,23.157259263689
113.22769096275,23.157149363864
113.22771090513,23.157089471329
113.22783073909,23.156959634851
113.22800051883,23.15672986634
113.22814029517,23.156560073301
113.22822015453,23.156470275622
113.22837996308,23.156270577329
113.22869949035,23.15584119175
113.22877934971,23.155771413347
113.22880926328,23.155721571608
113.22884923788,23.155671729851
113.22911881936,23.155302318771
113.2292585957,23.155122721648
113.22937842965,23.154983080978
113.2294682602,23.154883396888
113.22956806194,23.154753724388
113.2296479213,23.154643988625
113.22983764343,23.154414631448
113.2298375536,23.154413136181
113.2298375536,23.154413136181
113.23007713168,23.154113833188
113.23052628443,23.153535411414
113.23052628443,23.153535245272
113.23052628443,23.153535245272
113.2305661692,23.153415373834
113.23075580149,23.153196149213
113.23149447811,23.152299226814
113.23193356984,23.151731347272
113.23198351563,23.151681670157
113.23263218204,23.150895057973
113.23275192616,23.150755828209
113.23287167029,23.150626567033
113.23296150084,23.150527128883
113.23321105011,23.150268689032
113.23329090947,23.150249249948
113.23338074002,23.150229893935
113.23338082985,23.150228897059
113.23338082985,23.150228897059
113.23360037572,23.150000279896
113.23363028929,23.149970539699
113.23364026048,23.149960653989
113.23373009103,23.149851329622
113.23378003682,23.14981170367
113.2344985914,23.149116627657
113.2355562563,23.148084681856
113.23559614107,23.148055107378
113.23592537004,23.147767835832
113.23597522599,23.147728375406
113.23646408385,23.14729264845
113.23669351108,23.147094763971
113.23732196561,23.146550621667
113.23755139284,23.146342850101
113.2375912776,23.146323327366
113.23779079126,23.146135327435
113.23791053538,23.146046602673
113.23794044896,23.146016944664
113.23844915937,23.145652158913
113.23860878826,23.145533941862
113.23876841714,23.14543574603
113.23901778675,23.145288452147
113.23938681066,23.145062567977
113.23946658019,23.145013552972
113.24004508893,23.14468016738
113.24015477204,23.144621515356
113.24022457038,23.144572417111
113.24038410943,23.144494408187
113.24054364849,23.144416399218
113.24083290287,23.144299925676
113.24089273001,23.144270765736
113.24092264359,23.144181208958
113.24095255716,23.144111673644
113.24097249954,23.144032002911
113.24100241312,23.143932476735
113.24100259278,23.143929569041
113.24100259278,23.143929569041
113.24094276563,23.143868839759
113.24092291308,23.143858704363
113.24081322998,23.143747464188
113.24058380275,23.143514765058
113.24042417386,23.143352930506
113.24036434671,23.143272262388
113.24036434671,23.14322233287
113.24022475004,23.143080768874
113.23994537702,23.142787588029
113.23974586337,23.142585376776
113.23948643274,23.142312548944
113.2394166344,23.142241849557
113.23941573609,23.142240935698
113.23941573609,23.142240935698
113.23932590554,23.142139912772
113.2392660784,23.142079348826
113.23812828464,23.140877285848
113.23802857273,23.140766375487
113.23788888622,23.140625058105
113.23770931495,23.140433311528
113.23729007577,23.139949291423
113.23716036045,23.139798169782
113.23707061973,23.13967737204
113.23690101965,23.139405867499
113.2368411925,23.139295371305
113.23676142297,23.139114755524
113.23673159923,23.139044552912
113.23668174328,23.138894177961
113.23668174328,23.13886426911
113.2366518297,23.138714060115
113.23662191613,23.138543828586
113.23662191613,23.138463905265
113.23661203477,23.138383898815
113.23661203477,23.137884002801
113.23661203477,23.137784056605
113.23663188732,23.134794276267
113.23663188732,23.134744343555
113.23663188732,23.134644394991
113.23663188732,23.13406447582
113.23663188732,23.13375457528
113.23663197715,23.133114665761
113.23664203817,23.132434872754
113.23664203817,23.132384939153
113.23664060088,23.132382778963
113.23664060088,23.132382778963
113.23664060088,23.13235278556
113.23658077374,23.132292300226
113.23655094999,23.132262140634
113.23655077033,23.132261974465
113.23655077033,23.132261974465
113.23656083135,23.131932046351
113.23644117706,23.131871062319
113.23639141094,23.131820713083
113.23637155838,23.131780583233
113.23636167702,23.131760559845
113.23635179566,23.131730566301
113.23635179566,23.13171062599
113.2363419143,23.131650638872
113.2363419143,23.131600704976
113.23634200413,23.131390832855
113.23634209396,23.131090896269
113.23634209396,23.131010968455
113.23634209396,23.130871053122
113.23634209396,23.130761131412
113.23635206515,23.130741274041
113.23635206515,23.13070139312
113.23637200754,23.130641654801
113.23638197873,23.130601856935
113.23639194992,23.130572029299
113.23640192111,23.130542201657
113.23647180928,23.130482878693
113.23649175166,23.130463104366
113.23649130251,23.130461525743
113.23649130251,23.130461525743
113.23656128051,23.130062216637
113.2366012551,23.129942656311
113.23663125851,23.129843036471
113.23664131953,23.129613220942
113.23664131953,23.129563286279
113.23664158902,23.12875344478
113.23664158902,23.128673515557
113.23665191953,23.127853781267
113.23664230766,23.127213843273
113.23664248733,23.126883985687
113.23665254835,23.126744149088
113.23665272801,23.126414290334
113.23665308733,23.125604429607
113.23665317716,23.12535449929
113.23669333142,23.124994974368
113.23670330261,23.124955174808
113.23684325861,23.124596562783
113.23691323661,23.124467276098
113.23715308418,23.123999649423
113.23718308758,23.123950045004
113.23728297915,23.123751128606
113.23736292834,23.123601982657
113.23784253366,23.122696883334
113.23863187471,23.121205238257
113.2387118239,23.121066226584
113.23877174087,23.120976986497
113.23882168666,23.120887580168
113.23901149862,23.120619776275
113.239101419,23.120510843169
113.23912145121,23.120461154354
113.23914139359,23.120421436526
113.23936111912,23.120103942744
113.23943100729,23.120034810262
113.23976050575,23.119698619821
113.23976032609,23.119695794688
113.23976032609,23.119695794688
113.23979023966,23.119666130784
113.24045902811,23.119164086899
113.24098804023,23.118760589145
113.24105783857,23.118741560906
113.2413472726,23.118505244896
113.24172653719,23.118190156229
113.24191616948,23.118042665892
113.24191625931,23.118042250426
113.24191625931,23.118042250426
113.24200608986,23.117953423771
113.24218575096,23.117815821278
113.24226561032,23.117746936885
113.24233549849,23.117687940572
113.24246521381,23.117589724118
113.24306402426,23.117097892913
113.24344328885,23.116763190722
113.24351317702,23.116704277067
113.24377260765,23.116498037519
113.24388238058,23.116419679701
113.24397221113,23.116341072555
113.2439721213,23.116340241613
113.2439721213,23.116340241613
113.2439721213,23.116270276227
113.24399206368,23.116220668919
113.24400203487,23.116210863787
113.24407192304,23.116111981484
113.24417172479,23.116003460149
113.24441121303,23.115777027523
113.2444510978,23.115737723765
113.24445127746,23.115737225197
113.24445127746,23.115737225197
113.24445127746,23.115667176399
113.24453113682,23.115588402618
113.24476065388,23.115371857573
113.24490034038,23.115243974512
113.24529945752,23.114859992209
113.24561880513,23.114534923439
113.24595800529,23.114250155231
113.24606777822,23.114171962278
113.24616749014,23.114123600619
113.24624725967,23.114114875576
113.24624725967,23.114114210811
113.24624725967,23.114114210811
113.24626720205,23.114114460098
113.24633700039,23.114125511819
113.24639682753,23.114156423396
113.24671563616,23.114341311038
113.24671563616,23.114341394134
113.24671563616,23.114341394134
113.24692485151,23.114484567623
113.24700453121,23.114525782946
113.24700453121,23.114525866042
113.24700453121,23.114525866042
113.24705438717,23.1145266139
113.24708430074,23.114527112472
113.24713415669,23.114527860331
113.24718401265,23.11452860819
113.24726378218,23.114519966268
113.24769245357,23.114506837194
113.24846993699,23.114479498802
113.24993507327,23.114423824856
113.24993498344,23.114423575569
113.24993498344,23.114423575569
113.24993498344,23.114373552093
113.24990551902,23.114033192523
113.24990542919,23.114033109428
113.24990542919,23.114033109428
113.24838055559,23.114047900462
113.24838055559,23.114047900462
113.24838055559,23.114047900462
113.24830159454,23.113206803169
113.24832180641,23.112927267183
113.24835225897,23.112397942079
113.2483523488,23.112338029324
113.24835225897,23.112337780034
113.24835225897,23.112337780034
113.24911986102,23.112120398716
113.24911986102,23.112120398716
113.24912408306,23.112121229685
