113.2774027405,23.172136847668
113.27730410656,23.172042824528
113.27730410656,23.172042824528
113.2769249318,23.172099637105
113.27692484197,23.172099637105
113.27692484197,23.172099637105
113.27677473512,23.171748295777
113.27677473512,23.171748295777
113.27677473512,23.171748295777
113.27621589927,23.171853366035
113.27581687196,23.171949714974
113.27568724647,23.171968486397
113.27531813274,23.17206491831
113.27492916645,23.172181035199
113.27448028319,23.172306454613
113.27435065771,23.172305208725
113.2741012881,23.172342585349
113.27410065928,23.17234250229
113.27410065928,23.17234250229
113.27409050843,23.172152296694
113.27405053383,23.172011926449
113.27401046941,23.171761502241
113.27393043039,23.171450693162
113.27381041677,23.171099433171
113.27377044218,23.17095906181
113.27364045737,23.170597667165
113.27348019967,23.169905856553
113.27343025388,23.169745383218
113.27331041992,23.169534076419
113.27330053856,23.169514058736
113.2731906758,23.169272849582
113.27310057576,23.168881797444
113.2731100978,23.168461921782
113.27313992154,23.168332345641
113.27318959783,23.168102929111
113.27322930294,23.167943450334
113.27326900804,23.167743935467
113.27332865553,23.167494666055
113.27335847927,23.167365088967
113.27340815556,23.167135670761
113.27342791829,23.166965974128
113.27344777084,23.166856248484
113.27345756237,23.166646432202
113.27343744032,23.166436283335
113.27336737249,23.16613551238
113.27316731986,23.165573174352
113.27309734186,23.16537240996
113.27302754352,23.165311690509
113.27299771978,23.165301390626
113.27290797906,23.165280458605
113.27261872468,23.16523718247
113.27252898396,23.165206199739
113.27252709752,23.165203292512
113.27252709752,23.165203292512
113.27234761608,23.16524108646
113.27192882605,23.165345995756
113.27182920397,23.165384786425
113.27137061901,23.165519100067
113.27128096812,23.165548006139
113.27081241196,23.165681987362
113.27048354232,23.165807662125
113.27041383381,23.165826766671
113.270413205,23.165826766671
113.270413205,23.165826766671
113.27012413028,23.165952939675
113.26992488612,23.166030271457
113.26916743491,23.16632987977
113.26857949396,23.166571592663
113.26845004813,23.166629736592
113.26812126832,23.166775013241
113.26794196654,23.166852427605
113.26777263595,23.16691995748
113.26758336298,23.167007173135
113.26743397477,23.167064984623
113.26715505091,23.167200791683
113.26649749128,23.167480794667
113.2663181895,23.167558042494
113.26631711153,23.16755787637
113.26631711153,23.16755787637
113.26610798601,23.167674661709
113.26609810465,23.167714531502
113.26605839955,23.167783888302
113.26605821988,23.167783888302
113.26605821988,23.167783888302
113.26595868763,23.167932320037
113.26591898253,23.16798174187
113.26579959773,23.168109906304
113.26579941807,23.168109906304
113.26579941807,23.168109906304
113.26574965194,23.16816912936
113.2657198282,23.168198699348
113.26562029595,23.168267142215
113.26555067727,23.168316065553
113.26552085353,23.168335585046
113.26549102979,23.168345137138
113.2654313823,23.168374208716
113.26540155856,23.168383760804
113.2651923432,23.168410423587
113.26519171439,23.168410257464
113.26519171439,23.168410257464
113.26513179741,23.168369308079
113.26505211771,23.168318059033
113.26500226176,23.168247290464
113.26495249563,23.168186572331
113.2649127007,23.168126020293
113.26489284815,23.168095785795
113.26487299559,23.16806555129
113.2648630244,23.168015464993
113.26485305321,23.167965378677
113.26484308202,23.167915292342
113.26484290236,23.167695344166
113.26480292776,23.167534785089
113.26478298538,23.167464514475
113.264763043,23.167404294356
113.26471318704,23.167283521787
113.2646533599,23.167142564942
113.26454367679,23.166990809821
113.26423430038,23.166505723867
113.26417447323,23.16642482066
113.26356587125,23.165644691921
113.26352607631,23.165594106327
113.26339645083,23.165421998877
113.26335665589,23.165361362511
113.26318714564,23.165148553567
113.26308743373,23.165046966663
113.26284812515,23.164782989863
113.26272847085,23.164641033588
113.26267870473,23.164580230737
113.26215014176,23.164071213421
113.26184103484,23.163775919353
113.26170152799,23.163653565246
113.26155196013,23.163511026307
113.26130268035,23.163286751442
113.26119308707,23.163184913915
113.26051495624,23.16256308862
113.26006625264,23.162185224081
113.2599267458,23.162082804247
113.2596177287,23.161867414996
113.25929874042,23.161671795068
113.25900975553,23.161546780907
113.25814262122,23.161171405452
113.25808288391,23.161130453828
113.25789352111,23.161017151499
113.25783378379,23.160976199827
113.25777404647,23.160925197118
113.25758468367,23.160751837602
113.25755485993,23.16072135222
113.25744517683,23.160589442641
113.2573654073,23.160468082389
113.25717586483,23.16009469748
113.25709600548,23.159843336991
113.25701614612,23.159591976024
113.25690628335,23.159240020029
113.25677638837,23.158787717407
113.25673650361,23.158667103113
113.25672662225,23.158626981392
113.2567217714,23.158622578801
113.2567217714,23.158622578801
113.25670182902,23.158552220388
113.25649207468,23.157878455706
113.25626228813,23.157114308874
113.25623237456,23.157023847021
113.25613248299,23.156682101686
113.25607265584,23.156521113909
113.25606277448,23.156471023244
113.2560428321,23.156400746758
113.25601291852,23.156300316112
113.25583316759,23.155717085851
113.25575330823,23.155445697244
113.25566347768,23.155174141941
113.25559367934,23.154962978026
113.25546387419,23.154550700694
113.25534413007,23.154188596696
113.25532418769,23.154088330514
113.25531412667,23.15390823332
113.25530415548,23.153798081503
113.25531403684,23.153708365022
113.25534377075,23.153518963364
113.25537359449,23.153409558862
113.25541329959,23.153270331742
113.25542318096,23.153220572133
113.25539335721,23.153180116477
113.25534359109,23.153109339818
113.25534197414,23.153107096895
113.25534197414,23.153107096895
113.2553518555,23.153017213804
113.25537170805,23.152907642745
113.2553915606,23.152838028939
113.25538158941,23.152757948096
113.25537161822,23.152687835782
113.25534170465,23.152597370906
113.25532185209,23.152547112615
113.2553215826,23.152546614186
113.2553215826,23.152546614186
113.2552118995,23.152474674185
113.25511227742,23.152423003629
113.25499271295,23.152360949093
113.25493297564,23.152319994744
113.25479346879,23.152237587578
113.25461416701,23.152124443785
113.25434512451,23.151959712231
113.25410599559,23.151815499265
113.25388680904,23.151671701503
113.25388618023,23.151671036926
113.25388618023,23.151671036926
113.25382635308,23.15162991622
113.25378655815,23.151609314326
113.25367696487,23.151537456888
113.25350763429,23.151444499059
113.25332833251,23.151331437661
113.25301940524,23.151136051387
113.2529895815,23.151125584258
113.25289993061,23.151064110621
113.25274048138,23.150971401677
113.25271065764,23.150950965826
113.25264094913,23.150899793111
113.25259118301,23.150879024958
113.25256135926,23.150858589093
113.25241188123,23.15076604615
113.25214283873,23.15060139598
113.25186382503,23.150416641963
113.25177417414,23.15036513675
113.25145527569,23.150169665979
113.2512459705,23.1500361675
113.25068776346,23.149686678314
113.25065793972,23.149666242265
113.25007979029,23.149306450977
113.2491227356,23.148700510727
113.24890345923,23.148566927694
113.24882377953,23.14852572295
113.24837516576,23.148248421338
113.24822568772,23.148166094714
113.24798646896,23.14802229299
113.24795664522,23.148011908689
113.24790687909,23.147981171151
113.24777734344,23.147909145597
113.24763783659,23.147826984911
113.24729890593,23.147631676545
113.24716937027,23.147549681836
113.24701989223,23.147457385807
113.24674078871,23.147303115882
113.24665113782,23.147251775609
113.24583350015,23.146769275759
113.24565410854,23.146676646885
113.24548468812,23.146584184097
113.24506589809,23.146378074092
113.24495630482,23.146316515177
113.24490653869,23.146295829381
113.24473711827,23.146203449403
113.244627525,23.146151942552
113.24437824522,23.146018440026
113.24435839267,23.14594824107
113.24433845029,23.14585802082
113.24433440791,23.145854116259
113.24433440791,23.145854116259
113.24413498409,23.145741299318
113.24406527558,23.145710395102
113.24389576533,23.145618097791
113.24389558567,23.14561793164
113.24389558567,23.14561793164
113.24384572972,23.145587193547
113.24375607883,23.145545987877
113.24375589916,23.145545904801
113.24375589916,23.145545904801
113.24277845294,23.145002503824
113.24184080165,23.144480285161
113.24175106093,23.144429193024
113.2417012948,23.144388651607
113.24151184217,23.144266362668
113.24145210485,23.144235707339
113.24141230992,23.144205301233
113.24139245737,23.144195165863
113.24138257601,23.144185113568
113.24136272346,23.144164925901
113.24131295733,23.144134353625
113.2412731624,23.144093895195
113.24122339627,23.144063322903
113.24104391483,23.143921178266
113.24103403347,23.143911125951
113.24095426394,23.143850230507
113.24093441139,23.143830042788
113.24068504178,23.143557051364
113.240365784,23.143223329799
113.24022618733,23.143081765804
113.23994681431,23.142788584961
113.23974730066,23.14258637371
113.23948787003,23.142313545879
113.23941807169,23.142242846493
113.23941573609,23.142240935698
113.23941573609,23.142240935698
113.23932590554,23.142139912772
113.2392660784,23.142079348826
113.23812828464,23.140877285848
113.23802857273,23.140766375487
113.23788888622,23.140625058105
113.23770931495,23.140433311528
113.23729007577,23.139949291423
113.23716036045,23.139798169782
113.23707061973,23.13967737204
113.23690101965,23.139405867499
113.2368411925,23.139295371305
113.23676142297,23.139114755524
113.23673159923,23.139044552912
113.23668174328,23.138894177961
113.23668174328,23.13886426911
113.2366518297,23.138714060115
113.23662191613,23.138543828586
113.23662191613,23.138463905265
113.23661203477,23.138383898815
113.23661203477,23.137884002801
113.23661203477,23.137784056605
113.23663188732,23.134794276267
113.23663188732,23.134744343555
113.23663188732,23.134644394991
113.23663188732,23.13406447582
113.23663188732,23.13375457528
113.23663197715,23.133114665761
113.23664203817,23.132434872754
113.23664203817,23.132384939153
113.23664060088,23.132382778963
113.23664060088,23.132382778963
113.23664060088,23.13235278556
113.23658077374,23.132292300226
113.23655094999,23.132262140634
113.23655077033,23.132261974465
113.23655077033,23.132261974465
113.23656083135,23.131932046351
113.23644117706,23.131871062319
113.23639141094,23.131820713083
113.23637155838,23.131780583233
113.23636167702,23.131760559845
113.23635179566,23.131730566301
113.23635179566,23.13171062599
113.2363419143,23.131650638872
113.2363419143,23.131600704976
113.23634200413,23.131390832855
113.23634209396,23.131090896269
113.23634209396,23.131010968455
113.23634209396,23.130871053122
113.23634209396,23.130761131412
113.23635206515,23.130741274041
113.23635206515,23.13070139312
113.23637200754,23.130641654801
113.23638197873,23.130601856935
113.23639194992,23.130572029299
113.23640192111,23.130542201657
113.23647180928,23.130482878693
113.23649175166,23.130463104366
113.23649130251,23.130461525743
113.23649130251,23.130461525743
113.23656128051,23.130062216637
113.2366012551,23.129942656311
113.23663125851,23.129843036471
113.23664131953,23.129613220942
113.23664131953,23.129563286279
113.23664158902,23.12875344478
113.23664158902,23.128673515557
113.23665191953,23.127853781267
113.23664230766,23.127213843273
113.23664248733,23.126883985687
113.23665254835,23.126744149088
113.23665272801,23.126414290334
113.23665308733,23.125604429607
113.23665317716,23.12535449929
113.23669333142,23.124994974368
113.23670330261,23.124955174808
113.23684325861,23.124596562783
113.23691323661,23.124467276098
113.23715308418,23.123999649423
113.23718308758,23.123950045004
113.23728297915,23.123751128606
113.23736292834,23.123601982657
113.23784253366,23.122696883334
113.23863187471,23.121205238257
113.2387118239,23.121066226584
113.23877174087,23.120976986497
113.23882168666,23.120887580168
113.23901149862,23.120619776275
113.239101419,23.120510843169
113.23912145121,23.120461154354
113.23914139359,23.120421436526
113.23936111912,23.120103942744
113.23943100729,23.120034810262
113.23976050575,23.119698619821
113.23976032609,23.119695794688
113.23976032609,23.119695794688
113.23979023966,23.119666130784
113.24045902811,23.119164086899
113.24098804023,23.118760589145
113.24105783857,23.118741560906
113.2413472726,23.118505244896
113.24172653719,23.118190156229
113.24191616948,23.118042665892
113.24191625931,23.118042250426
113.24191625931,23.118042250426
113.24200608986,23.117953423771
113.24218575096,23.117815821278
113.24226561032,23.117746936885
113.24233549849,23.117687940572
113.24246521381,23.117589724118
113.24306402426,23.117097892913
113.24344328885,23.116763190722
113.24351317702,23.116704277067
113.24377260765,23.116498037519
113.24388238058,23.116419679701
113.24397221113,23.116341072555
113.2439721213,23.116340241613
113.2439721213,23.116340241613
113.2439721213,23.116270276227
113.24399206368,23.116220668919
113.24400203487,23.116210863787
113.24407192304,23.116111981484
113.24417172479,23.116003460149
113.24441121303,23.115777027523
113.2444510978,23.115737723765
113.24445127746,23.115737225197
113.24445127746,23.115737225197
113.24445127746,23.115667176399
113.24453113682,23.115588402618
113.24476065388,23.115371857573
113.24490034038,23.115243974512
113.24529945752,23.114859992209
113.24561880513,23.114534923439
113.24595800529,23.114250155231
113.24606777822,23.114171962278
113.24616749014,23.114123600619
113.24624725967,23.114114875576
113.24624725967,23.114114210811
113.24624725967,23.114114210811
113.24626720205,23.114114460098
113.24633700039,23.114125511819
113.24639682753,23.114156423396
113.24671563616,23.114341311038
113.24671563616,23.114341394134
113.24671563616,23.114341394134
113.24692485151,23.114484567623
113.24700453121,23.114525782946
113.24700453121,23.114525866042
113.24700453121,23.114525866042
113.24705438717,23.1145266139
113.24708430074,23.114527112472
113.24713415669,23.114527860331
113.24718401265,23.11452860819
113.24726378218,23.114519966268
113.24769245357,23.114506837194
113.24846993699,23.114479498802
113.24993507327,23.114423824856
113.24993498344,23.114423575569
113.24993498344,23.114423575569
113.24993498344,23.114373552093
113.24990551902,23.114033192523
113.24990542919,23.114033109428
113.24990542919,23.114033109428
113.24838055559,23.114047900462
113.24838055559,23.114047900462
113.24838055559,23.114047900462
113.24830159454,23.113206803169
113.24832180641,23.112927267183
113.24835225897,23.112397942079
113.2483523488,23.112338029324
113.24835225897,23.112337780034
113.24835225897,23.112337780034
113.24911986102,23.112120398716
113.24911986102,23.112120398716
113.24912408306,23.112121229685
