113.34800057051,23.128747877985
113.34800084,23.128747213294
113.34800084,23.128747213294
113.34832072659,23.128757682191
113.34843067919,23.128767901828
113.34848062498,23.128837943709
113.34849059617,23.128997968081
113.34845062157,23.129157909173
113.3478708552,23.129157161397
113.34787076536,23.129156995225
113.34787076536,23.129156995225
113.34787067553,23.129356983635
113.34783061111,23.129766929854
113.34782063992,23.129986941003
113.34782046026,23.129986941003
113.34782046026,23.129986941003
113.34750057366,23.129996578945
113.34639071721,23.130046181103
113.34611080521,23.130066287835
113.34486063343,23.130187509761
113.34471070624,23.130197729288
113.34463075705,23.130197895459
113.34463021807,23.130197895459
113.34463021807,23.130197895459
113.34457039092,23.129568022179
113.3443806688,23.128908484071
113.34438084846,23.128348646806
113.34435102472,23.128198841332
113.34427116536,23.128049118775
113.34427080603,23.12804870334
113.34427080603,23.12804870334
113.34413076021,23.128049035688
113.34372059391,23.128080027108
113.34372050408,23.128080027108
113.34372050408,23.128080027108
113.34090817902,23.128341002826
113.34062799753,23.128372492698
113.34019761936,23.128424920411
113.34007760575,23.128435638593
113.3399575023,23.128446356775
113.33986749209,23.128456908783
113.33956718856,23.128498784458
113.33940702068,23.128519805378
113.33663269395,23.12878102949
113.33569100028,23.128879653091
113.33552077139,23.128891285187
113.33508994406,23.128925516779
113.33490965415,23.128937315044
113.33484964734,23.128937896649
113.33484964734,23.128977861187
113.33482970496,23.129018074971
113.33480976258,23.129068259099
113.33476978798,23.129098668677
113.33472981339,23.129139048597
113.33467977777,23.129159570898
113.33462974215,23.129170122849
113.33459973875,23.12918042554
113.33455976415,23.129180840971
113.33452976075,23.129181173316
113.33448978615,23.129171701487
113.33445978275,23.129162063485
113.33442977935,23.129152425482
113.33437974373,23.129123012951
113.33433976913,23.129093517328
113.33428982335,23.128994146109
113.33428721826,23.128993813764
113.33428721826,23.128993813764
113.3342170606,23.129004614987
113.33417708601,23.129005030419
113.33417690634,23.129005030419
113.33417690634,23.129005030419
113.33272353786,23.129131321576
113.33269353446,23.129131653921
113.33255330897,23.129143285996
113.33238299024,23.129165303848
113.33234301565,23.129175772712
113.33231301224,23.129176105057
113.33205241381,23.129189232679
113.33178184419,23.129212579903
113.33064899112,23.129317019212
113.33062904873,23.12931726847
113.33031832486,23.129341363446
113.33009779086,23.129364295213
113.3299273823,23.129376591955
113.32982722124,23.12938797475
113.32811235602,23.129572176478
113.32803222717,23.129583309998
113.32801228478,23.129623606685
113.32798228138,23.129664069532
113.327962339,23.129684342493
113.32792227457,23.129714918102
113.32788221015,23.129745493703
113.32784214572,23.129756045607
113.32780208129,23.129766597511
113.32777207789,23.12976701294
113.32774207449,23.129767428369
113.32770201006,23.129758122754
113.327601849,23.129709683691
113.32757184559,23.129680188198
113.32754184219,23.129640722388
113.32752189981,23.129601090393
113.32751192862,23.129571345618
113.32751192862,23.129541434665
113.32751192862,23.129501553383
113.32751192862,23.129471642414
113.32753196083,23.129431428766
113.32755199304,23.129391215107
113.32758208628,23.129350835263
113.32762224053,23.129320342657
113.32766239479,23.129299820381
113.32770254904,23.129289351527
113.32769985413,23.129288437579
113.32769985413,23.129288437579
113.32768997277,23.128878572968
113.32768997277,23.128818667655
113.32769024226,23.128018792043
113.32767083886,23.126689311165
113.32767083886,23.126649429026
113.32766131682,23.125829765314
113.32766131682,23.125769858624
113.32765161512,23.125260110591
113.32764173376,23.125100330975
113.32778213891,23.125088366191
113.32778195925,23.125087618392
113.32778195925,23.125087618392
113.32834366969,23.125029373143
113.32855432233,23.125016411287
113.32855432233,23.125016411287
113.32855432233,23.125016411287
113.32866463425,23.124934818035
113.32899565983,23.12485023353
113.32899565983,23.124850150441
113.32899565983,23.124850150441
113.32893556319,23.124720947092
113.32890564961,23.12465148466
113.32886612417,23.123832224049
113.328866214,23.123752291861
113.32883639026,23.123482831956
113.32882686822,23.122793184932
113.32881698686,23.122643456273
113.32881644788,23.122642957731
113.32881644788,23.122642957731
113.32942819393,23.122634399429
113.32942819393,23.122634399429
113.32943259563,23.122632571442
