113.31748513235,23.143802295055
113.31748567133,23.143798556587
113.31748567133,23.143798556587
113.31788721389,23.144091485966
113.31800767666,23.144179381268
113.31813820045,23.14428704878
113.31841928025,23.144512103506
113.31843940229,23.144541761853
113.31854989387,23.144689804255
113.31854989387,23.144689804255
113.31854989387,23.144689804255
113.3197843453,23.144818157382
113.32004530305,23.144803702084
113.32058716093,23.144694373462
113.32084802885,23.14464992753
113.32097846281,23.144617776911
113.32146013423,23.144529549593
113.32146022406,23.14452913421
113.32146022406,23.14452913421
113.32150010882,23.144048369061
113.32153011223,23.14376790115
113.32155014444,23.143627666972
113.32155014444,23.143547746716
113.32155005461,23.143547497484
113.32155005461,23.143547497484
113.32150990035,23.143368133658
113.32157987835,23.142707002645
113.32157987835,23.142706919567
113.32157987835,23.142706919567
113.32168992078,23.141754928314
113.32177993099,23.140573382928
113.32180993439,23.140252946536
113.32181990558,23.140122844321
113.32178990218,23.140103403749
113.3217699598,23.140083797016
113.32175001742,23.140054220751
113.3217299852,23.140014674949
113.32172001401,23.13998493251
113.32171004282,23.139935167912
113.32171004282,23.139885237136
113.32173007503,23.139844943568
113.32175010725,23.139804649987
113.32178020048,23.139774242865
113.32183032593,23.139733450785
113.32188054121,23.139712680882
113.32191063444,23.13970221285
113.32197082091,23.139691246339
113.32203100738,23.139700218939
113.32206110061,23.139699803541
113.32208113283,23.139709440777
113.3221313481,23.139738601721
113.32217150236,23.139757959266
113.32217114304,23.139756629993
113.32217114304,23.139756629993
113.32231154819,23.139754303764
113.32355579115,23.139663580819
113.32422799316,23.139612652985
113.32433839491,23.139600938749
113.32471963577,23.139574851725
113.3250005359,23.1395704485
113.32499056471,23.139520683747
113.32537180557,23.139504649356
113.32576310745,23.139488531884
113.32576310745,23.139487784166
113.32576310745,23.139487784166
113.32650546712,23.13944624428
113.32702711313,23.139418412549
113.3270270233,23.13941832947
113.3270270233,23.13941832947
113.32701687245,23.138778447288
113.32702684364,23.138418377198
113.32702684364,23.138418294117
113.32702684364,23.138418294117
113.32708703011,23.138377335459
113.32721746407,23.138375424609
113.32721746407,23.138375424609
113.32721378102,23.138377252379
