113.24502780994,23.130999502715
113.24503032519,23.131003823139
113.24503032519,23.131003823139
113.24500041162,23.13135336159
113.24500032179,23.131353444675
113.24500032179,23.131353444675
113.24531931007,23.131358097426
113.24542899318,23.131369729305
113.24596734767,23.13137787162
113.24617665285,23.131381028844
113.24675480228,23.131389918921
113.24715356009,23.131396150284
113.2479410147,23.131418666271
113.24810046393,23.1314212419
113.24821014703,23.131363082517
113.2482500318,23.131333836647
113.24826997418,23.13130425843
113.24830985895,23.131174978283
113.24830985895,23.131174729028
113.24830985895,23.131174729028
113.24829988775,23.131134515898
113.24829009622,23.130904453351
113.24842987256,23.130186845076
113.24851961328,23.130118382535
113.24851943362,23.130118133278
113.24851943362,23.130118133278
113.24915732036,23.13022863712
113.24942636286,23.130253064273
113.24962569686,23.13026635796
113.25001439365,23.130232957569
113.25005427842,23.130223735072
113.25061239563,23.13007326703
113.251031006,23.129890478456
113.25121039761,23.129823677478
113.25173860125,23.129622858911
113.25200764375,23.129527642389
113.25254581858,23.129327072633
113.25302416626,23.129145529324
113.25319358668,23.129078561798
113.25331315114,23.129040757535
113.25361210722,23.128926098384
113.25361210722,23.12892526752
113.25361210722,23.12892526752
113.25359225467,23.128694868795
113.25357249194,23.128584612935
113.25354275803,23.128384207926
113.2535329665,23.128204158889
113.2534835597,23.127503402719
113.25347376817,23.127243339314
113.253473858,23.127023406701
113.253473858,23.126943476436
113.2534641563,23.126663387776
113.25347421732,23.126413708718
113.25347439698,23.126123814541
113.253484458,23.125994113902
113.25348454783,23.125894241832
113.25348463767,23.125804340286
113.25350475971,23.125484782174
113.25357518686,23.124336244411
113.25360545976,23.123716895679
113.25360474111,23.123715566245
113.25360474111,23.123715566245
113.25363474452,23.123576141754
113.25370472252,23.123267463053
113.25377461068,23.123108761208
113.25377452085,23.123108678118
113.25377452085,23.123108678118
113.25387441243,23.1227705013
113.25401418876,23.122333113593
113.25424379565,23.121667390781
113.25431368382,23.121468720233
113.25444348897,23.12111117897
113.25447340254,23.121031826781
113.25462315007,23.120624595587
113.25466312466,23.120505442212
113.25477298743,23.120187533172
113.25481296202,23.120058325281
113.25487296883,23.119759526358
113.25511308589,23.118534078131
113.25513311811,23.118424561662
113.25513320794,23.118324683892
113.25519321474,23.11803585225
113.25522348764,23.117626534524
113.25527370292,23.117137611736
113.25531403684,23.116568501349
113.25531394701,23.11656692256
113.25531394701,23.11656692256
113.25535428092,23.116027723733
113.25536434194,23.115888041879
113.25536434194,23.115887958785
113.25536434194,23.115887958785
113.25535446058,23.115807772526
113.25538446399,23.115658451458
113.25540467586,23.115348923388
113.2554347691,23.115129552721
113.25549495557,23.11473077913
113.25552495897,23.114631397153
113.25554499118,23.114551874898
113.25554490135,23.114551376326
113.25554490135,23.114551376326
113.25559484714,23.114482324047
113.25562476071,23.11441293935
113.25564470309,23.114373385902
113.25567461667,23.114324027171
113.25571459126,23.114234865645
113.25574450484,23.114175452294
113.25583442522,23.113947188441
113.2558543676,23.113887608769
113.25601426598,23.113400666513
113.25615422198,23.112923361653
113.25623417117,23.112684874772
113.25626417457,23.112605517544
113.25629417798,23.112526160269
113.25636406615,23.112397526595
113.2564139221,23.112318501583
113.25649378146,23.112190033902
113.25666347137,23.111853241906
113.25684313247,23.111536558597
113.25720245468,23.110873191451
113.25724233944,23.110803971063
113.25725231063,23.110784276901
113.25728222421,23.110724945102
113.25781150581,23.109554673967
113.2578314482,23.109515119071
113.25783153803,23.109513124706
113.25783153803,23.109513124706
113.25787160245,23.10932382611
113.25831087385,23.108471895986
113.25833081623,23.108422368862
113.25848065359,23.108065207946
113.25851065699,23.107975876017
113.25862069942,23.10756802306
113.25878077746,23.106941033951
113.25881096052,23.106661734071
113.25882102155,23.106592012885
113.25883108257,23.106522291662
113.25887132665,23.106173186395
113.25888138768,23.106113437033
113.25891148091,23.105954049866
113.25893151312,23.105864467214
113.25895145551,23.105814939117
113.25900140129,23.105675911324
113.25900131146,23.105674581709
113.25900131146,23.105674581709
113.25901128265,23.105634776354
113.2590214335,23.105495083563
113.2590314047,23.105445389126
113.2590314047,23.105445222924
113.2590314047,23.105445222924
113.25908144031,23.105276112117
113.25911144372,23.10516675091
113.25915141831,23.105027556235
113.25917145052,23.104967972559
113.25935111163,23.104701299965
113.25948082694,23.10454373934
113.25958062868,23.104385596815
113.25979011353,23.104129393891
113.2597900237,23.104128812178
113.2597900237,23.104128812178
113.26004945433,23.103783440213
113.26008933909,23.103744216006
113.26012922386,23.103685047266
113.26026891037,23.103517596262
113.26029882394,23.103468233495
113.26045845283,23.103251170062
113.26057819695,23.103093358409
113.26070791227,23.102935712773
113.26075785805,23.102856682128
113.2608176852,23.102777817641
113.26094740052,23.102610199288
113.26156606352,23.101751162297
113.26170575003,23.101563680911
113.2618853213,23.1013269188
113.26188550096,23.101325755348
113.26188550096,23.101325755348
113.26204512985,23.101118577765
113.26209498581,23.101049518499
113.26234444525,23.100703889213
113.26244424699,23.100595687698
113.26250416397,23.100496793764
113.26275362341,23.100161135566
113.2630529388,23.099776361693
113.26348205934,23.099223714764
113.26374148997,23.098918137422
113.26395088499,23.09877170604
113.26400074094,23.098702645553
113.26425020038,23.098376872376
113.26431011736,23.098297922124
113.26434003094,23.098258530086
113.26442986149,23.098140104584
113.26463943616,23.097873667595
113.26501870075,23.097369962271
113.26546776367,23.096807332551
113.26557753661,23.096649180813
113.26561742137,23.096609871393
113.26573716549,23.096441912828
113.26588691302,23.096234395199
113.2659168266,23.096194919442
113.2660964877,23.095957898439
113.26623617421,23.095780215516
113.26704455933,23.094702893436
113.26709441529,23.094643720667
113.26760339519,23.093991571847
113.2681024039,23.093359116575
113.26852155325,23.092825391793
113.26852173291,23.092823064742
113.26852173291,23.092823064742
113.26963967412,23.091368982089
113.26968961991,23.091299751534
113.26985930982,23.091072196346
113.26998911496,23.090884035005
113.27004903194,23.090804914079
113.27009897773,23.09073568323
113.27018880828,23.09061700169
113.27031852359,23.090468815837
113.2705281881,23.090181752027
113.2705681627,23.090122411024
113.27056807286,23.090121663028
113.27056807286,23.090121663028
113.27058801525,23.090091909405
113.27066787461,23.089993090761
113.27071782039,23.089923859489
113.27072779158,23.089904079119
113.27073776278,23.089894272043
113.27075770516,23.08986460148
113.27076767635,23.089844821101
113.27081762214,23.089795536363
113.27083756452,23.089765865778
113.2708575069,23.089726221877
113.27087744928,23.089696551277
113.27096727983,23.08958784213
113.27097725102,23.08956806171
113.27101722562,23.089508637321
113.27171601748,23.088557677258
113.27185579381,23.088369512356
113.27304380285,23.08674400252
113.27351298782,23.086149495465
113.27409203555,23.085386015847
113.27434167465,23.085078827513
113.27438164925,23.085019318002
113.27469120532,23.084632671763
113.27483098166,23.084454225667
113.27501073259,23.084266138069
113.27542009041,23.083920298887
113.27579944483,23.083594073889
113.27618886027,23.08329776947
113.27641846716,23.083119903387
113.27737704897,23.082338204064
113.27753685752,23.082209624266
113.27785638479,23.081942241057
113.27790633057,23.081892704041
113.27821588665,23.08163512788
113.27836572401,23.081506298054
113.27858544954,23.081328013993
113.27915479557,23.080882011886
113.27921471255,23.080842531567
113.27935457872,23.080733565828
113.27949444488,23.080614542889
113.27953441948,23.080584870255
113.27959433646,23.080535332732
113.27974417382,23.080416309616
113.28024363168,23.080029400636
113.28120275247,23.079254581888
113.28144251021,23.079055764764
113.28165235438,23.078896760721
113.28172233238,23.078847139452
113.28177227816,23.078807409176
113.28183219514,23.078767762006
113.28194214774,23.078688301395
113.28201212574,23.078648654189
113.28221199871,23.078539520416
113.28253179547,23.078410853826
113.28343126878,23.078023855891
113.28343117895,23.078019616861
113.28343117895,23.078019616861
113.28355110274,23.077959937954
113.28396090971,23.077791041513
113.2851105611,23.077303218847
113.28596044794,23.076944062526
113.28636046339,23.076774250485
113.28688049245,23.076564291687
113.28837078129,23.075962757061
113.28943123094,23.075490387974
113.28951126996,23.075460215477
113.29029171779,23.075117844428
113.29037175681,23.075087671846
113.2906119637,23.074986847163
113.29074203834,23.074926418813
113.29078210277,23.07490630373
113.29081210617,23.074896246188
113.29097227404,23.074835651556
113.29126251655,23.074694513335
113.29149275225,23.074603579678
113.29177302357,23.074502339026
113.29183312021,23.074472166305
113.29215345596,23.074330612095
113.29266396298,23.074107931974
113.2929042597,23.074006607824
113.29341485655,23.073783594676
113.2935049566,23.073743114799
113.29402561447,23.073489762023
113.29424587898,23.07338827116
113.29430597562,23.073367906481
113.29439607566,23.073327343356
113.29459639779,23.073245967705
113.29466646562,23.073215545335
113.29537756426,23.072910157548
113.29564795422,23.072808084392
113.29570805086,23.072777661921
113.29604859848,23.072634859084
113.29790198241,23.071847695173
113.29796207904,23.071827164014
113.29819258424,23.071774880198
113.2982927453,23.071753933417
113.29853322169,23.071691508665
113.29857328611,23.071761081922
113.29848318607,23.071782028702
113.29848309624,23.071778620694
113.29848309624,23.071778620694
113.29832274871,23.071840297307
113.29823264866,23.071881193373
113.29806241977,23.07194295306
113.29796234854,23.071973957576
113.29656988516,23.072567198082
113.29611920529,23.072761203861
113.29602910525,23.072791958821
113.29567858644,23.072944902302
113.29467715546,23.073342720771
113.29449695537,23.073414038708
113.29430678409,23.073495414256
113.29408660941,23.073586930517
113.29353594814,23.073810608961
113.29344593792,23.073851171939
113.2929354309,23.074064293609
113.29293417328,23.07406445985
113.29293444277,23.074065706661
