113.31926377726,23.096971800185
113.31925874675,23.096973212994
113.31925874675,23.096973212994
113.31911825176,23.097035708979
113.31884723299,23.09718048015
113.31871661937,23.097442763225
113.31858591592,23.097835023384
113.31858564643,23.098244983876
113.3185755854,23.098385099821
113.31854540234,23.098515575391
113.31850524808,23.098636244402
113.31826432255,23.098750514198
113.31773252568,23.098759905093
113.31759212053,23.098782426618
113.31753193406,23.098833453232
113.31747174759,23.098914480795
113.31738038992,23.100035897195
113.31737994077,23.100575825813
113.31736907127,23.10146578494
113.31736772382,23.101465618733
113.31736772382,23.101465618733
113.31808025975,23.101493042908
113.31815050724,23.101501768781
113.31822075473,23.101500605331
113.31822075473,23.101500522228
113.31822075473,23.101500522228
113.31842152601,23.101456975961
113.31888316521,23.1014788322
113.31940499088,23.101499691192
113.31989672332,23.101511076378
113.31989672332,23.101511076378
113.31989672332,23.101511076378
113.32127149007,23.10151722604
113.32141198505,23.101524788462
113.32143201726,23.101544400895
113.32143201726,23.101564428842
113.32144198846,23.101584290579
113.32144198846,23.101624263356
113.32143201726,23.101664402326
113.32142204607,23.101694568874
113.32142204607,23.101704541285
113.32140201386,23.101734874031
113.32140174437,23.101734957134
113.32140174437,23.101734957134
113.32127131041,23.101737200926
113.31994675893,23.101690247496
113.31849168367,23.101665898189
113.31845161924,23.10166664612
113.31839152261,23.101667726464
113.31835145818,23.101638557152
113.31736808314,23.101616036112
113.3172477102,23.101608224384
113.3160736249,23.101529109846
113.3153611788,23.1014718515
113.31480934973,23.101441684902
113.31446826312,23.10141783417
113.31446736482,23.101417003134
113.31446736482,23.101417003134
113.31446718516,23.101576977472
113.3144670055,23.101816897064
113.3144670055,23.10187689767
113.3144670055,23.101956843034
113.31449691907,23.102116318102
113.31456671741,23.102525018835
113.31462663438,23.102843884311
113.31465654796,23.103003358314
113.31467640051,23.103222998328
113.31469616323,23.103532554673
113.31469598357,23.103812525952
113.3146854734,23.104372549841
113.3146852039,23.104742435224
113.31468511407,23.104882378111
113.31468466492,23.104882378111
113.31468466492,23.104882378111
113.31469418696,23.105382149189
113.31469373781,23.105922056069
113.31469373781,23.106042053544
113.31468304797,23.106742092056
113.31468286831,23.107002029443
113.31465142762,23.108432257668
113.3146313954,23.108512614581
113.31459133098,23.108513362474
113.31459061233,23.108513279374
113.31459061233,23.108513279374
113.31398838832,23.108583830543
113.31299486243,23.108681222671
113.31287448949,23.108693355133
113.31215198237,23.10874587372
113.31106817677,23.108824485365
113.31086758515,23.108837864298
113.3105063765,23.108863957368
113.30948293704,23.108931101295
113.30895123,23.108969825376
113.30860017221,23.108995586025
113.30859927391,23.108995586025
113.30859927391,23.108995586025
113.30824812628,23.109021263569
113.30800738041,23.109035141075
113.30740551571,23.109074696114
113.30728523261,23.109086579243
113.30663324247,23.109126715958
113.30657314583,23.109137601898
113.3064428017,23.109139596268
113.30626233212,23.109152393478
113.30604170829,23.109155717428
113.30556030637,23.109153058268
113.30450722282,23.109158459687
113.30393563102,23.109156714613
113.30364484953,23.109160786452
113.30351459523,23.109152642774
113.30311359165,23.109158127292
113.30251199645,23.109226185156
113.30174996389,23.109356068383
113.30152942988,23.109398864172
113.30139917558,23.109430524737
113.30132910776,23.109441410651
113.30038669544,23.10963286964
113.29963490356,23.109791504504
113.29937430514,23.109844438149
113.29923398981,23.109895959102
113.29907364228,23.109957701121
113.29887323032,23.110019858602
113.29876300824,23.110060992213
113.29844222334,23.110214308288
113.29803115874,23.110518446969
113.29800115533,23.1105487777
113.29799864008,23.110548611505
113.29799864008,23.110548611505
113.29777801624,23.110720790213
113.29765773314,23.110831974994
113.29692579381,23.111428864494
113.29655488346,23.111742224175
113.29643469019,23.111833298608
113.29605380865,23.112156545863
113.29540226766,23.112691854882
113.29535223205,23.112732239796
113.29448033672,23.113368757606
113.2944002977,23.113419363134
113.29400962463,23.113642060466
113.29315812084,23.114137477592
113.29308805301,23.114187916635
113.29297792075,23.114248576415
113.29294791735,23.114268768637
113.29177616764,23.114885003858
113.29106533849,23.115188217791
113.29029450254,23.115511207591
113.28850292203,23.116255984006
113.28779254203,23.116547063065
113.28673209238,23.116987793601
113.28665214319,23.117017790479
113.28543188498,23.117497241045
113.28539200022,23.117507212269
113.28529210864,23.117547097157
113.28526219507,23.117557068378
113.28525231371,23.117567039597
113.28426238104,23.117925421343
113.28399253006,23.118014829669
113.28308281607,23.118322357288
113.28219331396,23.11855917218
113.28164382048,23.118666860497
113.28132411355,23.118725357817
113.28084459807,23.118783024185
113.28059495896,23.118821745391
113.27975594162,23.118876918937
113.27965613988,23.118886308408
113.2796662009,23.118826481675
113.27966305683,23.11882631549
113.27966305683,23.11882631549
113.27966332632,23.118506408197
113.27955382288,23.118215831995
113.27949408556,23.118075570792
113.27932466514,23.11778457818
113.27930481259,23.11772450167
113.27913539217,23.117403511504
113.27898573447,23.117302635842
113.27898519549,23.117302220374
113.27898519549,23.117302220374
113.27895528192,23.117291999854
113.27890542596,23.117281779333
113.27858598852,23.117279618897
113.27853613257,23.117279369616
113.2782865833,23.117297567129
113.27801709164,23.117315515359
113.27771768642,23.117323159974
113.27752805412,23.117331635526
113.27734848285,23.117330306028
113.27719882515,23.117319171479
113.2767496724,23.117295489788
113.27625066369,23.117251117765
113.2760910348,23.117229762685
113.27602123646,23.117229181029
113.27586160757,23.117207742852
113.2756820363,23.117196109731
113.27562220915,23.117185639921
113.27545260907,23.117164118643
113.27499366479,23.117119663483
113.27480412233,23.117097809819
113.27474429518,23.117097311256
113.27452483914,23.117115010231
113.27437518145,23.117163453893
113.27421555256,23.117281779333
113.27421366611,23.117280449834
113.27421366611,23.117280449834
113.27417369152,23.117369941688
113.27393384395,23.117897252723
113.27390393038,23.117976939159
113.27388407782,23.118006686534
113.27387419646,23.118036600088
113.27351442511,23.118872515025
113.27313471137,23.119728117534
113.27312483001,23.119747976553
113.27310497745,23.119777723531
113.27309509609,23.119807636686
113.27307524354,23.119837383651
113.27305530116,23.119887155791
113.27286557904,23.120234895518
113.2726158501,23.12073186677
113.27251604836,23.120910679578
113.27229632284,23.121357959819
113.27223649569,23.121487249535
113.27226640926,23.121527631773
113.27227629062,23.121617702399
113.27225634824,23.121697469692
113.27219652109,23.121756713494
113.27211675156,23.121775741301
113.27206698544,23.121775242756
113.27201721931,23.121774744211
113.27201524304,23.121774578029
113.27201524304,23.121774578029
113.2719454447,23.121823684716
113.27185570398,23.121892566993
113.27160615471,23.122249441426
113.27129668846,23.122715495555
113.27111711719,23.122943162692
113.27086765775,23.123209881725
113.27070793903,23.123507758889
113.27066796444,23.123707174191
113.27072761192,23.124087890404
113.27083702553,23.124629216792
113.2709166154,23.125040174689
113.27093646795,23.125160404145
113.27098623408,23.125401028906
113.2709662917,23.125560725071
113.27093637812,23.125680289347
113.27088652217,23.125879618294
113.27085651876,23.126239223907
113.27073668481,23.126637630557
113.27073560684,23.126637796733
113.27073560684,23.126637796733
113.27016715912,23.126560275783
113.27005756584,23.126538922201
113.26971863517,23.126484416546
113.26964892667,23.12647353203
113.2694196791,23.126440463036
113.26938985536,23.126430160132
113.2691506366,23.126396924951
113.26899118737,23.126374740464
113.26872205504,23.126331036181
113.26864237534,23.126319985477
113.2683931854,23.126296471568
113.26836336165,23.126296139216
113.26832356672,23.126285670124
113.26810429034,23.126272542215
113.26767570878,23.126196350461
113.26715738651,23.12614865789
113.26676868971,23.126112846907
113.26665909644,23.126111268232
113.26623051488,23.126084763113
113.26621066233,23.126084513848
113.26584190792,23.126088751344
113.26556289423,23.12608443076
113.26533373649,23.126110769703
113.26484541762,23.126162949045
113.26420753087,23.126292566431
113.26403820028,23.126319819301
113.26387884089,23.1263572089
113.2637095103,23.126394432312
113.2636298306,23.12640307346
113.26351035597,23.126431074099
113.26340076269,23.126459240908
113.26322146092,23.126496215028
113.26288270991,23.126570495589
113.26232468252,23.126691056009
113.26192610437,23.126774226848
113.26126845491,23.126912900188
113.26084005301,23.126995489275
113.26020234593,23.127124358059
113.26001307296,23.127171053229
113.25989359832,23.127188917035
113.25987374577,23.127198555181
113.25981400846,23.127207528626
113.2598041271,23.127217332946
113.25980044404,23.127215338847
113.25980044404,23.127215338847
113.25964099481,23.127242591527
113.25944175065,23.127279066905
113.25927242006,23.127316040797
113.2590731759,23.127372540207
113.25895370127,23.127400457554
113.25890393514,23.127419567639
113.25851541801,23.127512708493
113.25803716016,23.127674230033
113.25763867183,23.127807086337
113.25755908197,23.127835668289
113.25717056483,23.127958720168
113.25697132067,23.128015136217
113.25691158335,23.12803408004
113.2566226883,23.128108941348
113.25648327129,23.12814641353
113.25630396951,23.128193191427
113.25620443726,23.128221440948
113.2559255134,23.128296468324
113.25581600995,23.128324468563
113.25458048056,23.128662465048
113.25431152789,23.128737658347
113.25373364795,23.128887380127
113.25361417332,23.12892526752
113.25361210722,23.12892526752
113.25361210722,23.12892526752
113.25331315114,23.129039926672
113.25319367651,23.129077814022
113.25302434592,23.129144864634
113.25254608807,23.129326491031
113.25200800307,23.129527143873
113.2517390504,23.129622443482
113.25121093659,23.129823345134
113.25103163481,23.129890229199
113.25061311427,23.130073100859
113.25005508689,23.130223651987
113.25001529196,23.130232957569
113.24962668499,23.130266441045
113.24942744083,23.130253230444
113.24915848816,23.130228886377
113.24852078108,23.130118465621
113.24851943362,23.130118133278
113.24851943362,23.130118133278
113.24857926077,23.130219165366
113.24844954545,23.130916999206
113.24845942681,23.131127121333
113.248469398,23.131167251381
113.24852913532,23.131428221024
113.24858887264,23.131539222283
113.24839959967,23.131536231232
113.24839950984,23.131536148148
113.24839950984,23.131536148148
113.2479410147,23.131518700351
113.24786133501,23.131517537164
113.24731318898,23.131508896349
113.24674510058,23.131500089365
113.24618698337,23.131491531634
113.24615715962,23.13149111621
113.24597776801,23.131488457497
113.24585820355,23.131486712717
113.2456090136,23.131492944075
113.24501092179,23.131464113657
113.24306662935,23.131386678613
113.24295703607,23.13137529599
113.24290726995,23.131374714396
113.24262816643,23.131371058663
113.2420996933,23.131354192438
113.24107248095,23.131321290831
113.24035437552,23.131302679818
113.24022475004,23.131301267375
113.24000538383,23.131298774828
113.2399655889,23.131298359403
113.23976616507,23.131296116111
113.23959665482,23.131294288244
113.23857896451,23.131283321037
113.23803018968,23.131277754349
113.23758121658,23.131313314683
113.23753145046,23.131302929072
113.23747171314,23.131252413451
113.23748168433,23.131192592295
113.2375215691,23.131163097132
113.23759145727,23.1311538747
113.23805049138,23.131168414571
113.23804815579,23.131166254361
113.23804815579,23.131166254361
113.23842733054,23.131170159355
113.23904599355,23.131176723068
113.23904599355,23.131176723068
113.23904599355,23.131176723068
113.23903602236,23.131166586701
113.23903602236,23.131166586701
113.23903611219,23.131173981264
