113.28175952223,23.126172171825
113.28174577815,23.12616627257
113.28174577815,23.12616627257
113.28175583917,23.126096395454
113.2817659002,23.125916509488
113.28179608326,23.125536795585
113.28181611547,23.125407011284
113.28192633756,23.124877652875
113.28193639858,23.124817745755
113.28198652403,23.12455809253
113.28201661726,23.124358346151
113.28206674271,23.124148628747
113.28206665288,23.124147880943
113.28206665288,23.124147880943
113.28287593631,23.124360755739
113.28314569746,23.124411606342
113.28464487952,23.124585096489
113.28467488293,23.124545213716
113.28467497276,23.124545213716
113.28467497276,23.124545213716
113.28492488135,23.124535575378
113.28501489156,23.124535658467
113.28528483237,23.124516049432
113.28532480696,23.124516049432
113.28582471398,23.124496523482
113.28631473964,23.124466777563
113.28648478887,23.124456889951
113.28652476346,23.124456889951
113.28659474146,23.124456889951
113.2867647907,23.124446919249
113.28676470087,23.124446586893
113.28676470087,23.124446586893
113.28688471448,23.124446503803
113.28747481137,23.124436200744
113.28767486401,23.124376044157
113.28784500307,23.124285892315
113.28798513873,23.124135832983
113.28812527439,23.123975719656
113.28832550669,23.123755532356
113.28832550669,23.123755033818
113.28832550669,23.123755033818
113.28858574579,23.123474522977
113.28861583903,23.123404561353
113.28861583903,23.123344653568
113.28861592886,23.123274774966
113.28858610512,23.123174900848
113.28853615933,23.123135100742
113.28853597967,23.123134685292
113.28853597967,23.123134685292
113.28845594065,23.123074860475
113.28714639088,23.122066808251
113.28696655011,23.121946991445
113.28684671616,23.121857170315
113.2867968602,23.121817286723
113.28642711766,23.121567432361
113.2862772803,23.121447532014
113.28613741413,23.121367598388
113.28609752936,23.121307689683
113.28600769881,23.121177735062
113.28599781745,23.121167847205
113.28596799371,23.121007979569
113.28594814116,23.120888078716
113.28595847167,23.120428250045
113.28578923091,23.119598410642
113.28558998675,23.118788508305
113.28535094765,23.117778512365
113.2853310951,23.117678634109
113.28529130017,23.117548675934
113.28527144762,23.117488765505
113.28523165268,23.117388803937
113.28522177132,23.117358890237
113.28522015437,23.117356979083
113.28522015437,23.117356979083
113.28514038484,23.117096978881
113.28490098642,23.11657681076
113.28488113387,23.116536842486
113.28451202014,23.115786500308
113.28425258951,23.115376178506
113.28414281657,23.115236080492
113.28372366722,23.114665300043
113.28359395191,23.114505092191
113.28359332309,23.114504427428
113.28359332309,23.114504427428
113.28356331969,23.114494372883
113.28334359416,23.114393827391
113.2833037094,23.11436382992
113.28305416013,23.114113213663
113.28281467188,23.11384257084
113.28220589023,23.113150547014
113.28206629356,23.112960090256
113.28200646641,23.112879985325
113.28183695616,23.112659364129
113.28176724765,23.112559149634
113.28169753915,23.112458935064
113.28154797128,23.112208398306
113.28122898299,23.111587081726
113.28122790503,23.111586250754
113.28122790503,23.111586250754
113.28119808128,23.11139612414
113.2811684372,23.111126140557
113.28113861346,23.111076115838
113.28104896257,23.110905765739
113.28083965738,23.110474903659
113.28054061148,23.109953546208
113.28049084536,23.109873356364
113.28039122327,23.109742891955
113.28032151477,23.109652563973
113.28028171983,23.109622399234
113.28002246886,23.109291085236
113.27961347036,23.108918802657
113.27941404654,23.108727675035
113.27926447867,23.108616820888
113.27919477017,23.10852649214
113.27866602754,23.108133017072
113.27840668674,23.107981277484
113.27832691721,23.107930752982
113.27828712228,23.107910559796
113.27823726632,23.107890283508
113.27823537988,23.107888621517
113.27823537988,23.107888621517
113.27766657283,23.107604337647
113.27759677449,23.107613811016
113.27750703377,23.10763309015
113.27750676428,23.10763309015
113.27750676428,23.10763309015
113.27721742008,23.107490740269
113.27657890452,23.107185431251
113.27628965015,23.107052969798
113.27628947049,23.107052803598
113.27628947049,23.107052803598
113.27616963653,23.107091694427
113.27584031773,23.107108646836
113.27569074986,23.10706734611
113.27555106336,23.107075988517
113.27536134123,23.107244099832
113.27531148528,23.107283572305
113.27531112596,23.107283489205
113.27531112596,23.107283489205
113.27524042931,23.108112657718
113.27524042931,23.108112657718
113.27524042931,23.108112657718
113.27508053093,23.108331042791
113.27490051051,23.108809112055
113.27457020357,23.109845518428
113.27457002391,23.109845518428
113.27457307815,23.109852664883
