113.27453714593,23.172992355506
113.27416093558,23.172773163297
113.27416093558,23.172773163297
113.27417063728,23.172513271798
113.27410074911,23.172342585349
113.27409068809,23.172152545871
113.2740507135,23.172012175627
113.27401064907,23.17176175142
113.27393061005,23.171450942341
113.27381059643,23.171099682351
113.27377062184,23.17095931099
113.27364063703,23.170597916346
113.27348037933,23.169906105735
113.27343043354,23.169745632401
113.27331059959,23.169534325601
113.27330071823,23.169514307919
113.27319085546,23.169273098765
113.27310075542,23.168882046628
113.27311027746,23.168462170967
113.2731401012,23.168332594826
113.27318977749,23.168103178297
113.2732294826,23.167943699519
113.2732691877,23.167744184653
113.27332883519,23.167494915241
113.27335865893,23.167365338154
113.27340833523,23.167135919948
113.27342809795,23.166966223315
113.2734479505,23.166856497672
113.27345774203,23.16664668139
113.27343761999,23.166436532523
113.27336755216,23.166135761569
113.27316749952,23.165573423542
113.27309752152,23.165372659151
113.27302772318,23.165311939699
113.27299789944,23.165301639817
113.27290815872,23.165280707795
113.27261890434,23.165237431661
113.27252916362,23.16520644893
113.27252709752,23.165203292512
113.27252709752,23.165203292512
113.27234761608,23.16524108646
113.27192882605,23.165345995756
113.27182920397,23.165384786425
113.27137061901,23.165519100067
113.27128096812,23.165548006139
113.27081241196,23.165681987362
113.27048354232,23.165807662125
113.27041383381,23.165826766671
113.270413205,23.165826766671
113.270413205,23.165826766671
113.27012413028,23.165952939675
113.26992488612,23.166030271457
113.2699051234,23.166080026253
113.26984547591,23.166169235973
113.26983568438,23.16621907378
113.26981592166,23.166268828505
113.26981601149,23.166348818115
113.26980630979,23.166488695989
113.26980639962,23.166598754188
113.2697866369,23.166668526885
113.26975690299,23.1667281659
113.26972716908,23.166777754308
113.26968737414,23.166807241544
113.26963760802,23.166826595134
113.2695778707,23.166845782597
113.26951813339,23.166845035033
113.2694284825,23.166833904644
113.26935877399,23.16680300535
113.26928897565,23.166752087949
113.26924909089,23.166701585841
113.26921917731,23.166631231722
113.26919923493,23.16656104369
113.26918926374,23.166500989286
113.26916932136,23.166420750579
113.26916932136,23.166370829786
113.26916932136,23.1663609453
113.26916932136,23.16633104265
113.26918917391,23.166261352838
113.26919905527,23.166161594175
113.26920893663,23.16611183941
113.26921890782,23.166082019767
113.26923876037,23.165992394671
113.26925861292,23.165912737099
113.26927846548,23.165853097716
113.2694972927,23.165326143568
113.26949522659,23.165324233106
113.26949522659,23.165324233106
113.26958469782,23.1650553561
113.26960464021,23.165015734697
113.26969411143,23.164706986376
113.26974360807,23.1643276328
113.26976319113,23.164007918377
113.26975304028,23.163747843539
113.26976274198,23.163467998788
113.26980235725,23.16318856877
113.26983200133,23.162939041585
113.26988140813,23.162469723202
113.26991105222,23.162210143736
113.2699406963,23.161960614707
113.26997043021,23.161771058719
113.26994967935,23.160880673565
113.26985966914,23.160509449551
113.26981969454,23.160328945755
113.2695499334,23.159665241233
113.26946998421,23.159414212197
113.26941006723,23.159253393876
113.26939021468,23.159213189265
113.26934035872,23.159122562711
113.26928053158,23.159021801859
113.26917075864,23.158830331108
113.26901103993,23.158568086338
113.26900987213,23.158566175779
113.26900987213,23.158566175779
113.26899981111,23.158405937903
113.26898983991,23.158285821669
113.26897986872,23.158195775957
113.26897986872,23.158125832658
113.2689592077,23.157245474298
113.26895911787,23.157085567099
113.2689689094,23.156935794102
113.26896872974,23.15668583979
113.26892848565,23.156215253206
113.26888815173,23.155554684716
113.26850771935,23.153618980765
113.2685070007,23.153618150056
113.2685070007,23.153618150056
113.26826670398,23.152274471437
113.26823679041,23.152094122562
113.26822681922,23.152024009897
113.26821684802,23.1518839506
113.26820696666,23.151833858183
113.26807662253,23.150641852423
113.26804670896,23.150501459374
113.26798652249,23.14984061317
113.26784611734,23.148338473812
113.26772583423,23.147066601546
113.26770589185,23.146846369517
113.26770589185,23.146766451203
113.26769601049,23.14671635685
113.26770580202,23.146336536366
113.2677257444,23.14625686697
113.26773571559,23.146177114451
113.26774568678,23.146097361884
113.26788501397,23.145659469591
113.26795472248,23.14544056444
113.26798454622,23.145341039322
113.26810393102,23.14474280705
113.26812378357,23.144513183502
113.26814363612,23.144373531649
113.26814228867,23.144371787039
113.26814228867,23.144371787039
113.26816214122,23.144212030454
113.26818181411,23.143632319293
113.26821154802,23.143042802448
113.26822151921,23.142933056985
113.26824146159,23.142863437938
113.26824146159,23.142493492678
113.26824146159,23.142413571739
113.26824146159,23.142153620657
113.26825116329,23.14138381686
113.26826095482,23.140834001741
113.26826095482,23.140694096774
113.26826095482,23.140644166284
113.26826095482,23.140614257829
113.26826095482,23.140544305248
113.26827074635,23.139814536455
113.26830048027,23.138405001248
113.26830048027,23.138125102959
113.26830048027,23.138085224259
113.26830048027,23.138035292786
113.26830048027,23.137955369158
113.26831045146,23.137885581336
113.26838015997,23.137066651726
113.26839013116,23.136886863722
113.26845992949,23.135877919497
113.26843010575,23.135797579158
113.26846001933,23.13534810439
113.26846001933,23.135298171886
113.26847996171,23.134978553568
113.26849990409,23.134698897293
113.26854984988,23.133679717159
113.26854949055,23.13367730774
113.26854949055,23.13367730774
113.26863950077,23.131948663249
113.26865953298,23.131629036856
113.26866950417,23.131579269121
113.26866950417,23.131559328788
113.26868953638,23.131239701458
113.2687095686,23.130900049839
113.26875960421,23.130270844579
113.26879966864,23.129651523558
113.26877990592,23.129521327853
113.26878987711,23.129421541525
113.26878987711,23.12933164237
113.26884000256,23.128682488903
113.26891025005,23.127643653954
113.2689504043,23.127074339371
113.2689504043,23.127024403752
113.26897043652,23.126754784319
113.26897052635,23.126654912821
113.26899064839,23.126375322079
113.26901077043,23.126075706503
113.26901086026,23.125945839641
113.26903098231,23.125606257553
113.2690612552,23.124936812168
113.26904158231,23.124586675181
113.26904158231,23.124566733797
113.26902190942,23.124316552257
113.26902163993,23.124314724293
113.26902163993,23.124314724293
113.26901193823,23.123854658231
113.26901193823,23.123784779898
113.26901202806,23.123574895408
113.26902208908,23.123475104605
113.2690721247,23.123135931642
113.26912216032,23.122866719755
113.26915216372,23.12271724045
113.26915225355,23.122716741909
113.26915225355,23.122716741909
113.26922223155,23.122417782792
113.26923220274,23.122407978118
113.26947267913,23.120731617495
113.26951274355,23.120522309816
113.26973327755,23.119045680045
113.26977334198,23.118836369707
113.26978331317,23.118816593643
113.26983334879,23.118657387917
113.26992326917,23.118458712862
113.26993324036,23.118438936742
113.26995318274,23.118399301401
113.27000312853,23.118320113776
113.27049252537,23.117496908671
113.27088203064,23.116842213088
113.27092200524,23.116792855275
113.27093197643,23.116773078907
113.27095191881,23.11674341435
113.27096189,23.116703612314
113.27104183919,23.116514739444
113.27113175957,23.116315978087
113.27113193923,23.116314316201
113.27113193923,23.116314316201
113.27123183081,23.116095611886
113.27130189864,23.115836606347
113.27131195966,23.115776861334
113.27138211732,23.115397866264
113.27149251906,23.114659483371
113.2715226123,23.114469942828
113.27156285639,23.114060614103
113.27158306826,23.113760970716
113.27155360384,23.113400749609
113.27159366827,23.113271368917
113.27159357843,23.113270704148
113.27159357843,23.113270704148
113.27190277519,23.113224585759
113.27268097725,23.113114067752
113.27281069257,23.113095703473
113.27297032146,23.113067616924
113.27327969788,23.113011277614
113.27335955724,23.11299224855
113.2735791031,23.112954772088
113.27421779832,23.112851815633
113.2742777153,23.112822565682
113.27446734759,23.112764647435
113.27466695108,23.112726838522
113.27522596659,23.112602609163
113.27569515156,23.112537212123
113.27585487028,23.112538707862
113.27602465002,23.112480374008
113.27614448398,23.112441567854
113.27614430432,23.1124404045
113.27614430432,23.1124404045
113.27631444338,23.11199201394
113.27686456567,23.11086712532
113.27698457929,23.110628302354
113.27710468274,23.11033945396
113.27717457091,23.110370034027
113.27717457091,23.110369784733
113.27717457091,23.110369784733
113.27769388132,23.110184060577
113.27798349502,23.110086420257
113.27830311212,23.109958947595
113.27899238193,23.109703918804
113.27983166877,23.109349420492
113.27989158575,23.109329892311
113.28002148073,23.109290752842
113.28005148413,23.109221033036
113.28008148753,23.109191283692
113.28012146213,23.10916161744
113.2804612911,23.108943649228
113.28059127591,23.108854484088
113.28110115412,23.108497241235
113.2812910559,23.108388298178
113.28158093909,23.108199745872
113.28162091369,23.108169996299
113.28162100352,23.108168749809
113.28162100352,23.108168749809
113.28207087492,23.107870672012
113.28218082751,23.10780120076
113.28224083432,23.107761562242
113.28243082593,23.107662424345
113.28260078534,23.107563120175
113.28308066014,23.107354872025
113.28318064154,23.107315233374
113.28323058733,23.107295455594
113.28367048754,23.107176788851
113.28374046554,23.107157094151
113.28377046894,23.107147288349
113.28383047575,23.107137482547
113.28418036574,23.107058371303
113.28448030995,23.106989065826
113.28476031178,23.106929649231
113.28506025599,23.106870149509
113.2852602188,23.106820455586
113.28548021382,23.106770761646
113.28603024628,23.106651180331
113.28644032275,23.106551376802
113.28704048066,23.106411352573
113.28738066895,23.106291189231
113.287470769,23.106241162689
113.28776101151,23.10608094467
113.28788111495,23.106000918688
113.28791111836,23.105971002421
113.28821142189,23.105750702145
113.28852178644,23.105490263702
113.28873207976,23.105299962155
113.2889624053,23.105099605079
113.28910272062,23.104889358631
113.28914278504,23.104849386838
113.28915284606,23.104819470311
113.28915284606,23.104799525956
113.28916290708,23.104769609419
113.28917296811,23.104739692874
113.28919300032,23.104709693221
113.28921303253,23.104659749185
113.28924312577,23.104599749837
113.289273219,23.104539750461
113.28931328343,23.104479751058
113.28933331564,23.104449751346
113.28936331904,23.104419751627
113.28938335126,23.104389751902
113.28942341568,23.104349696857
113.28950354453,23.104299586482
113.2895037242,23.104295930003
113.2895037242,23.104295930003
113.28958376322,23.104275653162
113.28962382764,23.104265597843
113.28966389207,23.104265597843
113.28971392768,23.104275403857
113.28972389888,23.104275403857
113.28975390228,23.104275403857
113.28978390568,23.104285292972
113.2898039379,23.104295265189
113.2898339413,23.104315126518
113.2898739159,23.104344960056
113.28989394811,23.104364904479
113.28989385828,23.104364738276
113.28989385828,23.104364738276
113.28992386168,23.104404627113
113.28993383287,23.104434626835
113.28994380406,23.10446462655
113.28995377526,23.104494626258
113.28995377526,23.10452462596
113.28996374645,23.104584542241
113.28997362781,23.104674458163
113.28998350917,23.104784401485
113.28999348036,23.104854372925
113.28999348036,23.104884372545
113.28998350917,23.104914372159
113.28998350917,23.104934399598
113.28998350917,23.1049643992
113.28997353798,23.104994398795
113.28997353798,23.105024398384
113.28996356679,23.105054397966
113.28996320746,23.105054314865
113.28996320746,23.105054314865
113.28997317865,23.105094286596
113.28997317865,23.105134258316
113.29000282274,23.105474058996
113.29002267529,23.105614001112
113.29014223975,23.106133464291
113.29015221094,23.106163463622
113.29023198047,23.106433124896
113.29042152293,23.107032277878
113.29083079092,23.10807044321
113.29087067569,23.108180217522
113.29087067569,23.108180300621
113.29087067569,23.108180300621
113.29115094701,23.1081291945
113.29138118271,23.108098281519
113.29220214412,23.107944381304
113.29280293084,23.107831116615
113.29287299867,23.107820812265
113.29331361752,23.107738211243
113.29344378199,23.10771743633
113.29402462633,23.107613727916
113.29433517055,23.107521653391
113.29492616574,23.107427418206
113.29551725077,23.107322878566
113.29585788822,23.107260138122
113.29616852226,23.107207618947
113.29616852226,23.107206538647
113.29616852226,23.107206538647
113.2962083172,23.107506113731
113.2962083172,23.107546084724
113.2962083172,23.107546084724
113.29621325788,23.107550821411
