113.2563374763,23.128573396244
113.25633244579,23.128573645504
113.25633244579,23.128573645504
113.25620317963,23.128221440948
113.25620299997,23.128221357861
113.25620299997,23.128221357861
113.25630271188,23.12819310834
113.25648210349,23.12814641353
113.25662161034,23.128109024435
113.25691059522,23.128034246214
113.25697042236,23.128015385478
113.25716975636,23.127959052516
113.25755836332,23.127836083724
113.25763804302,23.12780758486
113.25803662117,23.127674811643
113.25851496886,23.127513373191
113.25890357582,23.127420315425
113.25895343178,23.127401288427
113.25907299624,23.127373454168
113.25927233023,23.127317037845
113.25944175065,23.127280147041
113.25964108465,23.127243754751
113.25980053387,23.127216668246
113.25980044404,23.127215338847
113.25980044404,23.127215338847
113.25961144056,23.126482090084
113.2595618541,23.126271295894
113.25948244389,23.125850038861
113.2593433862,23.125177769689
113.25931365229,23.125007354605
113.25931365229,23.124937476879
113.25931374212,23.12482755025
113.25931374212,23.124797638227
113.25931392178,23.124557760173
113.25931410144,23.124277915743
113.25936413706,23.123898944956
113.25939423029,23.123629568438
113.25943429472,23.123250429618
113.25946429812,23.123071038333
113.25956436935,23.122362943081
113.25956445919,23.12217308118
113.25955466766,23.122023019458
113.25955430833,23.122021606916
113.25955430833,23.122021606916
113.25955439816,23.121891652995
113.25953463544,23.121831412163
113.25946519643,23.121570340546
113.25936584384,23.121258748987
113.25931625737,23.121067971501
113.25928652346,23.120997510061
113.25927673193,23.120877443015
113.25928679295,23.120797675229
113.25930682517,23.120648110501
113.25945675235,23.120070955254
113.25954658291,23.119822676353
113.25981616439,23.119147634584
113.25999609498,23.118450985219
113.26002627805,23.118081636594
113.26006616281,23.118072413252
113.26012598996,23.118073493463
113.26015590353,23.118064103934
113.26015518489,23.11806269135
113.26015518489,23.11806269135
113.26022498323,23.118073908929
113.26028472054,23.118084960321
113.26127105999,23.118252060575
113.26162975338,23.118318202637
113.2617991738,23.118351107469
113.26246670463,23.118542470512
113.2626559776,23.118595649945
113.26279548444,23.118627973059
113.26359264075,23.11881127571
113.26412075456,23.118930015143
113.26431011736,23.118983111328
113.26442968183,23.119005047774
113.26447953778,23.119015849811
113.26488808713,23.119112486451
113.26492797189,23.119123122294
113.26498779904,23.119134090506
113.26532663988,23.119219509579
113.26539643822,23.119230643968
113.26552597387,23.11926271765
113.26556585863,23.11927335348
113.2657951062,23.119326948083
113.265984469,23.119369906841
113.26607411989,23.11940131575
113.26620365555,23.11942333522
113.26645284549,23.119477179038
113.26665217949,23.119530275004
113.26672197783,23.119541326275
113.26682168974,23.119562847167
113.26714067802,23.119637713256
113.2673599544,23.119690975342
113.26753934601,23.119733684707
113.26787827668,23.119808716883
113.26794798518,23.1198797606
113.26817714292,23.120043119457
113.26826679381,23.120094387174
113.26840630066,23.12016642784
113.2686554906,23.120239964119
113.26927361463,23.120418694499
113.26945300624,23.120501204538
113.26951283338,23.120522060541
113.26958263172,23.120542999633
113.26964245887,23.120573826624
113.27015098962,23.120710761524
113.27041024059,23.120824181405
113.27085894419,23.121000085892
113.27117802231,23.121084174304
113.27133756136,23.121186210367
113.27150707161,23.121278358504
113.27159681233,23.12133951359
113.27159663267,23.121339430498
113.27159663267,23.121339430498
113.27161657506,23.121349733798
113.27189576841,23.121473207149
113.27193565317,23.121433821988
113.27197553794,23.121404407746
113.27200545151,23.12139485227
113.27203536508,23.121385296794
113.27203545492,23.121384881338
113.27203545492,23.121384881338
113.27205548713,23.121345080695
113.27215528887,23.121266393376
113.27225509061,23.121177735062
113.27244481274,23.12088010194
113.27253473312,23.12070128909
113.27281446545,23.120174737026
113.27286441124,23.120065388095
113.27295433162,23.119906516235
113.272974274,23.11986679824
113.27300427741,23.119817275368
113.2730142486,23.119777474255
113.27303419098,23.119747810369
113.27305413336,23.119718146477
113.27306410455,23.119698370545
113.27343393693,23.118832796721
113.27378382693,23.118046903645
113.27379379812,23.118007102
113.2738137405,23.117987408906
113.27382371169,23.117947607244
113.2738537151,23.117888029368
113.27414359829,23.117251367046
113.27424357969,23.117032581181
113.27438353569,23.116714165256
113.2744335713,23.116584787795
113.2744735459,23.116515321103
113.27473351551,23.115958173655
113.27498351394,23.115420883535
113.27509355636,23.115152154564
113.27534355478,23.114584780664
113.27541353278,23.114425569861
113.27561358542,23.11390771795
113.27576369227,23.113529299214
113.27602393138,23.112801957758
113.27608402802,23.112612663851
113.27614412466,23.112443312885
113.27631426372,23.111995005431
113.27686438601,23.110870116837
113.27698439963,23.110631293876
113.27710450308,23.110342445489
113.27717439124,23.110373025555
113.27717457091,23.110369784733
113.27717457091,23.110369784733
113.27769388132,23.110184060577
113.27798349502,23.110086420257
113.27830311212,23.109958947595
113.27899238193,23.109703918804
113.27983166877,23.109349420492
113.27989158575,23.109329892311
113.28002148073,23.109290752842
113.28005148413,23.109221033036
113.28008148753,23.109191283692
113.28012146213,23.10916161744
113.2804612911,23.108943649228
113.28059127591,23.108854484088
113.28110115412,23.108497241235
113.2812910559,23.108388298178
113.28158093909,23.108199745872
113.28162091369,23.108169996299
113.28162100352,23.108168749809
113.28162100352,23.108168749809
113.28207087492,23.107870672012
113.28218082751,23.10780120076
113.28224083432,23.107761562242
113.28243082593,23.107662424345
113.28260078534,23.107563120175
113.28308066014,23.107354872025
113.28318064154,23.107315233374
113.28323058733,23.107295455594
113.28367048754,23.107176788851
113.28374046554,23.107157094151
113.28377046894,23.107147288349
113.28383047575,23.107137482547
113.28418036574,23.107058371303
113.28448030995,23.106989065826
113.28476031178,23.106929649231
113.28506025599,23.106870149509
113.2852602188,23.106820455586
113.28548021382,23.106770761646
113.28603024628,23.106651180331
113.28644032275,23.106551376802
113.28704048066,23.106411352573
113.28738066895,23.106291189231
113.287470769,23.106241162689
113.28776101151,23.10608094467
113.28788111495,23.106000918688
113.28791111836,23.105971002421
113.28821142189,23.105750702145
113.28852178644,23.105490263702
113.28873207976,23.105299962155
113.2889624053,23.105099605079
113.28910272062,23.104889358631
113.28914278504,23.104849386838
113.28915284606,23.104819470311
113.28915284606,23.104799525956
113.28916290708,23.104769609419
113.28917296811,23.104739692874
113.28919300032,23.104709693221
113.28921303253,23.104659749185
113.28924312577,23.104599749837
113.289273219,23.104539750461
113.28931328343,23.104479751058
113.28933331564,23.104449751346
113.28936331904,23.104419751627
113.28938335126,23.104389751902
113.28942341568,23.104349696857
113.28950354453,23.104299586482
113.2895037242,23.104295930003
113.2895037242,23.104295930003
113.28958376322,23.104275653162
113.28962382764,23.104265597843
113.28966389207,23.104265597843
113.28971392768,23.104275403857
113.28972389888,23.104275403857
113.28975390228,23.104275403857
113.28978390568,23.104285292972
113.2898039379,23.104295265189
113.2898339413,23.104315126518
113.2898739159,23.104344960056
113.28989394811,23.104364904479
113.28989385828,23.104364738276
113.28989385828,23.104364738276
113.28992386168,23.104404627113
113.28993383287,23.104434626835
113.28994380406,23.10446462655
113.28995377526,23.104494626258
113.28995377526,23.10452462596
113.28996374645,23.104584542241
113.28997362781,23.104674458163
113.28998350917,23.104784401485
113.28999348036,23.104854372925
113.28999348036,23.104884372545
113.28998350917,23.104914372159
113.28998350917,23.104934399598
113.28998350917,23.1049643992
113.28997353798,23.104994398795
113.28997353798,23.105024398384
113.28996356679,23.105054397966
113.28996320746,23.105054314865
113.28996320746,23.105054314865
113.28997317865,23.105094286596
113.28997317865,23.105134258316
113.29000282274,23.105474058996
113.29002267529,23.105614001112
113.29014223975,23.106133464291
113.29015221094,23.106163463622
113.29023198047,23.106433124896
113.29042152293,23.107032277878
113.29083079092,23.10807044321
113.29087067569,23.108180217522
113.29087067569,23.108180300621
113.29087067569,23.108180300621
113.29115094701,23.1081291945
113.29138118271,23.108098281519
113.29220214412,23.107944381304
113.29280293084,23.107831116615
113.29287299867,23.107820812265
113.29330364633,23.107738294343
113.29330364633,23.107737795745
113.29331173108,23.107733640763
