113.24837848949,23.130434522981
113.24837983695,23.130435852347
113.24837983695,23.130435852347
113.24842978273,23.130186761991
113.24851952345,23.130118299449
113.24851943362,23.130118133278
113.24851943362,23.130118133278
113.24915732036,23.13022863712
113.24942636286,23.130253064273
113.24962569686,23.13026635796
113.25001439365,23.130232957569
113.25005427842,23.130223735072
113.25061239563,23.13007326703
113.251031006,23.129890478456
113.25121039761,23.129823677478
113.25173860125,23.129622858911
113.25200764375,23.129527642389
113.25254581858,23.129327072633
113.25302416626,23.129145529324
113.25319358668,23.129078561798
113.25331315114,23.129040757535
113.25361210722,23.128926098384
113.25373167168,23.128888294077
113.25373176151,23.128887380127
113.25373176151,23.128887380127
113.25430973128,23.12873757526
113.25457877378,23.128662465048
113.255814393,23.12832455165
113.25592398628,23.128296634498
113.25620299997,23.128221690209
113.25630262205,23.128193523774
113.25648201366,23.128146828964
113.2566215205,23.12810943987
113.25691050539,23.128034661649
113.25697033253,23.128015800913
113.25716966653,23.127959467951
113.25755827349,23.127836499159
113.25763795319,23.127808000295
113.25803653134,23.127675227079
113.25851487903,23.127513788627
113.25890348599,23.127420730861
113.25895334195,23.127401703864
113.25907290641,23.127373869604
113.2592722404,23.127317453282
113.25944166082,23.127280562478
113.25964099481,23.127244170188
113.25980044404,23.127217083683
113.25980044404,23.127215338847
113.25980044404,23.127215338847
113.25961144056,23.126482090084
113.2595618541,23.126271295894
113.25948244389,23.125850038861
113.2593433862,23.125177769689
113.25931365229,23.125007354605
113.25931365229,23.124937476879
113.25931374212,23.12482755025
113.25931374212,23.124797638227
113.25931392178,23.124557760173
113.25931410144,23.124277915743
113.25936413706,23.123898944956
113.25939423029,23.123629568438
113.25943429472,23.123250429618
113.25946429812,23.123071038333
113.25956436935,23.122362943081
113.25956445919,23.12217308118
113.25955466766,23.122023019458
113.25955430833,23.122021606916
113.25955430833,23.122021606916
113.25955439816,23.121891652995
113.25953463544,23.121831412163
113.25946519643,23.121570340546
113.25936584384,23.121258748987
113.25931625737,23.121067971501
113.25928652346,23.120997510061
113.25927673193,23.120877443015
113.25928679295,23.120797675229
113.25930682517,23.120648110501
113.25945675235,23.120070955254
113.25954658291,23.119822676353
113.25981616439,23.119147634584
113.25999609498,23.118450985219
113.26002627805,23.118081636594
113.26006616281,23.118072413252
113.26012598996,23.118073493463
113.26015590353,23.118064103934
113.26015518489,23.11806269135
113.26015518489,23.11806269135
113.26022498323,23.118073908929
113.26028472054,23.118084960321
113.26127105999,23.118252060575
113.26162975338,23.118318202637
113.2617991738,23.118351107469
113.26246670463,23.118542470512
113.2626559776,23.118595649945
113.26279548444,23.118627973059
113.26359264075,23.11881127571
113.26412075456,23.118930015143
113.26431011736,23.118983111328
113.26442968183,23.119005047774
113.26447953778,23.119015849811
113.26488808713,23.119112486451
113.26492797189,23.119123122294
113.26498779904,23.119134090506
113.26532663988,23.119219509579
113.26539643822,23.119230643968
113.26552597387,23.11926271765
113.26556585863,23.11927335348
113.2657951062,23.119326948083
113.265984469,23.119369906841
113.26607411989,23.11940131575
113.26620365555,23.11942333522
113.26645284549,23.119477179038
113.26665217949,23.119530275004
113.26672197783,23.119541326275
113.26682168974,23.119562847167
113.26714067802,23.119637713256
113.2673599544,23.119690975342
113.26753934601,23.119733684707
113.26787827668,23.119808716883
113.26794798518,23.1198797606
113.26817714292,23.120043119457
113.26826679381,23.120094387174
113.26840630066,23.12016642784
113.2686554906,23.120239964119
113.26927361463,23.120418694499
113.26945300624,23.120501204538
113.26951283338,23.120522060541
113.26958263172,23.120542999633
113.26964245887,23.120573826624
113.27015098962,23.120710761524
113.27041024059,23.120824181405
113.27085894419,23.121000085892
113.27117802231,23.121084174304
113.27133756136,23.121186210367
113.27150707161,23.121278358504
113.27159681233,23.12133951359
113.27159663267,23.121339430498
113.27159663267,23.121339430498
113.27161657506,23.121349733798
113.27189576841,23.121473207149
113.27193565317,23.121433821988
113.27197553794,23.121404407746
113.27200545151,23.12139485227
113.27203536508,23.121385296794
113.27203545492,23.121384881338
113.27203545492,23.121384881338
113.27205548713,23.121345080695
113.27215528887,23.121266393376
113.27225509061,23.121177735062
113.27244481274,23.12088010194
113.27253473312,23.12070128909
113.27281446545,23.120174737026
113.27286441124,23.120065388095
113.27295433162,23.119906516235
113.272974274,23.11986679824
113.27300427741,23.119817275368
113.2730142486,23.119777474255
113.27303419098,23.119747810369
113.27305413336,23.119718146477
113.27306410455,23.119698370545
113.27343393693,23.118832796721
113.27378382693,23.118046903645
113.27379379812,23.118007102
113.2738137405,23.117987408906
113.27382371169,23.117947607244
113.2738537151,23.117888029368
113.27414359829,23.117251367046
113.27424357969,23.117032581181
113.27438353569,23.116714165256
113.2744335713,23.116584787795
113.2744735459,23.116515321103
113.27473351551,23.115958173655
113.27498351394,23.115420883535
113.27509355636,23.115152154564
113.27534355478,23.114584780664
113.27541353278,23.114425569861
113.27561358542,23.11390771795
113.27576369227,23.113529299214
113.27602393138,23.112801957758
113.27608402802,23.112612663851
113.27614412466,23.112443312885
113.27631426372,23.111995005431
113.27686438601,23.110870116837
113.27698439963,23.110631293876
113.27710450308,23.110342445489
113.27717439124,23.110373025555
113.27717457091,23.110369784733
113.27717457091,23.110369784733
113.27769388132,23.110184060577
113.27798349502,23.110086420257
113.27830311212,23.109958947595
113.27899238193,23.109703918804
113.27983166877,23.109349420492
113.27989158575,23.109329892311
113.28002148073,23.109290752842
113.28005148413,23.109221033036
113.28008148753,23.109191283692
113.28012146213,23.10916161744
113.2804612911,23.108943649228
113.28059127591,23.108854484088
113.28110115412,23.108497241235
113.2812910559,23.108388298178
113.28158093909,23.108199745872
113.28162091369,23.108169996299
113.28162100352,23.108168749809
113.28162100352,23.108168749809
113.28167103913,23.108098946314
113.28172107475,23.108049252852
113.28216097496,23.107771201799
113.28222098177,23.107731563272
113.28258093278,23.107523066087
113.28306080759,23.107324789863
113.28311075337,23.107305012085
113.28322070597,23.107255401425
113.28364057396,23.107176705751
113.28367057737,23.107176788851
113.28374055537,23.107167066151
113.28377055877,23.107167149251
113.28381053337,23.107177204351
113.28384053677,23.107167398551
113.28476040161,23.106969371097
113.28515035603,23.106880038431
113.28603042594,23.106680847144
113.2864504736,23.106591015681
113.28650050922,23.106591015681
113.28705072134,23.106440936339
113.28740088083,23.106320773024
113.28778122338,23.106110528509
113.28790132683,23.106030502545
113.28819165917,23.105810202369
113.28899267819,23.105128856733
113.28899258836,23.105127028504
113.28899258836,23.105127028504
113.28907271721,23.105046918846
113.28916281725,23.10496680914
113.28924294611,23.104906726829
113.28935307836,23.104806506481
113.289413175,23.104746424097
113.28947327164,23.104686341686
113.28957352253,23.104516149591
113.289633709,23.104366067904
113.28966380224,23.104266096454
113.28967395309,23.10416620803
113.28966416156,23.104056347297
113.28967440224,23.103806459499
113.28967512089,23.103136654832
113.28968563106,23.102626819858
113.28969596157,23.102266984053
113.28976647856,23.101796952258
113.2899371566,23.10118663975
113.2900374075,23.101026415632
113.29003731767,23.101024919762
113.29003731767,23.101024919762
113.29012759737,23.100774693843
113.29013765839,23.100734720811
113.29017781265,23.100634663523
113.29021796691,23.100504605556
113.29021796691,23.100504439348
113.29021796691,23.100504439348
113.29023799912,23.100444355017
113.29032827882,23.100194128004
113.29033833984,23.100164210428
113.29035837206,23.100104209048
113.29036843308,23.100084263985
113.29038855512,23.100014290032
113.29041864836,23.099944316041
113.29042870938,23.099924370954
113.2906895773,23.099273577739
113.29068948747,23.0992729129
113.29068948747,23.0992729129
113.29072973155,23.099082768653
113.29083016211,23.098692506706
113.29087031637,23.098542418438
113.29120134195,23.097761225375
113.29136177931,23.097420657003
113.29142187595,23.097330486851
113.29143193697,23.097300568631
113.29155230991,23.097030140854
113.29161249638,23.096899996251
113.29165265064,23.096809908852
113.29260539346,23.094845423241
113.29263548669,23.094765390489
113.29270573418,23.094565100627
113.29291647666,23.094004038083
113.29301681738,23.093733603595
113.29310709709,23.093483197721
113.29311715811,23.093423193323
113.29318722594,23.093442723844
113.29327732598,23.093472144282
113.29334739381,23.093481701767
113.29334739381,23.093480455139
113.29334739381,23.093480455139
113.29333733279,23.093520513462
113.29324705308,23.093801004497
113.29311670896,23.094141748366
113.29307664453,23.09426200581
113.2929463004,23.094602748496
113.29285611053,23.094833206407
113.29283616814,23.094893293276
113.29235485605,23.095895817482
113.29188360498,23.096888112031
113.29183356937,23.096988338355
113.29177347273,23.097118649083
113.29175353034,23.09715870631
113.29175245238,23.097158623204
113.29175245238,23.097158623204
113.29174239136,23.097238654514
113.29171238795,23.097288767553
113.29143157765,23.097969987205
113.2913514488,23.098120325437
113.29135117931,23.098120325437
113.29134444202,23.098118663324
