113.29134444202,23.098118663324
113.29135117931,23.098120325437
113.29135117931,23.098120325437
113.29135117931,23.098130298117
113.2912308962,23.098380778335
113.29112067411,23.098621202334
113.29098035879,23.098951711905
113.29091020113,23.099111938527
113.29090022994,23.099141939444
113.29086016551,23.099242080962
113.29084022313,23.099282137548
113.29063972134,23.099742870524
113.29054953147,23.099943152578
113.29050946704,23.100033320956
113.2904593416,23.100173518119
113.29045844329,23.100173601223
113.29045844329,23.100173601223
113.29044838227,23.100203685006
113.29041837887,23.100253796926
113.29033816018,23.100513996327
113.29029809576,23.100664082368
113.29023799912,23.1008342794
113.29011762618,23.101244646152
113.29004746852,23.101474843229
113.28996724984,23.101745012646
113.28994712779,23.101955014763
113.28990688371,23.102305045254
113.28988676166,23.10248504633
113.28985648877,23.1028650755
113.2898953854,23.104014713214
113.28990526676,23.104114684853
113.28991514812,23.104214656418
113.28990517693,23.104244656183
113.28989511591,23.104364655174
113.28992511931,23.104404544011
113.2899350905,23.104434543733
113.28994506169,23.104464543448
113.28995503288,23.104494543157
113.28995503288,23.104524542858
113.28996500407,23.104584459139
113.28997488543,23.104674375061
113.2899847668,23.104784318384
113.28999473799,23.104854289824
113.28999473799,23.104884289444
113.2899847668,23.104914289057
113.2899847668,23.104934316497
113.2899847668,23.104964316099
113.2899747956,23.104994315694
113.2899747956,23.105024315283
113.28996482441,23.105054314865
113.28996320746,23.105054314865
113.28996320746,23.105054314865
113.28993311423,23.105084397541
113.28990320066,23.105104508056
113.28988325827,23.105124535466
113.28985325487,23.105154618126
113.28983331249,23.105154701228
113.28979333789,23.105174811732
113.28976342432,23.105184866983
113.28974348194,23.105184950084
113.28971356836,23.105195005334
113.28968365479,23.105195088435
113.28964368019,23.105195171536
113.28964287172,23.105195337739
113.28964287172,23.105195337739
113.2895928361,23.105185448691
113.28953291912,23.105175725846
113.28948297334,23.105155947747
113.28943302755,23.105146141797
113.28937311057,23.105126363694
113.28932316479,23.105106585588
113.28926324781,23.105086807479
113.28926270883,23.105086391972
113.28926270883,23.105086391972
113.28920270202,23.105116557743
113.28906265619,23.105166917113
113.28902268159,23.105196999764
113.28896267479,23.105227165509
113.28857227121,23.105537963698
113.28837212874,23.105698348574
113.28832218296,23.105738403213
113.28823217275,23.105838539756
113.28794193024,23.106048950903
113.28780188441,23.106139115135
113.28741166049,23.106349525805
113.28706159084,23.106479744247
113.28698164165,23.10649977145
113.28646161259,23.106629906645
113.28629165318,23.106669877903
113.28604174459,23.106719821182
113.28552180536,23.106839485535
113.28527189677,23.106889262551
113.28516194418,23.106919095511
113.28477207958,23.106998539238
113.28385230457,23.107196649749
113.28376238419,23.10722639954
113.28329257041,23.107355121325
113.28263285484,23.107622951985
113.28257293787,23.107662756744
113.28244304289,23.107732311168
113.28228314451,23.107831698312
113.28222322753,23.107861447961
113.28211336477,23.107931002281
113.28133363558,23.108447464823
113.28122377282,23.108516935737
113.28113385244,23.108586489714
113.28063412508,23.108923871691
113.28015442994,23.10926116971
113.28010457399,23.109261003513
113.28007466041,23.109270809158
113.28002480446,23.109290503546
113.28002148073,23.10929025425
113.28002148073,23.10929025425
113.2796123924,23.108917888569
113.27941296857,23.108726760946
113.27926340071,23.108615906798
113.2791936922,23.10852557805
113.27866494958,23.108132102979
113.27840560878,23.10798036339
113.27832583925,23.107929838888
113.27828604431,23.107909645701
113.27823618836,23.107889369413
113.27823537988,23.107888621517
113.27823537988,23.107888621517
113.27766657283,23.107604337647
113.27737722863,23.107472125912
113.27641945529,23.107004106946
113.27593068727,23.106789791602
113.2753721209,23.10654456257
113.27508295636,23.106421823233
113.27501324785,23.106391242257
113.27485370879,23.106329747881
113.27470414092,23.106268336577
113.27464440361,23.106247810736
113.27456472391,23.106217063518
113.2744950154,23.106196454568
113.27434544753,23.106154987357
113.27372705402,23.105978398387
113.27345783186,23.105905519012
113.27298918587,23.105770313954
113.27241076696,23.105623640824
113.27206177527,23.105529487393
113.27201200914,23.105508961437
113.27158333775,23.105373755975
113.2707757611,23.105123538251
113.27034717954,23.10498799999
113.27027747103,23.104967141546
113.26971926399,23.104789719981
113.26952999102,23.104727227645
113.26916123661,23.104602159783
113.26889219411,23.104518476437
113.26803503099,23.104246235117
113.26771622236,23.104141609871
113.26758677654,23.10409980961
113.26751706803,23.104078867924
113.2674772731,23.104058341744
113.26690927452,23.103869866391
113.26650081501,23.103693689892
113.26628171829,23.103590393846
113.26593308593,23.103425020282
113.26566422309,23.103280920738
113.26558454339,23.103289646493
113.26550486369,23.103298372248
113.2655013603,23.103295297458
113.2655013603,23.103295297458
113.26541170941,23.103233884751
113.26502328211,23.103017818167
113.2647942142,23.102884189119
113.26468471076,23.102812471483
113.26461509208,23.102771418729
113.26436617163,23.102617429236
113.26426663938,23.102545877663
113.26376870863,23.102237814873
113.26351978817,23.102073769275
113.26339043218,23.101991746401
113.2633307847,23.101950859599
113.26276323527,23.101521464321
113.26265382166,23.101439690416
113.26252437584,23.101407612427
113.26243481478,23.101386171695
113.26243355715,23.101385174451
113.26243355715,23.101385174451
113.26226413673,23.101392238259
113.26214457227,23.101450161467
113.26214448244,23.101450161467
113.26214448244,23.101450161467
113.2620446807,23.101568500914
113.261965001,23.101657089223
113.26192520606,23.101716425074
113.26179558058,23.101894183159
113.26154621097,23.102229836976
113.26151638723,23.102279283307
113.26120710064,23.102713828508
113.26100758699,23.102980338889
113.26093778865,23.103069092461
113.26077824959,23.103276267001
113.26068850887,23.103394687923
113.26052896981,23.103621889592
113.26036943075,23.10383903552
113.26014997472,23.10414510015
113.260060234,23.104273492515
113.25990069494,23.104470692974
113.25979101183,23.104618697002
113.25971124231,23.10473728293
113.25951172865,23.105053733155
113.25945199134,23.105132679391
113.25943204895,23.105202318243
113.25942207776,23.105292150645
113.25936207095,23.10558101002
113.25933206755,23.105810451671
113.25933000145,23.10581036857
113.25933000145,23.10581036857
113.25930996923,23.105870034969
113.25924996243,23.106148921011
113.25924996243,23.106208919659
113.25923972174,23.106548634489
113.25922984038,23.10658843957
113.25922984038,23.106678437235
113.25920980817,23.106888016048
113.25920926919,23.106888099148
113.25920926919,23.106888099148
113.25917926578,23.10700751405
113.25914935221,23.107136983947
113.25910937761,23.107366256709
113.25902933859,23.10779471899
113.25893932838,23.108173070976
113.25892944702,23.108222847491
113.25889953345,23.108322317367
113.25889890463,23.108322317367
113.25889890463,23.108322317367
113.25896852331,23.108493501773
113.25899834705,23.10854402606
113.25899834705,23.10854402606
113.25899834705,23.10854402606
113.25934706925,23.10861017296
113.25942674895,23.108631612526
113.25991488816,23.108720196122
113.26009418994,23.108753352631
113.26086134285,23.108916725185
113.26137939564,23.109065638344
113.26145907534,23.109096966593
113.26151881265,23.109117990587
113.2618077077,23.10921297246
113.26201692306,23.109266571125
113.26232585032,23.109311859903
113.2628838777,23.109341276826
113.26306326931,23.109354323312
113.26329251688,23.109358145849
113.26371103742,23.109385152901
113.26388045784,23.109437920511
113.26409964438,23.109531489481
113.26434865467,23.109665527331
113.26461760734,23.109809869241
113.26476708538,23.109882247883
113.26487667865,23.109934018116
113.26487658882,23.109934018116
113.26487137864,23.109935763179
