113.29201817115,23.089475392896
113.29201879996,23.089478634227
113.29201879996,23.089478634227
113.29201879996,23.089478634227
113.29201879996,23.089478634227
113.29201879996,23.089478634227
113.2920089186,23.089308671978
113.29199903724,23.089188825607
113.29199894741,23.089188742496
113.29199894741,23.089188742496
113.29142843358,23.08911153212
113.29087804179,23.089044045726
113.28997758035,23.08890749372
113.28926738002,23.088689658488
113.28905735619,23.088630316818
113.2884972627,23.08846160016
113.28784724884,23.088252740275
113.28730727739,23.088093414787
113.28720738582,23.088063577598
113.28720684684,23.08806282959
113.28720684684,23.08806282959
113.28721681803,23.08812283641
113.28721681803,23.08812283641
113.28721681803,23.08812283641
113.28717657394,23.088452790318
113.28701640607,23.088782826519
113.28677610935,23.089312827537
113.28664603471,23.089612858539
113.28660606011,23.089672864658
113.28645586343,23.090032817693
113.28612546666,23.090762694069
113.28609555309,23.090832672896
113.28584528518,23.091382445891
113.28561504947,23.091832235801
113.28557507488,23.091922160356
113.28553510028,23.092022141098
113.28544500024,23.092272051069
113.28521476454,23.092801705733
113.28500456105,23.093251407729
113.28490448982,23.093501232279
113.28448390318,23.094500359566
113.28429391156,23.094709957599
113.28429238444,23.094709957599
113.28429238444,23.094709957599
113.2839117724,23.09560901472
113.28376166555,23.095958563295
113.28365162312,23.09620821654
113.28358155529,23.096378003749
113.28349154508,23.096577709131
113.28337144163,23.096877308194
113.28331143483,23.097017093157
113.28331080601,23.097017176263
113.28331080601,23.097017176263
113.28323067716,23.097216880684
113.28315063814,23.097436613374
113.28293037363,23.097975804608
113.28288042784,23.098095643053
113.28267013452,23.098614803222
113.28212953427,23.099722592988
113.28205955627,23.099882320052
113.28160905605,23.100840179782
113.28158911367,23.100880069678
113.28154913908,23.100969905004
113.28141906444,23.101239244411
113.28098868627,23.102156955543
113.28083857942,23.102476154315
113.2807585404,23.102665711984
113.28070859461,23.102755463
113.28056845895,23.10308463264
113.28039831989,23.103473635145
113.28016817402,23.103982220337
113.28001806717,23.10432127605
113.27992805695,23.104520720182
113.27992805695,23.104550719878
113.27992652983,23.104550636776
113.27992652983,23.104550636776
113.27980642639,23.104769858723
113.27977651281,23.104839663968
113.27969656362,23.105009107736
113.27896597175,23.10658403525
113.27853577324,23.107490823368
113.27841575963,23.107729901279
113.27836581384,23.107829537722
113.27835584265,23.107869425519
113.27832592908,23.107929174091
113.27830598669,23.107959006818
113.27829610533,23.107988922637
113.27827616295,23.108028727286
113.27813611712,23.108337607633
113.27796606789,23.108696263599
113.27786608649,23.108895451863
113.27759605585,23.109473237403
113.27725595738,23.110200347807
113.27717600819,23.110369618537
113.27693598096,23.110897455973
113.27640589088,23.112052591626
113.27628587726,23.112411403748
113.27622596029,23.112570866258
113.2762060179,23.112610669533
113.27617610433,23.112690359144
113.27617403823,23.112690608434
113.27617403823,23.112690608434
113.27615400602,23.112750437933
113.27611412125,23.112830044363
113.27584400078,23.113557385666
113.27567404138,23.113975690283
113.27543401415,23.114563258965
113.27542404296,23.114603144737
113.27517413437,23.115160630254
113.27505421058,23.115449385061
113.27494434782,23.115658202174
113.27473441382,23.116126024437
113.27469452905,23.116225571484
113.27461466969,23.116394751436
113.27454478153,23.116534017286
113.27452483914,23.116573819372
113.27421501357,23.117280449834
113.27417512881,23.117370024782
113.27393528124,23.117897335816
113.27390536766,23.117977022252
113.27388551511,23.118006769627
113.27387563375,23.118036683182
113.27351586239,23.118872598118
113.27313614866,23.119728200626
113.2731262673,23.119748059645
113.27310641474,23.119777806623
113.27309653338,23.119807719778
113.27307668083,23.119837466743
113.27305673845,23.119887238883
113.27286701633,23.12023497861
113.27261728739,23.120731949861
113.27251748565,23.12091076267
113.27229776012,23.12135804291
113.27223793298,23.121487332626
113.27226784655,23.121527714864
113.27227772791,23.12161778549
113.27225778553,23.121697552783
113.27219795838,23.121756796585
113.27211818885,23.121775824392
113.27206842273,23.121775325847
113.2720186566,23.121774827302
113.27201524304,23.121774578029
113.27201524304,23.121774578029
113.2719454447,23.121823684716
113.27185570398,23.121892566993
113.27160615471,23.122249441426
113.27129668846,23.122715495555
113.27111711719,23.122943162692
113.27086765775,23.123209881725
113.27070793903,23.123507758889
113.27066796444,23.123707174191
113.27072761192,23.124087890404
113.27083702553,23.124629216792
113.2709166154,23.125040174689
113.27093646795,23.125160404145
113.27098623408,23.125401028906
113.2709662917,23.125560725071
113.27093637812,23.125680289347
113.27088652217,23.125879618294
113.27085651876,23.126239223907
113.27073668481,23.126637630557
113.27061685085,23.127105995719
113.27060696949,23.127145877721
113.27055711354,23.12736522852
113.27054723218,23.127405110444
113.27054723218,23.127435104967
113.27054723218,23.127495093992
113.27056717456,23.127575356274
113.27074647634,23.128087671103
113.2707563577,23.12839775106
113.2707263543,23.128737326001
113.2707163831,23.128907154689
113.27068646953,23.129116781482
113.27064649494,23.129526229927
113.27061658136,23.129715832046
113.27060661017,23.129905683151
113.2705766966,23.130145302276
113.2706164017,23.130755813957
113.27059645932,23.130905533458
113.27058657796,23.131015371963
113.27056672541,23.131125127293
113.270536722,23.131624716453
113.27052684064,23.131664597096
113.27051695928,23.131724501123
113.27051426436,23.131724501123
113.27051426436,23.131724501123
113.27045443722,23.131723753362
113.27041464228,23.131723337939
113.26982634201,23.131705474743
113.26974666231,23.131704477728
113.2696769538,23.131703563797
113.26877963643,23.131651054296
113.26874981268,23.131650721957
113.26866016179,23.131629535364
113.26863033805,23.131619149779
113.26862961941,23.131618568186
113.26862961941,23.131618568186
113.26800152419,23.131579435291
113.26762279859,23.131543958113
113.26687522875,23.131512801333
113.26655633029,23.131498012246
113.26635708613,23.131485051021
113.2658189113,23.131456719111
113.26532062123,23.131418915525
113.26487218712,23.131391829873
113.26468291415,23.131388838819
113.26431424957,23.131362916348
113.26403523588,23.131368316863
113.26398546975,23.131367569099
113.26298897945,23.131361088481
113.26243095207,23.131361670075
113.26242969444,23.131360589972
113.26242969444,23.131360589972
113.26241963342,23.131780417063
113.26245942835,23.132031083031
113.2624792809,23.132191435887
113.26249922329,23.132291801721
113.26249922329,23.13244176874
113.26250919448,23.132511974849
113.26251916567,23.132652137703
113.26253901822,23.132852453178
113.26255887077,23.133112754834
113.26259866571,23.133583423465
113.2626086369,23.133763548282
113.26265840302,23.134274343709
113.26265840302,23.134274426792
113.26265256404,23.134273014381
