113.32002733694,23.108107588654
113.32003048101,23.108107256256
113.32003048101,23.108107256256
113.32003048101,23.108127283213
113.32007027594,23.108426523823
113.3200801573,23.10853629784
113.32009012849,23.108606101104
113.32012992343,23.108915312503
113.32014977598,23.109094889123
113.3202095133,23.109563731704
113.32021939466,23.109673504781
113.32026916078,23.110102541302
113.32026934044,23.1101026244
113.32026934044,23.1101026244
113.32050999649,23.110238406733
113.32134227654,23.110833886241
113.32179358523,23.11113611226
113.32188386494,23.111194529802
113.32188386494,23.1111946129
113.32188386494,23.1111946129
113.32217473626,23.111359644396
113.32220482949,23.111379089181
113.32230517022,23.111417397062
113.32245563639,23.111454873958
113.32252588388,23.11147365395
113.32258607035,23.11147273988
113.3226964721,23.111480883416
113.32272656533,23.111470496253
113.32280687385,23.11144922334
113.32282699589,23.111439002369
113.32288727219,23.111398118477
113.32294754849,23.111337208102
113.32303800785,23.111165778071
113.32333974868,23.110401029577
113.32354069962,23.110107859585
113.32364113017,23.110016285378
113.32387208452,23.109792584783
113.32393236082,23.109751700384
113.32400260831,23.109720621584
113.32437405764,23.109524675402
113.32437396781,23.109523428924
113.32437396781,23.109523428924
113.3243442339,23.109173999154
113.3242848559,23.108455193049
113.32426509318,23.108285670579
113.32426518301,23.108205729026
113.32423535927,23.108036372437
113.32413618634,23.10697834591
113.32413573719,23.10697784731
113.32413573719,23.10697784731
113.32264104665,23.106632815157
113.3225909212,23.10665367334
113.32254079576,23.106684503557
113.32250073133,23.106705195531
113.3224606669,23.106735859536
113.3224306635,23.106766357332
113.32241063129,23.106796688921
113.32239059907,23.106817048477
113.32237056686,23.106847380055
113.32235053465,23.106887683647
113.32233050244,23.106948014363
113.3223004092,23.107008511251
113.3222995109,23.107008428151
113.3222995109,23.107008428151
113.32230948209,23.107068260211
113.32230948209,23.107068260211
113.32230948209,23.107068260211
113.32232933464,23.10724792243
113.32238907195,23.107666828629
113.32240901434,23.10776646512
113.3224188957,23.107876239683
113.32243883808,23.10803587384
113.32247872284,23.108305115815
113.32248851437,23.108524913256
113.32249848557,23.108554745849
113.32250845676,23.108594550328
113.32252848897,23.108644160487
113.32257861442,23.108713298903
113.32263871106,23.108792242962
113.32265874327,23.108831881173
113.32266871446,23.108861713696
113.32267868565,23.108891546213
113.32271866025,23.109030819936
113.32273860263,23.109150482206
113.32277857722,23.109329809212
113.32279851961,23.10946941487
113.3228084908,23.109519273997
113.32281846199,23.109559078188
113.32281846199,23.109649073839
113.32282843318,23.109738903232
113.32286813828,23.110208159028
113.32287810947,23.110307959808
113.32287801964,23.110507893534
113.32287792981,23.110647830344
113.32287792981,23.110767823547
113.32287792981,23.110867790102
113.32286786879,23.110997921015
113.32285780777,23.111158050003
113.32284774675,23.111258182458
113.3228276247,23.111438503785
113.32281756368,23.111528664356
113.32281756368,23.111558662468
113.32280750266,23.111648822958
113.32278738062,23.111769147645
113.32275719755,23.111949634472
113.32273707551,23.112059987254
113.32269683142,23.112280609446
113.32263646529,23.112561559436
113.32259622121,23.112772209216
113.32255597712,23.113002801787
113.32250567201,23.113263557876
113.32244530588,23.113574503442
113.32238484992,23.113895419774
113.32234460583,23.114066098418
113.32227417868,23.114387262848
113.32223393459,23.11459790973
113.32222387357,23.11467809672
113.32217356846,23.114908935265
113.32215344642,23.115039228406
113.32211320233,23.115249874253
113.32211320233,23.115349837431
113.32211320233,23.11537983468
113.32210323114,23.115430023967
113.32210062606,23.115430023967
113.32210062606,23.115430023967
113.32210053622,23.115550012847
113.32208041418,23.115710302532
113.32208041418,23.115820319809
113.32207044299,23.115870508929
113.32206038197,23.116020660704
113.32205032095,23.116180783632
113.32205032095,23.116290800519
113.32201995822,23.116641208681
113.32201995822,23.116691231303
113.32199974635,23.117011475348
113.32196947345,23.117341939137
113.32196947345,23.117391961494
113.32194917175,23.117722258149
113.32193911072,23.117862436632
113.3219290497,23.118032611615
113.32191880902,23.118362740489
113.32191862936,23.118672676993
113.32191853953,23.118862626996
113.3219184497,23.119082573139
113.3219184497,23.119162591234
113.3219184497,23.11924260928
113.32191835987,23.119512576351
113.32190829885,23.119652752943
113.32190829885,23.119772738004
113.32190829885,23.119942744354
113.32189823782,23.120112916669
113.3218881768,23.120313084899
113.32186805476,23.120553386086
113.32186805476,23.120713337362
113.32186805476,23.120773329426
113.32185799374,23.120943500676
113.32184775305,23.121293647278
113.32184775305,23.121363610015
113.32183778186,23.121403743017
113.32182781067,23.121453930025
113.32179771744,23.121544416156
113.3217676242,23.121654927141
113.32174759199,23.121745246953
113.32166728348,23.121976571748
113.32166728348,23.122056588097
113.32165722246,23.122206732871
113.32165722246,23.122356711295
113.32165722246,23.122376736102
113.32165722246,23.122556709959
113.32165722246,23.122646696796
113.32165344957,23.122646364434
113.32165344957,23.122646364434
113.32164329872,23.122766512969
113.32169207671,23.125035355538
113.32169207671,23.125205355143
113.32170186824,23.125645142945
113.32170186824,23.125695162172
113.32170186824,23.125775176278
113.32171183943,23.12592498449
113.3217117496,23.126224932759
113.32172172079,23.126434729968
113.32174112419,23.127964286996
113.32175109538,23.128064074421
113.32175100555,23.128524042796
113.32176079708,23.129103820025
113.32178064963,23.129733446252
113.32178064963,23.129903439836
113.32180050218,23.130743018831
113.32182035474,23.131622639336
113.32181999541,23.131622639336
113.32181999541,23.131622639336
113.32194036835,23.131890587182
113.32193039716,23.132130784311
113.32193039716,23.132250758086
113.3219302175,23.132250758086
113.3219302175,23.132250758086
113.32196031073,23.132480236707
113.32206038197,23.135028486192
113.32212056844,23.135057482
113.32216072269,23.135086810132
113.32221093797,23.135115972092
113.32224103121,23.135155436273
113.32227112444,23.135194900442
113.32229115665,23.135214590981
113.32230121768,23.135244417572
113.32232124989,23.135274077992
113.3223412821,23.135313708291
113.32235134312,23.13534353486
113.32235134312,23.135393550429
113.32235134312,23.135453535854
113.32235134312,23.135493498428
113.32234137193,23.135533627154
113.32233140074,23.135563786003
113.32231145836,23.135614133818
113.32229151598,23.135654511754
113.32227157359,23.135684836739
113.32224157019,23.135725380819
113.32221156679,23.1357459021
113.3221916244,23.135766257214
113.32217168202,23.135786612324
113.32215173964,23.135796914502
113.32212173624,23.135817435772
113.32208167181,23.135848093048
113.32208041418,23.135848093048
113.32208041418,23.135848093048
113.32210044639,23.136037769209
113.32210044639,23.136287762474
113.32210044639,23.136287762474
113.32210044639,23.136287762474
113.3222510024,23.136285186939
113.32237137534,23.136283192977
113.32237137534,23.136283192977
113.32237137534,23.136283192977
113.32253199236,23.136580459206
113.32312406552,23.137680537854
113.32324452829,23.137928534083
113.32340514532,23.13820585729
113.32374641158,23.138700268794
113.32376644379,23.13872992844
113.32397718627,23.139096477925
113.32424820504,23.139572027015
113.32424811521,23.139572027015
113.32424811521,23.139572027015
113.32499056471,23.139520019109
113.32537180557,23.139503984718
113.32576310745,23.139487867246
113.32577316847,23.139607751284
113.32577316847,23.139607668204
113.32577316847,23.139607668204
113.32650546712,23.139546272303
113.32787969489,23.139485707172
113.32798003562,23.139474325245
113.32837115784,23.139458706247
113.32855171724,23.139446161201
113.32858181048,23.139445828881
113.32870218342,23.139434197711
113.32879246312,23.139433034594
113.32920361755,23.139407279855
113.32950446007,23.139393156287
113.32986548905,23.139368315419
113.33011620612,23.139355022645
113.33011602646,23.139354108767
113.33011602646,23.139354108767
113.33010605527,23.13922417183
113.33009608407,23.139144415079
113.33009608407,23.138974516423
113.33009608407,23.138884623745
113.33008611288,23.138724860546
113.33008611288,23.138634967699
113.33008611288,23.137994998655
113.33007614169,23.137905188394
113.33007569254,23.137904606829
113.33007937559,23.137912001016
