113.24996849024,23.139756380754
113.24996408854,23.139751977536
113.24996408854,23.139751977536
113.25005373943,23.139723564312
113.25012353777,23.139694818763
113.25048223116,23.139530985634
113.25087083812,23.139347711619
113.2512395027,23.1391841273
113.25137900955,23.139116583284
113.25224587437,23.138711650788
113.2530131171,23.138355152976
113.25314265276,23.138297495118
113.25332195454,23.138210759043
113.25343154781,23.138162738471
113.25398948536,23.137902695972
113.25447771441,23.137671398956
113.25447780424,23.137670318904
113.25447780424,23.137670318904
113.25445786185,23.137599949365
113.25445786185,23.137540047992
113.25440809573,23.137399225657
113.2542886211,23.137077203048
113.25421891259,23.136846070754
113.25412935153,23.136514575496
113.2540098769,23.135772571452
113.25399999554,23.135662487641
113.25389058192,23.134440675823
113.25384090563,23.13384987185
113.25384090563,23.133519947687
113.25385087682,23.13331024477
113.25388088023,23.132630868186
113.25389085142,23.132491120731
113.25391088363,23.132011558188
113.25393082601,23.13177202552
113.25392094465,23.131661938387
113.25392022601,23.131660525948
113.25392022601,23.131660525948
113.25389040226,23.131419995628
113.25376131576,23.130207865728
113.25367202419,23.12940641986
113.25363240892,23.129055796155
113.2536126462,23.128925516779
113.25361210722,23.12892526752
113.25361210722,23.12892526752
113.25331315114,23.129039926672
113.25319367651,23.129077814022
113.25302434592,23.129144864634
113.2529745798,23.12915400412
113.25297431031,23.12915400412
113.25296883064,23.129138383907
