113.23736526394,23.140927797803
113.23736966564,23.140929625537
113.23736966564,23.140929625537
113.23736966564,23.140929625537
113.23775881158,23.140623479603
113.23775881158,23.140623396524
113.23775881158,23.140623396524
113.23767895222,23.140542643666
113.2377088658,23.140453001289
113.2377088658,23.140433062291
113.2377088658,23.140432896132
113.2377088658,23.140432896132
113.23728953678,23.139948792946
113.23715982147,23.139797671304
113.23707008075,23.139676873562
113.23690048067,23.13940536902
113.23684065352,23.139294872826
113.23676088399,23.139114257045
113.23673106025,23.139044054432
113.23668120429,23.13889367948
113.23668120429,23.138863770629
113.23665129072,23.138713561633
113.23662137715,23.138543330104
113.23662137715,23.138463406783
113.23661149579,23.138383400332
113.23661149579,23.137883504317
113.23661149579,23.13778355812
113.23663134834,23.134793777771
113.23663134834,23.134743845058
113.23663134834,23.134643896494
113.23663134834,23.134063977321
113.23663134834,23.13375407678
113.23663143817,23.133114167258
113.23664149919,23.132434374249
113.23664149919,23.132384440648
113.23664060088,23.132382778963
113.23664060088,23.132382778963
113.23664060088,23.13235278556
113.23658077374,23.132292300226
113.23655094999,23.132262140634
113.23655077033,23.132261974465
113.23655077033,23.132261974465
113.23656083135,23.131932046351
113.23644117706,23.131871062319
113.23639141094,23.131820713083
113.23637155838,23.131780583233
113.23636167702,23.131760559845
113.23635179566,23.131730566301
113.23635179566,23.13171062599
113.2363419143,23.131650638872
113.2363419143,23.131600704976
113.23634200413,23.131390832855
113.23634209396,23.131090896269
113.23634209396,23.131010968455
113.23634209396,23.130871053122
113.23634209396,23.130761131412
113.23635206515,23.130741274041
113.23635206515,23.13070139312
113.23637200754,23.130641654801
113.23638197873,23.130601856935
113.23639194992,23.130572029299
113.23640192111,23.130542201657
113.23647180928,23.130482878693
113.23649175166,23.130463104366
113.23649130251,23.130461525743
113.23649130251,23.130461525743
113.23656128051,23.130062216637
113.2366012551,23.129942656311
113.23663125851,23.129843036471
113.23664131953,23.129613220942
113.23664131953,23.129563286279
113.23664158902,23.12875344478
113.23664158902,23.128673515557
113.23665191953,23.127853781267
113.23664230766,23.127213843273
113.23664248733,23.126883985687
113.23665254835,23.126744149088
113.23665272801,23.126414290334
113.23665308733,23.125604429607
113.23665317716,23.12535449929
113.23669333142,23.124994974368
113.23670330261,23.124955174808
113.23684325861,23.124596562783
113.23691323661,23.124467276098
113.23715308418,23.123999649423
113.23718308758,23.123950045004
113.23728297915,23.123751128606
113.23736292834,23.123601982657
113.23784253366,23.122696883334
113.23863187471,23.121205238257
113.2387118239,23.121066226584
113.23877174087,23.120976986497
113.23882168666,23.120887580168
113.23901149862,23.120619776275
113.239101419,23.120510843169
113.23912145121,23.120461154354
113.23914139359,23.120421436526
113.23936111912,23.120103942744
113.23943100729,23.120034810262
113.23976050575,23.119698619821
113.23976032609,23.119695794688
113.23976032609,23.119695794688
113.23979023966,23.119666130784
113.24045902811,23.119164086899
113.24098804023,23.118760589145
113.24105783857,23.118741560906
113.2413472726,23.118505244896
113.24172653719,23.118190156229
113.24191616948,23.118042665892
113.24191625931,23.118042250426
113.24191625931,23.118042250426
113.2421458662,23.117875233
113.24321368196,23.116999676022
113.24359285671,23.11668499925
113.2437924602,23.116517897022
113.24383234496,23.116488564784
113.24397203147,23.116350628395
113.2440818044,23.116262299174
113.24563847802,23.114835396031
113.24563847802,23.114834814365
113.24563847802,23.114834814365
113.24571833738,23.114775982948
113.24592782223,23.114649262647
113.24599762056,23.114600402591
113.24603759516,23.114541072498
113.24608745112,23.11448190857
113.24618725286,23.114353526078
113.24619722405,23.114313806421
113.24620719524,23.114294029684
113.24624716983,23.114174704433
113.24626720205,23.114115124863
113.24629720545,23.114015659329
113.24636727328,23.11370687529
113.2463773343,23.113587134032
113.24635775124,23.113316988713
113.24633798852,23.113186776978
113.24623881559,23.112745452142
113.24622893423,23.112715371202
113.24619920032,23.112625045243
113.24611970028,23.112433922957
113.24578139843,23.111808951161
113.24506482012,23.110598553325
113.24459716227,23.10971197935
113.24403985354,23.10878426546
113.24397023486,23.108663356373
113.24353231092,23.107917457058
113.2433531888,23.107595113577
113.24319400907,23.107333099854
113.24318412771,23.107303017687
113.24298506321,23.106990478528
113.24289559198,23.106819375284
113.24286585807,23.106719073279
113.24282615296,23.106618604999
113.24279650888,23.106428305069
113.2427668648,23.106248060038
113.2427571631,23.106108035489
113.24275725293,23.106038147811
113.24275554615,23.106035405488
113.24275554615,23.106035405488
113.24266607492,23.105704331841
113.2425269274,23.105332620912
113.24238769004,23.105000963803
113.24229821881,23.104829941096
113.24219877639,23.104618780104
113.24213921874,23.104468116821
113.24198012883,23.104056181093
113.24192057118,23.103905517172
113.24190080846,23.103845351279
113.24141356755,23.102479561536
113.24112521148,23.10164620267
113.24112530131,23.101526284326
113.241124403,23.101525370187
113.241124403,23.101525370187
113.24099504701,23.101153813767
113.24043800776,23.099587464739
113.24041824504,23.099507351739
113.24033874501,23.09923651293
113.24025942463,23.098825724446
113.24021980936,23.098605412316
113.24011075507,23.098014365673
113.24008111099,23.097764134081
113.24007140929,23.097594099326
113.24007078047,23.097593434478
113.24007078047,23.097593434478
113.23994115499,23.097532019134
113.23836543729,23.096775004124
113.23789670148,23.096550367047
113.2377970794,23.096499505769
113.23757771319,23.096387477919
113.23671983143,23.095969616528
113.23615120404,23.095654723692
113.23550271729,23.095319468795
113.23540300538,23.095268773261
113.23537327147,23.095168628747
113.23537228333,23.095167880779
113.23537228333,23.095167880779
113.23518301036,23.094666409105
113.2348643814,23.093744241471
113.23451574903,23.092761896519
113.23402760982,23.091388762241
113.23365894524,23.090396509725
113.23325030606,23.089254151035
113.23322048232,23.089184088265
113.233160745,23.089013793194
113.23281193297,23.088011965063
113.23271231089,23.087731544919
113.23258277524,23.087330943686
113.23253300911,23.087190732969
113.23238344124,23.086850054387
113.23232370393,23.086689812975
113.232014597,23.085808398646
113.23191497492,23.085408040957
113.23175552569,23.084827407961
113.23169587821,23.084347257631
113.23164611208,23.084207126881
113.23159625612,23.084136978336
113.23154640017,23.084086860336
113.23146654081,23.084036576088
113.2314647442,23.084034996913
113.2314647442,23.084034996913
113.2295061687,23.084027932182
113.2295061687,23.084027932182
113.2295061687,23.084027932182
113.2294359212,23.084777705792
113.22939594661,23.085047576712
113.22933602963,23.085147396399
113.22933576014,23.085147396399
113.22933576014,23.085147396399
113.22918592278,23.084997043486
113.22886621585,23.084886418874
113.22878635649,23.084866305298
113.22774683735,23.084794744163
113.22758693897,23.084794661049
113.22758657965,23.084794328593
113.22759169999,23.0847878457
