113.3481622655,23.121618865672
113.34815454008,23.121618200944
113.34815454008,23.121618200944
113.34879431326,23.121619364218
113.34983374256,23.121612135305
113.34996363754,23.121612550759
113.34996372737,23.121612384578
113.34996372737,23.121612384578
113.34998331043,23.122182387328
113.3499929223,23.122702367292
113.3499929223,23.122812378771
113.3499929223,23.122852345155
113.3499929223,23.12296235651
113.35000280366,23.123162354261
113.35000280366,23.123312331604
113.34987299852,23.123321886941
113.34987263919,23.123321886941
113.34987263919,23.123321886941
113.34975271541,23.123321554581
113.34960287805,23.123331109918
113.34942303729,23.123340582164
113.34855347755,23.123398578885
113.34735388037,23.123477015671
113.34709400059,23.123496874129
113.3468041174,23.123526786446
113.34587410171,23.123606968039
113.34572417452,23.123627075747
113.3449240538,23.12369795124
113.34356348028,23.123830894616
113.34152190134,23.124028481464
113.34145192335,23.124038784555
113.34114164862,23.124070275448
113.34108164181,23.124080578536
113.34091159258,23.124091463248
113.34038105335,23.124134337375
113.34035113977,23.124134503553
113.34013096509,23.124155774433
113.34005092607,23.124166243692
113.33976068356,23.124188013102
113.33964058012,23.124198731628
113.3393603088,23.124220501032
113.3384991033,23.124296444654
113.33799838781,23.124340149606
113.33755776896,23.124383605277
113.3375555232,23.124383688366
113.3375555232,23.124383688366
113.3374252689,23.124524690702
113.33740532652,23.124584847221
113.33736526209,23.124695189496
113.33734487055,23.125555241231
113.33736481294,23.125705049691
113.33736454345,23.125705049691
113.33736454345,23.125705049691
113.3374746757,23.125694165111
113.33780525213,23.125681618762
113.3382259286,23.125668490793
113.33865657626,23.12565544591
113.33876670852,23.125654781203
113.33947771733,23.125630103938
113.33988824294,23.125627611285
113.33988824294,23.125627029666
113.33988887176,23.125623789216
