113.33057344362,22.975689271806
113.33058610973,22.975644103929
113.33058610973,22.975644103929
113.3306462962,22.975663318995
113.33085676918,22.975730530112
113.33164862549,22.975960361932
113.33187913068,22.976017507894
113.33238029533,22.976121402017
113.3328212735,22.976206164256
113.33332234831,22.976280362364
113.33362301117,22.97630698051
113.33400380287,22.976392740811
113.33435450134,22.976458953382
113.33445466241,22.976487900576
113.33452482007,22.976497133732
113.33453479126,22.976587052987
113.33453479126,22.97660701655
113.33453479126,22.976657008628
113.33452482007,22.976707083869
113.33452482007,22.976727047414
113.33447478445,22.976777538536
113.33440471662,22.97680823247
113.33440426747,22.976808398833
113.33440426747,22.976808398833
113.33433410981,22.976789183932
113.33406371985,22.976692194389
113.33384336551,22.976644697769
113.33360297895,22.976607432458
113.33343275006,22.976569418503
113.33324239912,22.976531654082
113.33298198036,22.976464776094
113.33273153278,22.976417778483
113.33251117844,22.976370448129
113.33234094954,22.976312553683
113.33221078508,22.976264225111
113.33214071725,22.976235194687
113.33173989333,22.976120237471
113.33148944575,22.976053442459
113.33136925247,22.976025077444
113.33119893375,22.975977331041
113.331018554,22.975929750985
113.33094848617,22.975910785504
113.33083835392,22.975872272259
113.33060784872,22.975815375781
113.33040743676,22.975758146551
113.33029721468,22.975729698291
113.3301770214,22.97569143454
113.3300167637,22.975633706165
113.33001460777,22.975631792976
113.33001460777,22.975631792976
113.3297638907,22.97559519284
113.32952332448,22.975548610834
113.32926272605,22.97550236154
113.3289920666,22.975456278595
113.32893196996,22.975437229864
113.32884178009,22.975418597042
113.32873155801,22.975410278816
113.32835058664,22.975335830678
113.32819023911,22.975298232273
113.32766886259,22.975226029996
113.32753860829,22.975198080717
113.32722779458,22.975122800636
113.32666626381,22.975001437411
113.3257938295,22.974795061447
113.32562342094,22.97475779562
113.32520220549,22.974674612933
113.32426940505,22.974479798879
113.32426814742,22.974478384771
113.32426814742,22.974478384771
113.32422790333,22.974629028799
113.32411723209,22.975090775395
113.32372548106,22.975757065185
113.32365523357,22.975858214505
113.32336400292,22.976203003349
113.32330381646,22.976334014558
113.32325360118,22.976524833194
113.32309289432,22.976837429132
113.32307277228,22.976967774269
113.32308256381,22.977257577551
113.32308256381,22.9773575612
113.3230816655,22.977357394838
113.3230816655,22.977357394838
113.32358265049,22.978058941905
113.32371281495,22.978386756268
113.32373275734,22.978496387992
113.3238126167,22.978944978774
113.32394233201,22.979642691241
113.3239814083,22.980741822206
113.32406072868,22.981700289631
113.32407061004,22.981840112344
113.32409055242,22.981989749933
113.32414984058,22.982888570079
113.32415972194,22.983018410246
113.32415972194,22.983118389584
113.32416960331,22.983248229527
113.32420876943,22.98420734438
113.32418864738,22.984367625932
113.32418846772,22.984367625932
113.32418846772,22.984367625932
113.32265308394,22.98460301572
113.32253271101,22.984615076316
113.3224424313,22.984656581394
113.32234209058,22.984738260689
113.32223177866,22.984770117264
113.32194063784,22.984985044976
113.32185035814,22.985066557717
113.32169980214,22.985229083994
113.3215491563,22.985451579983
113.3214286037,22.985673576546
113.32135826638,22.985844752363
113.32128792906,22.986025909038
113.32114707476,22.986478217423
113.32112695271,22.986578526872
113.3211069205,22.986668855217
113.32108688829,22.986749202477
113.321085451,22.986749285653
113.321085451,22.986749285653
113.32090399329,22.987602244535
113.32081335426,22.988013708953
113.32068256098,22.988475908325
113.32062228468,22.988656895083
113.32058213042,22.988797542251
113.32055203719,22.988858092849
113.32050182191,22.989018951035
113.32043148459,22.989180141722
113.32039133033,22.989260820167
113.32032099301,22.989412029738
113.32023062348,22.989593597441
113.32010000985,22.989815836638
113.31988908772,22.990129482719
113.3195776452,22.990594835334
113.31952751975,22.990675679268
113.31935675188,22.99090864593
113.31922613826,22.991120902243
113.31904530936,22.99140402103
113.31864331764,22.992040952935
113.31857307015,22.992142173095
113.31848270062,22.992263770261
113.3183421158,22.992466210166
113.31826189712,22.992457726659
113.31825983102,22.992457393973
113.31825983102,22.992457393973
113.31782828505,22.992415059603
113.31770791211,22.992407241466
113.31752735271,22.992400504561
113.31716614406,22.992376966975
113.31607236727,22.992296456757
113.31549035513,22.992336795044
113.31527979232,22.992270590345
113.31465753609,22.992361580212
113.31411558838,22.992491078482
113.31354354743,22.992641119993
113.31281079963,22.992873833711
113.31267030465,22.992926231669
113.31226885191,22.993053151082
113.31171684318,22.993232634553
113.31130541925,22.993369700545
113.31094412078,22.993495870997
113.3105828223,22.993611977649
113.30990037961,22.993883364079
113.30765219041,22.994809883006
113.30699993078,22.995060141818
113.30679933916,22.995143228637
113.30635791183,22.995340008627
113.30339817484,22.996602853523
113.30285658644,22.996840217793
113.30130206876,22.997510224822
113.30028931913,22.997942450759
113.29950743401,22.998171412672
113.29870560651,22.998330180436
113.2982948114,22.998364445639
113.29792408072,22.998388231672
113.29737306012,22.998353716972
113.29667193267,22.998270382646
113.29614112395,22.998165175066
113.29548024058,22.998020795199
113.29472934701,22.99783674391
113.29428890781,22.997730038957
113.29407870433,22.997691615173
113.29332790058,22.997556715999
113.29251717986,22.997391626504
113.29246723407,22.99738197895
113.2922670916,22.99739304037
113.29212704578,22.997363848201
113.29167672522,22.997266208252
113.29167295234,22.997264960723
113.29167295234,22.997264960723
113.29141280306,22.997216140721
113.29128281826,22.997196845588
113.28974195482,22.996902760796
113.28894174427,22.996755052806
113.28856176104,22.996675959102
113.28832182364,22.996626473532
113.28822193206,22.996606762468
113.28787204207,22.996507375414
113.28754209445,22.996417885418
113.28747220629,22.996388027683
113.2873123079,22.996328229023
113.28707246033,22.996188504651
113.28698253995,22.996138686223
113.28583324788,22.99547890219
113.28541364938,22.995228727333
113.28536379342,22.995198786162
113.28529390525,22.99515878142
113.28502423394,22.994978552007
113.28474459144,22.994798239181
113.2837156723,22.994166310666
113.28349603661,22.994015855016
113.28315647712,22.993814997706
113.28305667538,22.993744801539
113.28297690585,22.993694649516
113.28287710411,22.993634433795
113.28253763446,22.993393404298
113.28052084876,22.992094598798
113.28051851317,22.992092519501
113.28051851317,22.992092519501
113.28038861819,22.992121795994
113.28024884185,22.992131028069
113.2801290079,22.992170368344
113.28004914854,22.992219855565
113.27999929258,22.992239567277
113.2799393756,22.992289220816
113.27991943322,22.992319079468
113.27988951965,22.992358918718
113.27981963148,22.992458475204
113.27935969906,22.9930855047
113.27899983787,22.99354302894
113.27895995311,22.993592765166
113.27881002592,22.99385167602
113.27875010894,22.993951231392
113.27873016656,22.993991070155
113.27868022077,22.994070664474
113.2786503072,22.994130464145
113.27860036141,22.994220122016
113.27857044784,22.99427992162
113.27841045963,22.994598713773
113.27840057826,22.994628655079
113.27837066469,22.994708415358
113.2782607121,22.994917588335
113.27823079852,22.994987368034
113.27810081372,22.995276383683
113.27807090014,22.995356143575
113.27803101538,22.99543582025
113.27799113061,22.995515496877
113.27790121023,22.995674766818
113.27786132547,22.995764423652
113.2777514627,22.995943570801
113.27770151692,22.996033144284
113.27758168296,22.996182183783
113.27757862872,22.996182017444
113.27749257106,22.996117228531
