113.25488222138,23.109711397661
113.25488204172,23.109710483579
113.25488204172,23.109710483579
113.25530029276,23.109907925256
113.25537000127,23.109939170208
113.25566877768,23.110074454119
113.25594761171,23.110199433728
113.25616670843,23.110293334553
113.25649539841,23.110439171543
113.2569037681,23.110626391103
113.2569734766,23.110637609311
113.25700339018,23.110648162735
113.25704318511,23.110668854092
113.25718269196,23.110681318763
113.25728231404,23.110723116951
113.25738193612,23.110754860298
113.25744167344,23.110765912299
113.25758109045,23.110828401793
113.25816867208,23.111128799678
113.25824835178,23.111160210538
113.26051935794,23.11207012508
113.26065877496,23.112122559235
113.26081813435,23.112185297381
113.26114682434,23.112320994486
113.26137589225,23.112414976907
113.26172452461,23.112550923068
113.26199347728,23.112665513275
113.26287013363,23.113010363554
113.26332835927,23.113197994969
113.26339806778,23.11322915605
113.26367699164,23.113343745672
113.26382637985,23.113416205483
113.26418507324,23.113562122138
113.26458356156,23.113738617924
113.2650817618,23.11393663528
113.26556999084,23.114164400576
113.26566961292,23.114216002948
113.26712441869,23.114898382179
113.26756288161,23.115104956594
113.26797152079,23.115291006243
113.26845983966,23.11552807583
113.26920731968,23.115878652195
113.26930703159,23.115930004617
113.2694067435,23.11597138568
113.27011442858,23.11631099243
113.27069266784,23.116578638831
113.27092200524,23.116681592394
113.27096189,23.116702116622
113.27105163072,23.116743248162
113.27109151549,23.11676377238
113.27236782795,23.117319503854
113.27281662139,23.117504802557
113.27318564529,23.117668995272
113.27346492847,23.117792139675
113.273544698,23.117823050398
113.27373424046,23.117905146584
113.27382398118,23.117946111565
113.27387383714,23.117966635597
113.27390375071,23.117976939159
113.27399349143,23.118007932932
113.27474160026,23.118305738683
113.27518060217,23.118430128889
113.27581920755,23.118566235074
113.27581929738,23.118566318167
113.27581929738,23.118566318167
113.27608995683,23.117229014842
113.27608995683,23.117229014842
113.27608995683,23.117229014842
113.27602006866,23.117228433186
113.27586043978,23.117206995008
113.2756808685,23.117195361887
113.27562104136,23.117184892078
113.27545144128,23.1171633708
113.27499249699,23.117118915639
113.27480295453,23.117097061975
113.27474312738,23.117096563412
113.27452367135,23.117114262387
113.27437401365,23.11716270605
113.27421438476,23.11728103149
113.27421366611,23.117280449834
113.27421366611,23.117280449834
113.27417369152,23.117369941688
113.27393384395,23.117897252723
113.27390393038,23.117976939159
113.27388407782,23.118006686534
113.27387419646,23.118036600088
113.27351442511,23.118872515025
113.27313471137,23.119728117534
113.27312483001,23.119747976553
113.27310497745,23.119777723531
113.27309509609,23.119807636686
113.27307524354,23.119837383651
113.27305530116,23.119887155791
113.27286557904,23.120234895518
113.2726158501,23.12073186677
113.27251604836,23.120910679578
113.27229632284,23.121357959819
113.27223649569,23.121487249535
113.27226640926,23.121527631773
113.27227629062,23.121617702399
113.27225634824,23.121697469692
113.27219652109,23.121756713494
113.27219481431,23.121756713494
113.27219481431,23.121756713494
113.27305233675,23.122336769575
113.2735608675,23.1228324866
113.27377026252,23.123054752683
113.27385003204,23.123175648658
113.27386000324,23.123195756432
113.27387985579,23.123295962893
113.27389961851,23.123536175588
113.27392953208,23.123636464883
113.27400930161,23.12370734037
113.2741689305,23.123809042058
113.27424870003,23.123859892873
113.2745379544,23.124042939026
113.27511655298,23.124388756808
113.27534607004,23.124491039598
113.27543590059,23.124531919456
113.27559552948,23.124583434707
113.27601467883,23.124737398715
113.27627410946,23.124919778947
113.27627401963,23.124919612769
113.27627401963,23.124919612769
113.27784075427,23.125872721966
113.27790067125,23.125913185957
113.2782101375,23.126025521243
113.278419802,23.126057094753
113.27874930046,23.126099469716
113.27975791789,23.126216042336
113.27990775525,23.126236980529
113.28009747737,23.126278109113
113.28014742316,23.126278358377
113.28018739775,23.126288578205
113.28056693183,23.12638063971
113.28081666076,23.126441958619
113.28090658115,23.126452427698
113.28112630667,23.126483502579
113.28126617284,23.126504191466
113.2813760356,23.126514743628
113.28173571713,23.126546317022
113.28189552568,23.126576976442
113.28209530883,23.126617772569
113.28220517159,23.126668206868
113.28225511738,23.126698367733
113.28231503435,23.126728611679
113.28252487852,23.126779378287
113.28257482431,23.126789514988
113.283424262,23.126802227408
113.28346423659,23.126802310496
113.28357418919,23.126822583895
113.28362413497,23.126832720593
113.28378403335,23.126893125329
113.2840837979,23.127003798034
113.2841537759,23.127023905227
113.28413383352,23.127063870341
113.28413383352,23.127063870341
113.28413383352,23.127063870341
113.28410374028,23.1271838487
113.28407373688,23.127443746047
113.28406376569,23.127563724062
113.28404382331,23.12773363734
113.28399378769,23.128133451978
113.2839838165,23.1282834237
113.28396387412,23.128443365655
113.28395399276,23.128483330342
113.28390386731,23.128973208351
113.28390305883,23.128973208351
113.28390305883,23.128973208351
113.28445282181,23.12897437156
113.28451282861,23.12901450226
113.28451282861,23.129014419173
113.28451282861,23.129014419173
113.28460265916,23.129334550385
113.28464263376,23.129474633511
113.2847424355,23.129964757116
113.28477234908,23.130104756491
113.28487215082,23.130714852932
113.28492200677,23.13105492045
113.28494194916,23.131204971953
113.28502171869,23.131865080232
113.28512152043,23.132585171948
113.28521135098,23.133275266557
113.28521144081,23.133275266557
113.28521144081,23.133275266557
113.28590124961,23.133335751442
113.28597122761,23.133335751442
113.28606123782,23.133345804559
113.28612124463,23.133345804559
113.28618125144,23.133355857675
113.28631123624,23.133355857675
113.28648119565,23.133355857675
113.28719121632,23.133355691508
113.28738120794,23.133355608425
113.28792135904,23.133335086773
113.28859158478,23.133334006686
113.28877169504,23.133333674352
113.28883170184,23.133333591268
113.28886170525,23.133443510846
113.28886179508,23.133443095428
113.28886179508,23.133443095428
113.28903184431,23.1341227171
113.28905187652,23.13421269609
113.28906184771,23.134232636024
113.28924186814,23.134962186298
113.28943194958,23.135711672269
113.28946195299,23.135831559721
113.28956202422,23.136531274901
113.28960208865,23.136781184154
113.28963209205,23.137171084849
113.28965212427,23.137391000631
113.28965203443,23.137391000631
113.28965203443,23.137391000631
113.2898921515,23.137380200091
113.28996221933,23.137370064199
113.29063271456,23.137337745653
113.2907228146,23.137327443595
113.29087292145,23.137316892294
113.29145340647,23.13713444603
113.29159354213,23.137143751128
113.29164357775,23.137133615218
113.29172361677,23.137123313144
113.29180365579,23.13710304132
113.29193382026,23.137082437168
113.2919939169,23.137072218171
113.29230428145,23.137040647284
113.29249445273,23.137049620063
113.29278478507,23.137048041519
113.2927848749,23.137047127625
113.2927848749,23.137047127625
113.29299507839,23.137125888663
113.29315524626,23.137184876329
113.29322531409,23.137214453234
113.29329538192,23.137233977311
113.2937760652,23.137420909814
113.29471748937,23.137784222766
113.29509810142,23.137891313908
113.29563897117,23.137986939828
113.29624002738,23.138061878597
113.29646047155,23.138089959855
113.29674101236,23.138117459542
113.29675107339,23.138127346135
113.29682123105,23.138136734244
113.29706170743,23.138184505584
113.2971518973,23.138203697195
113.29727209058,23.138242578893
113.29749253475,23.138310455676
113.29776310437,23.138407825983
113.29795354514,23.138525883229
113.29795336548,23.138525800149
113.29795336548,23.138525800149
113.29802352314,23.138565097154
113.29818387067,23.138723448182
113.29829409276,23.138832283249
113.2983541894,23.138871663243
113.29952701707,23.140269063915
113.29979767652,23.140595980436
113.29990798844,23.1407347224
113.29999817831,23.140793708461
113.30001821052,23.140793542303
113.30005827495,23.140803096381
113.30009833938,23.140812650458
113.3001384038,23.140822204534
113.30017846823,23.14084172808
113.30019850044,23.140841561922
113.30023856487,23.140881107477
113.30028869031,23.140920486863
113.30028904964,23.140920403784
113.30028904964,23.140920403784
113.30045945819,23.140908357349
113.30150203157,23.140745688825
113.3020434403,23.14064881871
113.30212365898,23.140637852277
113.30305618993,23.140525529371
113.30337706466,23.140431234549
113.30337706466,23.140430819153
113.30338173584,23.140429323728
