113.27085409334,23.120995682051
113.27084879334,23.12099991971
113.27084879334,23.12099991971
113.27085876453,23.121000085892
113.27085876453,23.121000085892
113.27085876453,23.121000085892
113.27117793248,23.121084174304
113.27133747153,23.121186210367
113.27150698178,23.121278358504
113.2715967225,23.12133951359
113.27159663267,23.121339430498
113.27159663267,23.121339430498
113.27161657506,23.121349733798
113.27189576841,23.121473207149
113.27193565317,23.121433821988
113.27197553794,23.121404407746
113.27200545151,23.12139485227
113.27203536508,23.121385296794
113.27203545492,23.121384881338
113.27203545492,23.121384881338
113.27205548713,23.121345080695
113.27215528887,23.121266393376
113.27225509061,23.121177735062
113.27244481274,23.12088010194
113.27253473312,23.12070128909
113.27281446545,23.120174737026
113.27286441124,23.120065388095
113.27295433162,23.119906516235
113.272974274,23.11986679824
113.27300427741,23.119817275368
113.2730142486,23.119777474255
113.27303419098,23.119747810369
113.27305413336,23.119718146477
113.27306410455,23.119698370545
113.27343393693,23.118832796721
113.27378382693,23.118046903645
113.27379379812,23.118007102
113.2738137405,23.117987408906
113.27382371169,23.117947607244
113.2738537151,23.117888029368
113.27414359829,23.117251367046
113.27424357969,23.117032581181
113.27438353569,23.116714165256
113.2744335713,23.116584787795
113.2744735459,23.116515321103
113.27473351551,23.115958173655
113.27498351394,23.115420883535
113.27509355636,23.115152154564
113.27534355478,23.114584780664
113.27541353278,23.114425569861
113.27561358542,23.11390771795
113.27576369227,23.113529299214
113.27602393138,23.112801957758
113.27608402802,23.112612663851
113.27614412466,23.112443312885
113.27631426372,23.111995005431
113.27686438601,23.110870116837
113.27698439963,23.110631293876
113.27710450308,23.110342445489
113.27717439124,23.110373025555
113.27717457091,23.110369784733
113.27717457091,23.110369784733
113.27769388132,23.110184060577
113.27798349502,23.110086420257
113.27830311212,23.109958947595
113.27899238193,23.109703918804
113.27983166877,23.109349420492
113.27989158575,23.109329892311
113.28002148073,23.109290752842
113.28005148413,23.109221033036
113.28008148753,23.109191283692
113.28012146213,23.10916161744
113.2804612911,23.108943649228
113.28059127591,23.108854484088
113.28110115412,23.108497241235
113.2812910559,23.108388298178
113.28158093909,23.108199745872
113.28162091369,23.108169996299
113.28162100352,23.108168749809
113.28162100352,23.108168749809
113.28167103913,23.108098946314
113.28172107475,23.108049252852
113.28216097496,23.107771201799
113.28222098177,23.107731563272
113.28258093278,23.107523066087
113.28306080759,23.107324789863
113.28311075337,23.107305012085
113.28322070597,23.107255401425
113.28364057396,23.107176705751
113.28367057737,23.107176788851
113.28374055537,23.107167066151
113.28377055877,23.107167149251
113.28381053337,23.107177204351
113.28384053677,23.107167398551
113.28476040161,23.106969371097
113.28515035603,23.106880038431
113.28603042594,23.106680847144
113.2864504736,23.106591015681
113.28650050922,23.106591015681
113.28705072134,23.106440936339
113.28740088083,23.106320773024
113.28778122338,23.106110528509
113.28790132683,23.106030502545
113.28819165917,23.105810202369
113.28899267819,23.105128856733
113.28899258836,23.105127028504
113.28899258836,23.105127028504
113.28907271721,23.105046918846
113.28916281725,23.10496680914
113.28924294611,23.104906726829
113.28935307836,23.104806506481
113.289413175,23.104746424097
113.28947327164,23.104686341686
113.28957352253,23.104516149591
113.289633709,23.104366067904
113.28966380224,23.104266096454
113.28967395309,23.10416620803
113.28966416156,23.104056347297
113.28967440224,23.103806459499
113.28967512089,23.103136654832
113.28968563106,23.102626819858
113.28969596157,23.102266984053
113.28976647856,23.101796952258
113.2899371566,23.10118663975
113.2900374075,23.101026415632
113.29003731767,23.101024919762
113.29003731767,23.101024919762
113.29012759737,23.100774693843
113.29013765839,23.100734720811
113.29017781265,23.100634663523
113.29021796691,23.100504605556
113.29021796691,23.100504439348
113.29021796691,23.100504439348
113.29023799912,23.100444355017
113.29032827882,23.100194128004
113.29033833984,23.100164210428
113.29035837206,23.100104209048
113.29036843308,23.100084263985
113.29038855512,23.100014290032
113.29041864836,23.099944316041
113.29042870938,23.099924370954
113.2906895773,23.099273577739
113.29074976377,23.099093489206
113.29100057067,23.098442691919
113.29167259302,23.096920024898
113.29171274727,23.096839910289
113.29267555112,23.094855313059
113.29269567316,23.094785253243
113.29308697504,23.093753217178
113.2931271293,23.093653071522
113.29317734458,23.093492838315
113.2931874056,23.093442890061
113.29320752764,23.093352883426
113.29324777173,23.093142784599
113.29325792258,23.092992856277
113.29325801241,23.092922961697
113.29330840735,23.092442840619
113.29335898195,23.091772729315
113.29341925825,23.09147245386
113.29350953795,23.091202014219
113.29356972442,23.091071697686
113.29376025502,23.090730613502
113.29389059915,23.090529818895
113.29426141967,23.090107367992
113.29465227239,23.089644690043
113.29495293525,23.089292548409
113.29500306069,23.089232292785
113.29517346925,23.089041053718
113.29525368793,23.088940488953
113.29530381338,23.088880150057
113.29530354389,23.088877158045
113.29530354389,23.088877158045
113.29560429657,23.08842486478
113.29577470513,23.088183591208
113.29581485938,23.088093331675
113.2958348916,23.088043215167
113.29599541879,23.087612029574
113.29619610024,23.087060495614
113.29620616126,23.087020518456
113.29630659182,23.086499816944
113.29636695795,23.085979445845
113.29639705118,23.085859264017
113.29642741391,23.085259101272
113.29644780545,23.084379090397
113.29646810715,23.08374908281
113.29649829022,23.083468903014
113.29650835124,23.08339892031
113.29652847328,23.083198862659
113.29652847328,23.083188971974
113.29657868856,23.082918598589
113.29660878179,23.082788440163
113.29664893605,23.082648141538
113.29667902928,23.082567935208
113.29670912252,23.082477754976
113.29672915473,23.082417662493
113.29677928018,23.082267306492
113.29684943784,23.08212675797
113.29684943784,23.082116867205
113.29685949886,23.082086862443
113.29695974976,23.081866023861
113.29704993963,23.081655241945
113.29731053806,23.081182893084
113.29763132296,23.0807299087
113.2976814484,23.08065950897
113.29841311824,23.079812215789
113.29852334033,23.079681140033
113.2993753831,23.078742078613
113.29968610698,23.07838866132
113.29977629685,23.078297730191
113.29986648672,23.078196824824
113.30000680204,23.078045300394
113.30041777682,23.07759055983
113.30104937542,23.076913059169
113.30127997044,23.076660294266
113.30233269467,23.075516903194
113.30249313203,23.075344845093
113.30254325748,23.075284250666
113.30261341514,23.075193400533
113.3026135948,23.075189577013
113.3026135948,23.075189577013
113.3026135948,23.07513953876
113.30276397115,23.074987595244
113.30297453396,23.07475485867
113.30310487809,23.074603164077
113.30342575281,23.074258879047
113.3038167852,23.073733555894
113.30392709712,23.073442050521
113.30398719376,23.073121285815
113.30398719376,23.072951385772
113.30405735142,23.072580497544
113.30406732261,23.072390398225
113.30406732261,23.072330467425
113.30406732261,23.072290568958
113.30409723618,23.071680204046
113.30411717857,23.071230013451
113.30415724299,23.071199507496
113.30427761593,23.071127855882
113.30432765155,23.070707172016
113.30433762274,23.070537102643
113.30434732444,23.069566971573
113.30434732444,23.069447024278
113.30434732444,23.06944544493
113.30434292274,23.069452427312
