113.28443647265,23.140927797803
113.2845219015,23.140934277953
113.2845219015,23.140934277953
113.28450204895,23.141064213214
113.2844821964,23.14123419227
113.2845422032,23.141454350547
113.28450240827,23.141864342439
113.28446261334,23.142234289456
113.28444276078,23.14244422749
113.28439290483,23.142684156264
113.28437305228,23.142764160118
113.28403340296,23.143153461672
113.28391356901,23.143263206953
113.28368387229,23.143462675622
113.28321441783,23.143901405944
113.28318450426,23.14392134442
113.28318351612,23.143921261343
113.28318351612,23.143921261343
113.28403331313,23.144453534484
113.28424324713,23.144583964754
113.2851331984,23.14511540447
113.2851331984,23.145115487546
113.2851331984,23.145115487546
113.28522320861,23.145145644215
113.28576318005,23.145336137833
113.28586316146,23.145396201834
113.28595317167,23.14546623493
113.28600320729,23.145526298872
113.28600320729,23.145526215796
113.28600320729,23.145526215796
113.28628329894,23.145686303101
113.28632327354,23.145706324385
113.28645334818,23.145776357317
113.286593394,23.145866328396
113.28672346864,23.145956299414
113.28683351107,23.146056239448
113.28711369256,23.146416122638
113.28711369256,23.146416205713
113.28711369256,23.146416205713
113.28736396047,23.146835985123
113.28750409613,23.14705588487
113.28785443528,23.147555497065
113.28795459634,23.147725384721
113.28818492188,23.148215108552
113.28821492528,23.148275088175
113.28829514396,23.148604975611
113.28837545248,23.148984872667
113.28843563894,23.149264831095
113.28844569997,23.14931484141
113.28848576439,23.149444768454
113.2885057966,23.149494695628
113.28857595426,23.149664580797
113.28859598648,23.149724559763
113.28862598988,23.149774486832
113.28858610512,23.149844600687
113.28858610512,23.149844600687
113.28858610512,23.149844600687
113.28857613393,23.149874673206
113.28854631018,23.150004765848
113.28851648644,23.150124806518
113.28845665929,23.150324929441
113.28842683555,23.15045502164
113.288406983,23.150555041354
113.28838722028,23.150725091309
113.28837742875,23.150935098963
113.288417583,23.151075076191
113.28844767624,23.151165043672
113.28850777288,23.151284917146
113.28861790513,23.151444748275
113.28876810181,23.15160449614
113.28907846637,23.151893836166
113.2891485342,23.151933627639
113.28917862743,23.151993522506
113.28992970067,23.152791508953
113.29002986173,23.15290116318
113.2907510214,23.153668657153
113.29104144357,23.153887465639
113.29134192676,23.154116159164
113.29158222348,23.154245084653
113.29187264565,23.154393697706
113.29226313906,23.154481669245
113.29261347821,23.154459821739
113.29292384276,23.154448108816
113.29299391059,23.154437808088
113.29337443281,23.154535498826
113.29362488038,23.154703882266
113.29385547541,23.155022373103
113.29394575511,23.155151796129
113.29409613145,23.15538081975
113.29412622469,23.155430578548
113.29434675869,23.155709111171
113.29438682312,23.15573885008
113.2943861943,23.155738683941
113.29454240963,23.155540562868
