113.27887596154,23.121560701991
113.27888198019,23.121560785082
113.27888198019,23.121560785082
113.27938125839,23.121654096232
113.27942123299,23.121664316416
113.27942114315,23.121664399507
113.27942114315,23.121664399507
113.27937101771,23.122003991686
113.27934110413,23.122033821249
113.2793410143,23.122033821249
113.2793410143,23.122033821249
113.27926088545,23.122403241962
113.27917078541,23.122822598866
113.27911068877,23.123222179038
113.27910071758,23.123302111546
113.2790807752,23.123401985568
113.27907080401,23.123471947193
113.27902067856,23.123861554664
113.27898025481,23.124791157288
113.27893021919,23.125130741463
113.27890021579,23.125320516042
113.27886024119,23.12559022148
113.2788202666,23.125879950647
113.27875037843,23.126099469716
113.278780292,23.126179649754
113.27877921404,23.126179566666
113.27877921404,23.126179566666
113.27873905978,23.126499206192
113.27867896314,23.127028724306
113.27867896314,23.127238686418
113.27870878689,23.12744889746
113.2787685242,23.127809246601
113.27874858182,23.127929058112
113.27855868003,23.128647675642
113.27853873765,23.128727521794
113.27824894429,23.129485351609
113.27794917975,23.130313052023
113.27791926617,23.130362820233
113.2778593492,23.130552338071
113.27776951864,23.130851611193
113.27773960507,23.130981390166
113.27749984733,23.131979404504
113.27749894902,23.131979570673
113.27749894902,23.131979570673
113.27788836446,23.132012555201
113.27820789173,23.132055011345
113.2782777799,23.132075533194
113.27865722415,23.132198248802
113.27936616686,23.132482978484
113.27943605503,23.132503417183
113.27957583136,23.132544294572
113.2797855857,23.132605610631
113.28034487071,23.132718854172
113.28041475888,23.132729239672
113.28177335613,23.132875882841
113.28286246173,23.132960046807
113.2831422839,23.132980900851
113.28355200104,23.133032080485
113.28362197904,23.133042299792
113.28377190623,23.133062655321
113.28389183002,23.13307295771
113.28399181142,23.133093147067
113.28513140179,23.133265130352
113.28521135098,23.133275183474
113.28521135098,23.133395156213
113.28513149162,23.133385186184
113.28513140179,23.1333851031
113.28513140179,23.1333851031
113.28489146439,23.133344807556
113.28436173363,23.133264050264
113.28407194027,23.133223505432
113.2838620961,23.1331930968
113.28375223334,23.133172907459
113.28353241798,23.133152385779
113.28333263484,23.133121894047
113.28313285169,23.13310137236
113.28286309055,23.133080601418
113.28246343442,23.133049278831
113.28209378171,23.133017956237
113.28209306306,23.133017208483
113.2820649461,23.133492031629
