113.27068341529,23.129105149406
113.27068467292,23.129116947655
113.27068467292,23.129116947655
113.27064469832,23.129526396099
113.27061478475,23.129715998218
113.27060481356,23.129905849323
113.27057489999,23.130145468448
113.27061460509,23.130755980127
113.27059466271,23.130905699628
113.27058478135,23.131015538134
113.2705649288,23.131125293463
113.27053492539,23.131624882622
113.27052504403,23.131664763265
113.27051516267,23.131724667293
113.27051426436,23.131724501123
113.27051426436,23.131724501123
113.27045443722,23.131723753362
113.27041464228,23.131723337939
113.26982634201,23.131705474743
113.26974666231,23.131704477728
113.2696769538,23.131703563797
113.26877963643,23.131651054296
113.26874981268,23.131650721957
113.26866016179,23.131629535364
113.26863033805,23.131619149779
113.26862961941,23.131618568186
113.26862961941,23.131618568186
113.26800152419,23.131579435291
113.26762279859,23.131543958113
113.26687522875,23.131512801333
113.26655633029,23.131498012246
113.26635708613,23.131485051021
113.2658189113,23.131456719111
113.26532062123,23.131418915525
113.26487218712,23.131391829873
113.26468291415,23.131388838819
113.26431424957,23.131362916348
113.26403523588,23.131368316863
113.26398546975,23.131367569099
113.26298897945,23.131361088481
113.26243095207,23.131361670075
113.26160388218,23.131367486014
113.26102600225,23.131377456196
113.26102456496,23.131376459178
113.26102456496,23.131376459178
113.26111412602,23.131988045288
113.2611340684,23.132118404739
113.26115392095,23.132298780799
113.26116389215,23.132398980384
113.26119371589,23.132759482242
113.26122353963,23.133119983121
113.2613031295,23.134071371722
113.26133295324,23.13435186015
113.26133295324,23.134811889798
113.26134292443,23.135062051539
113.26132307188,23.135061802292
113.26126333457,23.135060888384
113.2612534532,23.135060805301
113.26125318371,23.135060306806
113.26125318371,23.135060306806
113.26103399717,23.135056568092
113.26052591557,23.135067701151
113.25977870505,23.134984701679
113.25925068107,23.13520536883
113.25894184364,23.135339879236
113.25888210632,23.135378844857
113.25852350276,23.135512524265
113.25839405694,23.135600259092
113.2582745823,23.135668137228
113.25819499244,23.135726710132
113.25756734638,23.136145526417
113.25743790055,23.136223207927
113.25648147468,23.136696108716
113.25627234915,23.136802369923
113.25587386083,23.13698523205
113.25565476412,23.137101296614
113.25502711806,23.137410109277
113.25461874837,23.137602857198
113.25461722125,23.137602774117
113.25461722125,23.137602774117
113.25484646882,23.138136900405
113.25487638239,23.138207435821
113.25493620954,23.138358476195
113.25493620954,23.138358476195
113.25506188248,23.138319096048
