113.23823662028,23.108523085075
113.23824389656,23.108521423092
113.23824389656,23.108521423092
113.23922206143,23.108251932258
113.23939175134,23.108213872762
113.23939166151,23.108213706563
113.23939166151,23.108213706563
113.23953260564,23.107045490791
113.23956269888,23.106845967352
113.23963366501,23.105777045125
113.23963366501,23.105776878923
113.23963366501,23.105776878923
113.2392443394,23.105952554052
113.23916456987,23.105981639316
113.23916474954,23.105821753387
113.2392346377,23.105782612883
113.23923454787,23.105782446681
113.23923454787,23.105782446681
113.23947412595,23.105675163415
113.24023274496,23.10533395053
113.24079167064,23.105080741083
113.24113096063,23.104925009139
113.2415301676,23.104750080564
113.2417197999,23.104662574639
113.24213894925,23.104468116821
113.24221880861,23.104429225223
113.24228869678,23.104400222721
113.24237852733,23.104361497307
113.24274773089,23.104196540213
113.24291733097,23.104118923051
113.24309690224,23.10403141671
113.24395487384,23.103623468534
113.24401470098,23.103594382754
113.24417432987,23.10351676524
113.24493240989,23.103187845977
113.24557074579,23.102907457868
113.24599959684,23.102704022379
113.24605942398,23.102684991837
113.24630879359,23.102568897163
113.24630870376,23.102567318208
113.24630870376,23.102567318208
113.24638856312,23.102488536653
113.24643850891,23.102429367353
113.24646842248,23.102419893614
113.24673773447,23.102284186388
113.24683744639,23.102225848027
113.24709678719,23.102040029376
113.24718661774,23.101951524425
113.2474061636,23.101695150598
113.24749599415,23.101546727793
113.24778560785,23.100981539547
113.24783555364,23.100872424115
113.24789547061,23.10075350232
113.24806525036,23.100386348266
113.24808528257,23.100326762507
113.24815517074,23.100178005755
113.24818517414,23.100118586113
113.2483047386,23.100150498204
113.24846418783,23.100183075122
113.24853389634,23.100204183632
113.24853389634,23.100203020171
113.24853389634,23.100203020171
113.24895241688,23.1002898642
113.24899230164,23.100300501551
113.24899230164,23.100300501551
113.24899230164,23.100300501551
113.24940076116,23.100417263042
113.24976942574,23.100513414598
113.25010817675,23.100639068039
113.25025765478,23.100691589813
113.25056649222,23.100806771984
113.25111436875,23.101026083216
113.25120401964,23.10105757957
113.25124381457,23.101088244879
113.25134334682,23.101179908347
113.25194098948,23.101410188639
113.25210034887,23.101452986989
113.2534447529,23.102306374903
113.25369367336,23.102460697168
113.25591410492,23.103979893481
113.2562127915,23.104195210583
113.25639200345,23.104338395016
113.25650150689,23.104410361132
113.25718862077,23.104762545791
113.25733800898,23.104835176489
113.25767667016,23.104961158246
113.25767684982,23.104961241348
113.25767684982,23.104961241348
113.25770667356,23.104991739552
113.25797562623,23.105096530331
113.2580852195,23.105138496481
113.25827449247,23.105201819635
113.25844382306,23.105234810821
113.25860318246,23.105257663652
113.25873271811,23.105259990486
113.25873271811,23.105259907384
113.25873271811,23.105259907384
113.25879254526,23.105221016019
113.25892217075,23.105143399456
113.25898199789,23.105124535466
113.25913156576,23.105047251252
113.25915150814,23.105027722438
113.25915141831,23.105027390032
113.25915141831,23.105027390032
113.25917145052,23.104967723255
113.25935111163,23.10470105066
113.25948082694,23.104543490035
113.25958062868,23.10438534751
113.25979011353,23.104129144586
113.2597900237,23.104128812178
113.2597900237,23.104128812178
113.26004945433,23.103783440213
113.26008933909,23.103744216006
113.26012922386,23.103685047266
113.26026891037,23.103517596262
113.26029882394,23.103468233495
113.26045845283,23.103251170062
113.26057819695,23.103093358409
113.26070791227,23.102935712773
113.26075785805,23.102856682128
113.2608176852,23.102777817641
113.26094740052,23.102610199288
113.26156606352,23.101751162297
113.26170575003,23.101563680911
113.2618853213,23.1013269188
113.26188550096,23.101325755348
113.26188550096,23.101325755348
113.26204512985,23.101118577765
113.26209498581,23.101049518499
113.26234444525,23.100703889213
113.26244424699,23.100595687698
113.26250416397,23.100496793764
113.26275362341,23.100161135566
113.2630529388,23.099776361693
113.26348205934,23.099223714764
113.26374148997,23.098918137422
113.26395088499,23.09877170604
113.26400074094,23.098702645553
113.26425020038,23.098376872376
113.26431011736,23.098297922124
113.26434003094,23.098258530086
113.26442986149,23.098140104584
113.26463943616,23.097873667595
113.26501870075,23.097369962271
113.26546776367,23.096807332551
113.26557753661,23.096649180813
113.26561742137,23.096609871393
113.26573716549,23.096441912828
113.26588691302,23.096234395199
113.2659168266,23.096194919442
113.2660964877,23.095957898439
113.26623617421,23.095780215516
113.26704455933,23.094702893436
113.26709441529,23.094643720667
113.26760339519,23.093991571847
113.2681024039,23.093359116575
113.26852155325,23.092825391793
113.26852173291,23.092823064742
113.26852173291,23.092823064742
113.26963967412,23.091368982089
113.26968961991,23.091299751534
113.26985930982,23.091072196346
113.26998911496,23.090884035005
113.27004903194,23.090804914079
113.27009897773,23.09073568323
113.27018880828,23.09061700169
113.27031852359,23.090468815837
113.2705281881,23.090181752027
113.2705681627,23.090122411024
113.27056807286,23.090121663028
113.27056807286,23.090121663028
113.27058801525,23.090091909405
113.27066787461,23.089993090761
113.27071782039,23.089923859489
113.27072779158,23.089904079119
113.27073776278,23.089894272043
113.27075770516,23.08986460148
113.27076767635,23.089844821101
113.27081762214,23.089795536363
113.27083756452,23.089765865778
113.2708575069,23.089726221877
113.27087744928,23.089696551277
113.27096727983,23.08958784213
113.27097725102,23.08956806171
113.27101722562,23.089508637321
113.27171601748,23.088557677258
113.27185579381,23.088369512356
113.27304380285,23.08674400252
113.27351298782,23.086149495465
113.27409203555,23.085386015847
113.27434167465,23.085078827513
113.27438164925,23.085019318002
113.27469120532,23.084632671763
113.27483098166,23.084454225667
113.27501073259,23.084266138069
113.27542009041,23.083920298887
113.27579944483,23.083594073889
113.27618886027,23.08329776947
113.27641846716,23.083119903387
113.27737704897,23.082338204064
113.27753685752,23.082209624266
113.27785638479,23.081942241057
113.27790633057,23.081892704041
113.27821588665,23.08163512788
113.27836572401,23.081506298054
113.27858544954,23.081328013993
113.27915479557,23.080882011886
113.27921471255,23.080842531567
113.27935457872,23.080733565828
113.27949444488,23.080614542889
113.27953441948,23.080584870255
113.27959433646,23.080535332732
113.27974417382,23.080416309616
113.28024363168,23.080029400636
113.28120275247,23.079254581888
113.28144251021,23.079055764764
113.28165235438,23.078896760721
113.28172233238,23.078847139452
113.28177227816,23.078807409176
113.28183219514,23.078767762006
113.28194214774,23.078688301395
113.28201212574,23.078648654189
113.28221199871,23.078539520416
113.28253179547,23.078410853826
113.28343126878,23.078023855891
113.28343117895,23.078019616861
113.28343117895,23.078019616861
113.28355110274,23.077959937954
113.28396090971,23.077791041513
113.2851105611,23.077303218847
113.28596044794,23.076944062526
113.28636046339,23.076774250485
113.2864504736,23.076824288123
113.28645038377,23.076823872528
113.28645038377,23.076823872528
113.28656033636,23.077053862559
113.2869303484,23.077563795669
113.28721035023,23.077843655437
113.28733036385,23.077953537846
113.28741040287,23.0780234403
113.28751038427,23.078093342717
113.28861062886,23.078651646432
113.28873064247,23.078711408146
113.28893069511,23.078810983239
113.28901073413,23.078850796631
113.29047155855,23.079576329205
113.29081183668,23.079734999966
113.29114205378,23.079893587421
113.29137219966,23.080012527888
113.29163243876,23.080141276045
113.29191271008,23.080269940959
113.29248322391,23.080556943063
113.29254332055,23.080576641708
113.29282359187,23.080715030838
113.29315398863,23.080883092399
113.29325405987,23.080922489589
113.2932541497,23.080922406473
113.2932541497,23.080922406473
113.29338431417,23.080991642434
113.29521676758,23.081848569536
113.29564741524,23.08201513358
113.29596793064,23.082162414587
113.29630847826,23.082309446085
113.29632851047,23.08231925372
113.29642867154,23.082358401138
113.29651886141,23.082397631659
113.2966290835,23.082446669795
113.29670921235,23.082475926436
113.29676930899,23.08249537545
113.29682940563,23.082514824462
113.29686947005,23.082524465851
113.29692956669,23.082553888706
113.29738042623,23.082699589926
113.29752065172,23.082748212373
113.29777109929,23.082835732735
113.29798148244,23.082903637857
113.2985726573,23.083087571629
113.2992139576,23.083280647792
113.29984537654,23.083413548526
113.30027638353,23.083508548782
113.30055701417,23.083555259294
113.30114845852,23.083648098466
113.30137905354,23.08368525074
113.30150939767,23.083713592848
113.3017399927,23.08373071447
113.30204074538,23.083756895587
113.30211090304,23.083765955083
113.30235155909,23.083782827355
113.30366515123,23.083915062671
113.30439727022,23.083934760818
113.30453767537,23.083932849183
113.30478839244,23.083939249003
113.30503910951,23.083955622565
113.30513945024,23.083954209618
113.30565103522,23.083946729311
113.3064233983,23.083935093276
113.30759712428,23.083926864936
113.30823923306,23.083916724962
113.30831954157,23.083915478244
113.31000521186,23.08388788421
113.31034638829,23.083882232419
113.3106775037,23.083886637491
113.31131970231,23.083875832597
113.31426012574,23.083834773991
113.31449099025,23.08383078449
113.31454120553,23.083829953344
113.31614701646,23.083801611261
113.31673917945,23.083791221933
113.31706032367,23.083795543893
113.31740158993,23.08378955964
113.31740114078,23.083787980462
113.31740114078,23.083787980462
113.3197596419,23.083756480014
113.32024131331,23.083758059192
113.3205323643,23.083762962956
113.3207732,23.083768780981
113.32104412895,23.083764209676
113.32117456291,23.083762048695
113.32126484261,23.083770526389
113.32129493584,23.083770110816
113.32156586479,23.08376553951
113.32390388454,23.083736366267
113.32464633404,23.08372431464
113.32478682902,23.083722153659
113.32538878354,23.083712595471
113.32549909546,23.083710933178
113.32580002781,23.083706278756
113.32601068045,23.083703037283
113.32614111441,23.083701125645
113.3272445929,23.083674362714
113.32763580495,23.0836686278
113.32852845113,23.08366563567
113.32907003952,23.083657989117
113.32948119395,23.083652337317
113.32978203647,23.083648264696
113.33228857833,23.083636046832
113.33236879701,23.08363513257
113.33268958191,23.083631392407
113.33282989723,23.083629813227
113.33306040243,23.083627236671
113.33314062111,23.083626405523
113.3334713772,23.083612691592
113.33357162809,23.0836116111
113.33375200784,23.083619590115
113.33474418627,23.083589087004
113.3355558053,23.083571051101
113.33583634611,23.083568474543
113.33583652577,23.083566064215
113.33583652577,23.083566064215
113.33615713101,23.083563072083
113.33791017421,23.083558251426
113.33819062519,23.083556173557
113.33832078966,23.083555259294
113.33842095072,23.083554594376
113.33863124404,23.083563072083
113.33881153396,23.083561908476
113.33883156617,23.083561825361
113.33898176285,23.083560827984
113.33955254618,23.083557087819
113.33994303958,23.083554760606
113.34001310741,23.083554428147
113.34086407222,23.083559664377
113.34133451481,23.083567310936
113.34186496422,23.083594905036
113.34250545605,23.083682258611
113.34267559511,23.083701624334
113.34269562732,23.083701624334
113.342915802,23.083730880699
113.34294580541,23.083740771344
113.34330602592,23.083819647132
113.34398631268,23.083977814142
113.344546496,23.084106558457
113.34470657404,23.084136230306
113.34512671152,23.084215604546
113.34512671152,23.084214607173
113.34512599288,23.084222669266
