113.23820068806,23.12072148033
113.23820293383,23.120708850419
113.23820293383,23.120708850419
113.23858192892,23.120992773854
113.23858192892,23.120992773854
113.23858192892,23.120992773854
113.23889157483,23.12055612811
113.2389214884,23.120576485555
113.23895140198,23.120596842997
113.23899128674,23.120607312538
113.23901122912,23.120617532803
113.23901131895,23.12061736662
113.23901131895,23.12061736662
113.23910114951,23.12050835042
113.23912118172,23.120458661604
113.2391411241,23.120418943774
113.23936084963,23.120101449987
113.2394307378,23.120032317504
113.23976023626,23.119696127056
113.23976032609,23.119695794688
113.23976032609,23.119695794688
113.23979023966,23.119666130784
113.24045902811,23.119164086899
113.24098804023,23.118760589145
113.24105783857,23.118741560906
113.2413472726,23.118505244896
113.24172653719,23.118190156229
113.24191616948,23.118042665892
113.24191625931,23.118042250426
113.24191625931,23.118042250426
113.24200608986,23.117953423771
113.24218575096,23.117815821278
113.24226561032,23.117746936885
113.24233549849,23.117687940572
113.24246521381,23.117589724118
113.24306402426,23.117097892913
113.24344328885,23.116763190722
113.24351317702,23.116704277067
113.24377260765,23.116498037519
113.24388238058,23.116419679701
113.24397221113,23.116341072555
113.2439721213,23.116340241613
113.2439721213,23.116340241613
113.2439721213,23.116270276227
113.24399206368,23.116220668919
113.24400203487,23.116210863787
113.24407192304,23.116111981484
113.24417172479,23.116003460149
113.24441121303,23.115777027523
113.2444510978,23.115737723765
113.24445127746,23.115737225197
113.24445127746,23.115737225197
113.24445127746,23.115667176399
113.24453113682,23.115588402618
113.24476065388,23.115371857573
113.24490034038,23.115243974512
113.24529945752,23.114859992209
113.24561880513,23.114534923439
113.24595800529,23.114250155231
113.24606777822,23.114171962278
113.24616749014,23.114123600619
113.24624725967,23.114114875576
113.24624725967,23.114114210811
113.24624725967,23.114114210811
113.24626720205,23.114114460098
113.24633700039,23.114125511819
113.24639682753,23.114156423396
113.24671563616,23.114341311038
113.24671563616,23.114341394134
113.24671563616,23.114341394134
113.24692485151,23.114484567623
113.24700453121,23.114525782946
113.24700453121,23.114525866042
113.24700453121,23.114525866042
113.2470941821,23.114557276098
113.24712409567,23.114567746115
113.24723368895,23.114599488542
113.24727357371,23.114610124746
113.24884848293,23.114575640174
113.2499148614,23.114573479695
113.25119045522,23.114565253253
113.25151932487,23.114561015389
113.25236633714,23.114555780381
113.25258552368,23.114559602768
113.25343253595,23.11455453395
113.25480757219,23.11454896656
113.25554490135,23.114552124184
113.25554490135,23.114551376326
113.25554490135,23.114551376326
113.25559484714,23.114482324047
113.25562476071,23.11441293935
113.25564470309,23.114373385902
113.25567461667,23.114324027171
113.25571459126,23.114234865645
113.25574450484,23.114175452294
113.25583442522,23.113947188441
113.2558543676,23.113887608769
113.25601426598,23.113400666513
113.25615422198,23.112923361653
113.25623417117,23.112684874772
113.25626417457,23.112605517544
113.25629417798,23.112526160269
113.25636406615,23.112397526595
113.2564139221,23.112318501583
113.25649378146,23.112190033902
113.25666347137,23.111853241906
113.25684313247,23.111536558597
113.25720245468,23.110873191451
113.25724233944,23.110803971063
113.25725231063,23.110784276901
113.25728222421,23.110724945102
113.25781150581,23.109554673967
113.2578314482,23.109515119071
113.25783153803,23.109513124706
113.25783153803,23.109513124706
113.25787160245,23.10932382611
113.25831087385,23.108471895986
113.25833081623,23.108422368862
113.25848065359,23.108065207946
113.25851065699,23.107975876017
113.25862069942,23.10756802306
113.25878077746,23.106941033951
113.25881096052,23.106661734071
113.25882102155,23.106592012885
113.25883108257,23.106522291662
113.25887132665,23.106173186395
113.25888138768,23.106113437033
113.25891148091,23.105954049866
113.25893151312,23.105864467214
113.25895145551,23.105814939117
113.25900140129,23.105675911324
113.25900131146,23.105674581709
113.25900131146,23.105674581709
113.25901128265,23.105634776354
113.2590214335,23.105495083563
113.2590314047,23.105445389126
113.2590314047,23.105445222924
113.2590314047,23.105445222924
113.25908144031,23.105276112117
113.25911144372,23.10516675091
113.25915141831,23.105027556235
113.25917145052,23.104967972559
113.25935111163,23.104701299965
113.25948082694,23.10454373934
113.25958062868,23.104385596815
113.25979011353,23.104129393891
113.2597900237,23.104128812178
113.2597900237,23.104128812178
113.25979056268,23.103648897811
113.2597609186,23.103498482735
113.25974169486,23.102918344317
113.25965312194,23.101937064456
113.25963344905,23.101726813
113.25962383718,23.101466782183
113.25956463885,23.100965916018
113.25954496596,23.100825636587
113.25955511681,23.100645965679
113.25960533209,23.100257037995
113.25967548975,23.099828468285
113.25978553217,23.099350615999
113.25981553558,23.099221221615
113.25983556779,23.099111689212
113.2598556,23.099022101944
113.26011556962,23.098076944273
113.26018554761,23.097858293018
113.26024555442,23.09757947267
113.26029550021,23.097430463523
113.26035541719,23.097271647678
113.26046527995,23.096983684398
113.26061511731,23.096596408121
113.26074492246,23.096298802988
113.26081481062,23.096180126418
113.26081418181,23.09617821496
113.26081418181,23.09617821496
113.26002699669,23.096164419217
113.25982784236,23.096151039008
113.25979801862,23.096140567538
113.25933988281,23.096022555683
113.25928023532,23.095961555148
113.25927978617,23.095961305827
113.25927978617,23.095961305827
113.25955933884,23.0954162889
113.25965932025,23.094978229302
113.25965932025,23.094978229302
113.25965932025,23.094978146194
113.25965222363,23.09497723201
