113.25956239308,23.101135364729
113.25958386258,23.101125724691
113.25958386258,23.101125724691
113.25962338803,23.101466366665
113.25963308973,23.101726480587
113.25965285245,23.101936815146
113.2597415152,23.102918178112
113.25976082877,23.103498399633
113.25979056268,23.103648897811
113.25986018136,23.103750116258
113.25992988987,23.10378136266
113.26004945433,23.103783440213
113.26004945433,23.103783440213
113.26004945433,23.103783440213
113.26008942893,23.103744132904
113.26012931369,23.103684964163
113.2602690002,23.10351751316
113.26029891377,23.103468150392
113.26045854266,23.10325108696
113.26057828678,23.103093275306
113.2607080021,23.10293562967
113.26075794789,23.102856599025
113.26081777503,23.102777734538
113.26094749035,23.102610116185
113.26156615335,23.101751079193
113.26170583986,23.101563597807
113.26188541113,23.101326835696
113.26188550096,23.101325755348
113.26188550096,23.101325755348
113.26193535692,23.101296669064
113.26200515526,23.101257942745
113.26215472312,23.10119062873
113.26224446384,23.101162207247
113.26233420456,23.101143841314
113.26233411473,23.101143508899
113.26233411473,23.101143508899
113.26249356396,23.101136195767
113.26266298438,23.101159049304
113.26283231497,23.101231931284
113.26283231497,23.101231931284
113.26283231497,23.101231931284
113.26286222854,23.101262430345
113.26290211331,23.101283123164
113.26290202348,23.101283123164
113.26290202348,23.101283123164
113.26322074227,23.101488389109
113.26440587673,23.102387815862
113.26448555643,23.102459118212
113.26480427522,23.102654243794
113.26488395492,23.102705518229
113.26507322789,23.102818537983
113.26512299402,23.10284936909
113.26552148234,23.103075657564
113.26558121966,23.103116627121
113.26615909959,23.103405657434
113.26629860644,23.10348784564
113.26679680667,23.10369551814
113.26683669144,23.103716127478
113.2669562559,23.103767983218
113.26745454597,23.103935517007
113.26756413924,23.103977151115
113.26763393758,23.10399817592
113.26774353085,23.104039810008
113.26808237169,23.104144767743
113.26872025843,23.104353935047
113.269358235,23.104542908323
113.269966298,23.104751243985
113.27032517106,23.104876062402
113.27040494058,23.104897087064
113.27076390347,23.105001794817
113.27138211732,23.105199742104
113.27187070568,23.105345833994
113.27209007189,23.105418547474
113.27225958214,23.105460596623
113.27243906358,23.105512700984
113.27254874668,23.105533974848
113.2730174825,23.10566942945
113.27398504736,23.105940172038
113.27438407467,23.106044380364
113.27450381879,23.106085598308
113.27455367475,23.106106124174
113.27467341887,23.106147342098
113.2747531884,23.106168117257
113.27491281729,23.106229694808
113.2750525038,23.106281050963
113.27508241737,23.106291355432
113.27513227333,23.10632185333
113.27541155651,23.10644459276
113.27599015509,23.106700043313
113.27651889771,23.10693480144
113.27728721842,23.107311244578
113.27818534426,23.107738211243
113.27826520362,23.107778763864
113.2782951172,23.107788985117
113.27836500537,23.107829454623
113.27835503418,23.107869342419
113.2783251206,23.107929090992
113.27830517822,23.107958923718
113.27829529686,23.107988839538
113.27827535448,23.108028644187
113.27827517482,23.108028893485
113.27827517482,23.108028893485
113.27813503916,23.108337773832
113.27796498992,23.108696429797
113.27786500852,23.10889561806
113.27759497788,23.109473403601
113.27725487942,23.110200514003
113.27717493023,23.110369784733
113.276934903,23.110897622168
113.27640481291,23.11205275782
113.2762847993,23.112411569942
113.27622488232,23.112571032451
113.27620493994,23.112610835726
113.27617502636,23.112690525337
113.27617403823,23.112690608434
113.27617403823,23.112690608434
113.27615400602,23.112750437933
113.27611412125,23.112830044363
113.27584400078,23.113557385666
113.27567404138,23.113975690283
113.27543401415,23.114563258965
113.27542404296,23.114603144737
113.27517413437,23.115160630254
113.27505421058,23.115449385061
113.27494434782,23.115658202174
113.27473441382,23.116126024437
113.27469452905,23.116225571484
113.27461466969,23.116394751436
113.27454478153,23.116534017286
113.27452483914,23.116573819372
113.27421501357,23.117280449834
113.27417512881,23.117370024782
113.27393528124,23.117897335816
113.27390536766,23.117977022252
113.27388551511,23.118006769627
113.27387563375,23.118036683182
113.27351586239,23.118872598118
113.27313614866,23.119728200626
113.2731262673,23.119748059645
113.27310641474,23.119777806623
113.27309653338,23.119807719778
113.27307668083,23.119837466743
113.27305673845,23.119887238883
113.27286701633,23.12023497861
113.27261728739,23.120731949861
113.27251748565,23.12091076267
113.27229776012,23.12135804291
113.27223793298,23.121487332626
113.27226784655,23.121527714864
113.27227772791,23.12161778549
113.27225778553,23.121697552783
113.27219795838,23.121756796585
113.27211818885,23.121775824392
113.27206842273,23.121775325847
113.2720186566,23.121774827302
113.27201524304,23.121774578029
113.27201524304,23.121774578029
113.2719454447,23.121823684716
113.27185570398,23.121892566993
113.27160615471,23.122249441426
113.27129668846,23.122715495555
113.27111711719,23.122943162692
113.27086765775,23.123209881725
113.27070793903,23.123507758889
113.27066796444,23.123707174191
113.27072761192,23.124087890404
113.27083702553,23.124629216792
113.2709166154,23.125040174689
113.27093646795,23.125160404145
113.27098623408,23.125401028906
113.2709662917,23.125560725071
113.27096557305,23.125560891248
113.27096557305,23.125560891248
113.27111505109,23.125712776912
113.27119482062,23.125743768878
113.27193286843,23.125922990372
113.27226200756,23.126006992575
113.27263103147,23.126101380743
113.272710801,23.126112348378
113.27291031465,23.126164693896
113.27305997235,23.126196433549
113.27315968426,23.126227591578
113.27333925553,23.126269634133
113.27357865395,23.126342336149
113.27386799815,23.126405483011
113.27421716951,23.126489235644
113.27459634426,23.12658320803
113.27459643409,23.12658320803
113.27460002731,23.126579302901
