113.2781842663,23.134854594293
113.27818741037,23.134854760459
113.27818741037,23.134854760459
113.27837713249,23.134366233504
113.27843704947,23.13421676716
113.27846705287,23.134157030425
113.27848699525,23.134087240603
113.278656775,23.133758563281
113.27874669538,23.133579269292
113.27887659035,23.133340237957
113.27897648193,23.133161026487
113.27900648533,23.133111342411
113.27930616005,23.132583427182
113.27930616005,23.132582596341
113.27930616005,23.132582596341
113.27860718853,23.132307920068
113.27818794935,23.132174985188
113.27808823744,23.132154297185
113.27786869157,23.132112671917
113.27750936937,23.132089906795
113.27742959984,23.132079355077
113.27741971848,23.13197932142
113.27741908967,23.131978905997
113.27741908967,23.131978905997
113.27748906766,23.131689439407
113.27768894064,23.130841142461
113.27777886102,23.130531982156
113.27780886443,23.130482297095
113.27786887123,23.130292862243
113.27812866119,23.129594942033
113.27825855616,23.12924598055
113.27846849016,23.12869761065
113.27848852237,23.128627817955
113.2785985648,23.128228752588
113.27861859701,23.128158959646
113.27868857501,23.127909532665
113.27869863603,23.127789721137
113.27863898855,23.127439425507
113.278619136,23.127329417865
113.27859928344,23.127219410132
113.27864958855,23.126529948711
113.278699714,23.126170426975
113.27869935468,23.126169014477
113.27869935468,23.126169014477
113.27845968677,23.126167269627
113.2782401409,23.126125725568
113.27781102036,23.125952569789
113.27726215569,23.125618305379
113.27625434674,23.125009764181
113.27625398742,23.125009431825
113.27625398742,23.125009431825
113.2759845856,23.12480702728
113.27556552608,23.124653146441
113.27535604123,23.124591245082
113.27530627511,23.12456083447
113.27507693771,23.124448664122
113.27491739865,23.124357182901
113.2744885476,23.124092875768
113.27434895092,23.124011531216
113.27420935425,23.123920132783
113.27396007447,23.12376758035
113.27391030834,23.123717144948
113.27386054222,23.123666709527
113.27382074728,23.123556366397
113.27380107439,23.123306266041
113.27378131167,23.123196171881
113.27370163197,23.123105354517
113.27347238441,23.122872951518
113.2729839757,23.122377567007
113.27302386047,23.122358123833
113.27305377404,23.122338514476
113.27305233675,23.122336769575
113.27305233675,23.122336769575
113.27314225713,23.12221786701
113.27331194704,23.122129874057
113.27348163696,23.121981889555
113.2736514167,23.12171392169
113.2737213947,23.121524806678
113.27373145572,23.121455010209
113.27375166759,23.121075366627
113.2737319947,23.120815290619
113.27372220317,23.1206953065
113.2737125913,23.120325299389
113.27371232181,23.120324468471
113.27371232181,23.120324468471
113.27363255228,23.120263645285
113.27361269973,23.120223511938
113.27358287599,23.120153299325
113.2735232285,23.120032732964
113.27347346237,23.119952299934
113.27344363863,23.119922054443
113.27344327931,23.119921555891
113.27344327931,23.119921555891
113.27336341995,23.119880674612
113.27314405374,23.11979824728
113.27310425881,23.119777889715
113.2730345503,23.119747145632
113.27300472656,23.1197369253
113.27290510448,23.119705848839
113.27255611279,23.11956185006
113.27249637547,23.119531189019
113.27249574666,23.119530690466
113.27249574666,23.119530690466
113.27208692782,23.119365752223
113.27176793953,23.119231973447
113.27033226767,23.118643677603
113.27004328279,23.118519869247
113.26999351666,23.118489291058
113.26992380815,23.118458463583
113.26987404203,23.11842788538
113.26987350304,23.118427386822
113.26987350304,23.118427386822
113.26962422327,23.1183839292
113.26940494689,23.1183210278
113.26934520957,23.1183103088
113.26897645516,23.118215250343
113.26852793122,23.118098919972
113.26844825152,23.118077897401
113.26831871587,23.118056126988
113.26822906498,23.118034938224
113.26801984963,23.117961982376
113.2677807207,23.117888527927
113.26757150535,23.117825543198
113.26751176803,23.117804769864
113.26703342035,23.117677636988
113.26690397452,23.11764572911
113.26656522351,23.117560641398
113.26567841631,23.117186969421
113.26559882645,23.117155809269
113.26555903151,23.117155227612
113.26517051438,23.116989123103
113.26434362416,23.116655833237
113.26420420714,23.116573653184
113.26413458847,23.116542575982
113.26394540533,23.116439539216
113.26390561039,23.116418931854
113.2638559341,23.116388186992
113.26353739496,23.116103007288
113.26337821523,23.115920448747
113.26310953205,23.115606101795
113.26297020486,23.115493840781
113.26296759978,23.115491514127
113.26296759978,23.115491514127
113.26294774723,23.115461184524
113.26272874034,23.115277627961
113.26253964703,23.115144509824
113.26227078419,23.114970010191
113.2621414282,23.114897883609
113.26200210102,23.114825590797
113.26120530403,23.114462048762
113.26097632595,23.114358179426
113.26064754614,23.11438244331
113.26064673766,23.114381944737
113.26064673766,23.114381944737
113.26063658681,23.114601732116
113.26063658681,23.114711750312
113.26059679188,23.114741082943
113.26054702575,23.114770249376
113.2605271732,23.114799914375
113.26052672405,23.114799748185
113.26052672405,23.114799748185
113.26032747989,23.114786286757
113.26023791883,23.114774819615
113.25996896616,23.114760194852
113.25955053545,23.114772825329
113.25930152516,23.114768504376
113.25923190649,23.114767341043
113.2587138537,23.114738257704
113.25822571448,23.114729698892
113.25813615342,23.114728203177
113.25705019189,23.114728867939
113.25693080709,23.114666795759
113.25664200187,23.114611703558
113.25649261366,23.114589101623
113.25566572344,23.114604308072
113.25562592851,23.114613614751
113.25557616238,23.114622755238
113.25552639626,23.114631895725
113.25552495897,23.114630981676
113.25552495897,23.114630981676
113.25501678754,23.11463197882
113.25480766202,23.114638294065
113.2538710887,23.114641700973
113.25348257156,23.114644858595
113.25283498312,23.114653500509
113.25258597283,23.114649262647
113.25229707778,23.114654248366
113.25217760315,23.114652254079
113.2516893741,23.114663804327
113.25137056548,23.114658403132
113.2511912637,23.114655411701
113.2508425415,23.114659400276
113.25040416841,23.114652004793
113.24992591056,23.114653915985
113.2492582899,23.114652835746
113.24885971175,23.114656242654
113.24882988801,23.114655827177
113.24854090312,23.114671116714
113.24828183181,23.114676933386
113.24815229616,23.114684827439
113.2480327317,23.114692887683
113.24770386205,23.114707595548
113.24739493478,23.114712664361
113.24713586348,23.114718564125
113.24713397703,23.114717816268
113.24713397703,23.114717816268
113.24698440917,23.114705518166
113.24690472947,23.114694383398
113.24688487692,23.114694134112
113.24675534126,23.11470211126
113.24670557514,23.114711334836
113.2465560971,23.114739005561
113.24655573778,23.114738839371
113.24655573778,23.114738839371
113.24598720022,23.115130051291
113.24581768997,23.1152474645
113.24547857964,23.115502316449
113.24534895416,23.115590396892
113.24522929986,23.115688614826
113.24517944391,23.115767887115
113.24515959135,23.115787580538
113.24513964897,23.115877239588
113.24512976761,23.115917124966
113.24508988285,23.116056474411
113.24505987944,23.116306006773
113.2450000523,23.116425080825
113.24490034038,23.116513576126
113.2448007183,23.116572074396
113.24471106741,23.116610796248
113.24460147414,23.11661918875
113.24450185206,23.116627747441
113.24442217236,23.116626667218
113.24435246385,23.116595756216
113.24426290279,23.116544570241
113.24419319429,23.116493633528
113.24414351799,23.116413032164
113.24413363663,23.116382952055
113.24410390272,23.116322625628
113.24409402136,23.116292545499
113.24408414,23.116262465362
113.24407434847,23.116112396956
113.24407201287,23.116111732201
113.24407201287,23.116111732201
113.24417181462,23.116003127771
113.24441130286,23.115776695144
113.24445118763,23.115737391387
113.24445127746,23.115737225197
113.24445127746,23.115737225197
113.24445127746,23.115667176399
113.24453113682,23.115588402618
113.24453113682,23.115588402618
113.24453113682,23.115588402618
113.24445136729,23.115547187625
113.24445136729,23.115547187625
113.24445289441,23.115544777877
