113.29783919085,23.140620405678
113.29784350272,23.140616999437
113.29784350272,23.140616999437
113.29827433004,23.140382716306
113.29827441987,23.140382633227
113.29827441987,23.140382633227
113.29804382485,23.140064937994
113.29804382485,23.140064937994
113.29804382485,23.140064937994
113.29812404353,23.140024146004
113.29830433344,23.139792354212
113.29852477762,23.139510132619
113.29852477762,23.13950996646
113.29852477762,23.13950996646
113.29823408595,23.139122980443
113.29813392489,23.13899412332
113.29808388927,23.138914698751
113.29796369599,23.138676009358
113.29791366038,23.138636629305
113.29771333825,23.138518738318
113.29745291948,23.138411398441
113.29734278723,23.138382569528
113.29712243288,23.138314775862
113.29703233284,23.138295667347
113.29673184965,23.138228538281
113.29643136646,23.138171295772
113.29617094769,23.138133660262
113.29589058654,23.138106160578
113.29588941874,23.138104997449
113.29588941874,23.138104997449
113.29531845576,23.137999651174
113.29506809801,23.137961683293
113.2946875758,23.137834652818
113.29372629907,23.137461536443
113.29319567001,23.137265049665
113.2931356632,23.137235472772
113.29300558856,23.137186371791
113.2928054461,23.13711766362
113.29280490711,23.13711699897
113.29280490711,23.13711699897
113.29266468162,23.137117829782
113.29231434247,23.137119740651
113.29194406094,23.137151643844
113.2917839829,23.137182466974
113.29164393707,23.137203154192
113.2916140235,23.137213290097
113.2915740489,23.137223509083
113.2912738352,23.137324868081
113.29095367912,23.137426227002
113.29076359767,23.137467019791
113.29065355525,23.137487457722
113.2904334704,23.137508311054
113.29026342116,23.137508892621
113.28989322946,23.137520108556
113.28977321585,23.137520523961
113.2892129427,23.137532155299
113.28888290526,23.137532986109
113.28793267769,23.137564723041
113.28745262322,23.137555417973
113.28508280346,23.137545199013
113.2843431387,23.137524096443
113.28434143192,23.1375238472
113.28434143192,23.1375238472
113.28426148273,23.137583665499
113.28419159456,23.137603521845
113.28413167759,23.137603438765
113.28407176061,23.137603355684
113.28399190125,23.137603272603
113.28370210789,23.137602691036
113.28370174857,23.137602441793
113.28370174857,23.137602441793
113.28361182819,23.137652207267
113.28354194002,23.137762040184
113.28352208747,23.137811971759
113.28347223151,23.137911834854
113.28334242637,23.138211506768
113.2832725382,23.138351331275
113.28325268564,23.138401262628
113.28325205683,23.138401262628
113.28325205683,23.138401262628
113.28342201623,23.138421700415
113.28351193662,23.138441972037
113.2836318604,23.138422365058
113.28365180278,23.138382486447
113.28366177397,23.138362630218
113.28375169436,23.138182927053
113.28380164014,23.138093116919
113.28394150631,23.137763535639
113.2839914521,23.137603771088
113.2840214555,23.137523930281
113.2840614301,23.137374135172
113.28407140129,23.137364248523
113.28407158095,23.137363334631
113.28407158095,23.137363334631
113.28405154873,23.137303266989
113.28404166737,23.137233312661
113.2840117538,23.137173328042
113.28397186904,23.137133282893
113.28392201308,23.13708326798
113.28387215712,23.137033253049
113.28385221474,23.137023283293
113.28384233338,23.137003343778
113.28381241981,23.136963381659
113.28380253845,23.136943442136
113.28379265709,23.136913532846
113.28379265709,23.136893593315
113.28379265709,23.136873653781
113.28379265709,23.136843744475
113.28382266049,23.136793895616
113.28399261989,23.136514409333
113.28417255049,23.136204846847
113.28421252508,23.136145027926
113.28431250649,23.135985344507
113.28463239308,23.135445975366
113.28481232367,23.135146380283
113.28485229827,23.134976559586
113.28491230507,23.134796768748
113.28498228307,23.134486953003
113.28511235771,23.133687194665
113.28513238992,23.133387346357
113.28513238992,23.133267456694
113.28513140179,23.133265130352
113.28513140179,23.133265130352
113.28503160005,23.132555012422
113.28494185933,23.131874967292
113.28484214741,23.13106497374
113.28479238129,23.130724989333
113.28479238129,23.130695078639
113.28472258295,23.130285052204
113.28469275921,23.130125112471
113.28456313372,23.129485019265
113.2844433896,23.12904491185
113.28444285061,23.129044330246
113.28444285061,23.129044330246
113.28389308764,23.129043167038
113.28381322828,23.129043083951
113.2838232893,23.128963237989
113.28382310964,23.12896298873
113.28382310964,23.12896298873
113.28384314186,23.128783106652
113.28388329611,23.128463306456
113.28390332833,23.1282934772
113.28392336054,23.128123647727
113.28396351479,23.127733886601
113.28398354701,23.127564056411
113.28402370126,23.127174293641
113.28406376569,23.127034457347
113.28406385552,23.127033709559
113.28406385552,23.127033709559
113.28377406216,23.12692303688
113.28361425361,23.126862715245
113.28356439766,23.126852661637
113.28346450608,23.126842441852
113.28342462132,23.126842441852
113.28257527346,23.126839866134
113.28251544631,23.126829729436
113.28246559036,23.126819592738
113.28229581062,23.126769075409
113.28224595466,23.126738997648
113.28218612751,23.126708836792
113.28208632577,23.126678509754
113.28172673408,23.126617107866
113.28125727962,23.126575065421
113.28111750328,23.126564513264
113.28087783537,23.126523384768
113.28079797601,23.126513081871
113.28054833691,23.126451846082
113.28049848095,23.126441626267
113.28016898249,23.126369838273
113.28008921296,23.126349481717
113.27990955186,23.126318489892
113.27974983314,23.126287581149
113.27878128014,23.126181394604
113.27870151061,23.126170925503
113.27846193253,23.126169263741
113.27824238666,23.126127719683
113.27781326612,23.125954563907
113.27726440146,23.125620299502
113.27625659251,23.125011758313
113.27625398742,23.125009431825
113.27625398742,23.125009431825
113.2759845856,23.12480702728
113.27556552608,23.124653146441
113.27535604123,23.124591245082
113.27530627511,23.12456083447
113.27507693771,23.124448664122
113.27491739865,23.124357182901
113.2744885476,23.124092875768
113.27434895092,23.124011531216
113.27420935425,23.123920132783
113.27396007447,23.12376758035
113.27391030834,23.123717144948
113.27386054222,23.123666709527
113.27382074728,23.123556366397
113.27380107439,23.123306266041
113.27378131167,23.123196171881
113.27370163197,23.123105354517
113.27347238441,23.122872951518
113.2729839757,23.122377567007
113.27302386047,23.122358123833
113.27305377404,23.122338514476
113.27305233675,23.122336769575
113.27305233675,23.122336769575
113.27314225713,23.12221786701
113.27331194704,23.122129874057
113.27348163696,23.121981889555
113.2736514167,23.12171392169
113.2737213947,23.121524806678
113.27373145572,23.121455010209
113.27375166759,23.121075366627
113.2737319947,23.120815290619
113.27372220317,23.1206953065
113.2737125913,23.120325299389
113.27371232181,23.120324468471
113.27371232181,23.120324468471
113.27363255228,23.120263645285
113.27361269973,23.120223511938
113.27358287599,23.120153299325
113.2735232285,23.120032732964
113.27347346237,23.119952299934
113.27344363863,23.119922054443
113.27344327931,23.119921555891
113.27344327931,23.119921555891
113.27336341995,23.119880674612
113.27314405374,23.11979824728
113.27310425881,23.119777889715
113.2730345503,23.119747145632
113.27300472656,23.1197369253
113.27290510448,23.119705848839
113.27255611279,23.11956185006
113.27249637547,23.119531189019
113.27249574666,23.119530690466
113.27249574666,23.119530690466
113.27208692782,23.119365752223
113.27176793953,23.119231973447
113.27033226767,23.118643677603
113.27004328279,23.118519869247
113.26999351666,23.118489291058
113.26992380815,23.118458463583
113.26987404203,23.11842788538
113.26987350304,23.118427386822
113.26987350304,23.118427386822
113.26962422327,23.1183839292
113.26940494689,23.1183210278
113.26934520957,23.1183103088
113.26897645516,23.118215250343
113.26852793122,23.118098919972
113.26844825152,23.118077897401
113.26831871587,23.118056126988
113.26822906498,23.118034938224
113.26801984963,23.117961982376
113.2677807207,23.117888527927
113.26757150535,23.117825543198
113.26751176803,23.117804769864
113.26703342035,23.117677636988
113.26690397452,23.11764572911
113.26656522351,23.117560641398
113.26567841631,23.117186969421
113.26559882645,23.117155809269
113.26555903151,23.117155227612
113.26517051438,23.116989123103
113.26434362416,23.116655833237
113.26420420714,23.116573653184
113.26413458847,23.116542575982
113.26394540533,23.116439539216
113.26390561039,23.116418931854
113.2638559341,23.116388186992
113.26353739496,23.116103007288
113.26337821523,23.115920448747
113.26310953205,23.115606101795
113.26297020486,23.115493840781
113.26296759978,23.115491514127
113.26296759978,23.115491514127
113.26294774723,23.115461184524
113.26272874034,23.115277627961
113.26253964703,23.115144509824
113.26227078419,23.114970010191
113.2621414282,23.114897883609
113.26200210102,23.114825590797
113.26120530403,23.114462048762
113.26097632595,23.114358179426
113.26064754614,23.11438244331
113.26064673766,23.114381944737
113.26064673766,23.114381944737
113.26063658681,23.114601732116
113.26063658681,23.114711750312
113.26059679188,23.114741082943
113.26054702575,23.114770249376
113.2605271732,23.114799914375
113.26052672405,23.114799748185
113.26052672405,23.114799748185
113.26032747989,23.114786286757
113.26023791883,23.114774819615
113.25996896616,23.114760194852
113.25955053545,23.114772825329
113.25930152516,23.114768504376
113.25923190649,23.114767341043
113.2587138537,23.114738257704
113.25822571448,23.114729698892
113.25813615342,23.114728203177
113.25705019189,23.114728867939
113.25693080709,23.114666795759
113.25664200187,23.114611703558
113.25649261366,23.114589101623
113.25566572344,23.114604308072
113.25562592851,23.114613614751
113.25557616238,23.114622755238
113.25552639626,23.114631895725
113.25552495897,23.114630981676
113.25552495897,23.114630981676
113.25501678754,23.11463197882
113.25480766202,23.114638294065
113.2538710887,23.114641700973
113.25348257156,23.114644858595
113.25283498312,23.114653500509
113.25258597283,23.114649262647
113.25229707778,23.114654248366
113.25217760315,23.114652254079
113.2516893741,23.114663804327
113.25137056548,23.114658403132
113.2511912637,23.114655411701
113.2508425415,23.114659400276
113.25040416841,23.114652004793
113.24992591056,23.114653915985
113.2492582899,23.114652835746
113.24885971175,23.114656242654
113.24882988801,23.114655827177
113.24854090312,23.114671116714
113.24828183181,23.114676933386
113.24815229616,23.114684827439
113.2480327317,23.114692887683
113.24770386205,23.114707595548
113.24739493478,23.114712664361
113.24713586348,23.114718564125
113.24713397703,23.114717816268
113.24713397703,23.114717816268
113.24698440917,23.114705518166
113.24690472947,23.114694383398
113.24688487692,23.114694134112
113.24675534126,23.11470211126
113.24670557514,23.114711334836
113.2465560971,23.114739005561
113.24655573778,23.114738839371
113.24655573778,23.114738839371
113.24598720022,23.115130051291
113.24581768997,23.1152474645
113.24547857964,23.115502316449
113.24534895416,23.115590396892
113.24522929986,23.115688614826
113.24517944391,23.115767887115
113.24515959135,23.115787580538
113.24513964897,23.115877239588
113.24512976761,23.115917124966
113.24508988285,23.116056474411
113.24505987944,23.116306006773
113.2450000523,23.116425080825
113.24490034038,23.116513576126
113.2448007183,23.116572074396
113.24471106741,23.116610796248
113.24460147414,23.11661918875
113.24450185206,23.116627747441
113.24442217236,23.116626667218
113.24435246385,23.116595756216
113.24426290279,23.116544570241
113.24419319429,23.116493633528
113.24414351799,23.116413032164
113.24413363663,23.116382952055
113.24410390272,23.116322625628
113.24409402136,23.116292545499
113.24408414,23.116262465362
113.24407434847,23.116112396956
113.24407201287,23.116111732201
113.24407201287,23.116111732201
113.24417181462,23.116003127771
113.24441130286,23.115776695144
113.24445118763,23.115737391387
113.24445127746,23.115737225197
113.24445127746,23.115737225197
113.24461090635,23.11558948285
113.24480044881,23.115432350622
113.24488021834,23.115383573949
113.24503984723,23.115265994671
113.2452194185,23.115128721771
113.24527924565,23.115089667107
113.24541893215,23.114991864205
113.24563838819,23.114835229841
113.24571815772,23.114776564615
113.24592764256,23.114649844315
113.2459974409,23.114600984258
113.2460374155,23.114541654166
113.24608727145,23.114482490238
113.2461870732,23.114354107747
113.24619704439,23.11431438809
113.24620701558,23.114294611353
113.24624699017,23.114175286102
113.24626702239,23.114115706532
113.24629702579,23.114016240999
113.24636709362,23.113707456962
113.24637715464,23.113587715704
113.24635757158,23.113317570386
113.24633780886,23.113187358651
113.24623863593,23.112746033818
113.24622875457,23.112715952878
113.24619902066,23.112625626919
113.24611952062,23.112434504634
113.24578121877,23.111809532841
113.24506464046,23.11059913501
113.24459698261,23.109712561039
113.24403967388,23.108784847152
113.2439700552,23.108663938067
113.24353213126,23.107918038754
113.24335300914,23.107595695275
113.24319382941,23.107333681553
113.24318394805,23.107303599386
113.24298488355,23.106991060228
113.24289541232,23.106819956985
113.2428656784,23.106719654981
113.2428259733,23.106619186701
113.24279632922,23.106428886773
113.24276668514,23.106248641742
113.24275698344,23.106108617194
113.24275707327,23.106038729516
113.24275554615,23.106035405488
113.24275554615,23.106035405488
113.24266607492,23.105704331841
113.2425269274,23.105332620912
113.24238769004,23.105000963803
113.24233792392,23.104970382499
113.24229812898,23.104949939559
113.24224836286,23.104919358244
113.24221853912,23.104899081498
113.24218871537,23.104878804749
113.24213894925,23.104858278693
113.24209915431,23.104837835735
113.24205935938,23.104827364951
113.24199962206,23.104816644861
113.24194985594,23.104806090974
113.24190008981,23.104805509263
113.2418403525,23.104794789172
113.24180055756,23.104794373664
113.24179938976,23.104793210243
113.24179938976,23.104793210243
113.24145012858,23.104948693038
113.24136038786,23.10500752881
113.23963384467,23.105776878923
113.2392446089,23.105952470952
113.23916483937,23.105981556216
113.23916501903,23.105821670286
113.2391646597,23.105821670286
113.2391646597,23.105821670286
113.23915477834,23.105681645288
113.23911633087,23.10437155262
113.2390767156,23.104201277019
113.2390270393,23.10408086237
113.23896730198,23.104020281046
113.23889759348,23.103969588833
113.23873805442,23.103908010234
113.23851868821,23.103865794389
113.2385180594,23.103865129573
113.23852407805,23.103861140673
