113.28722121973,23.087763293762
113.28722696888,23.087762878201
113.28722696888,23.087762878201
113.2872370299,23.087722984366
113.28728733501,23.087233120338
113.28727745365,23.087193226344
113.28727736382,23.087192893894
113.28727736382,23.087192893894
113.2871673214,23.087183003506
113.28699736199,23.087183086618
113.28687743821,23.087223146841
113.28630746336,23.08724326006
113.286227604,23.087203366069
113.28617765822,23.087203366069
113.28569778341,23.087223146841
113.28522796963,23.087232704776
113.28514811027,23.08724259516
113.28514739163,23.087242428935
113.28514739163,23.087242428935
113.28499773393,23.08669230636
113.28495793899,23.086562317856
113.28493808644,23.086482363227
113.28471863041,23.085782217933
113.2846089473,23.085422170271
113.28459906594,23.085392249369
113.28458918458,23.08536232846
113.28426983697,23.084341938317
113.28421998102,23.084211947514
113.28412026911,23.083931851809
113.28398049277,23.083661646165
113.28391069443,23.083521597806
113.28374100452,23.083221303707
113.28368117737,23.083121233228
113.28320166189,23.08273998396
113.28317174832,23.082709979339
113.28313186355,23.082689948549
113.28254248531,23.082248106791
113.28252263276,23.082228159048
113.28225296144,23.082067247138
113.28211318511,23.08198679111
113.28202335455,23.081926532173
113.2815439289,23.081754565484
113.28113448125,23.081642691434
113.28101473713,23.081612187868
113.28046542331,23.081439389612
113.28031567578,23.081368657793
113.28020590285,23.081308149227
113.28008615872,23.08120757861
113.27981666707,23.080906032537
113.27958715001,23.080644714217
113.27958427544,23.080641971369
113.27958427544,23.080641971369
113.2794045245,23.080780859131
113.27920483119,23.080939528455
113.27911500064,23.08100893064
113.2786856106,23.081345967084
113.27861581227,23.081395504304
113.27791675092,23.081990281972
113.27741747272,23.082406275671
113.27731767097,23.082485484713
113.27648898414,23.083158385649
113.27627940946,23.08331647033
113.27609974836,23.083454856608
113.27585019909,23.08364252978
113.27549087689,23.083959113375
113.27507163771,23.084314926172
113.27495189358,23.084433696454
113.27489206644,23.084503096815
113.2747822935,23.08463200685
113.27478103587,23.084631840622
113.27475273925,23.084613306176
