113.26959646563,23.11501297036
113.2695972741,23.115014133691
113.2695972741,23.115014133691
113.2695972741,23.115014133691
113.2695972741,23.115014133691
113.2695972741,23.115014133691
113.26900915348,23.114736014132
113.2688298517,23.11464352907
113.26877011439,23.114612783797
113.26855092784,23.114489719539
113.26840153964,23.114377706868
113.26799316995,23.114051889056
113.26795337502,23.114021392933
113.26765459861,23.113787062818
113.26704698476,23.113308097424
113.26649910823,23.112939897835
113.26639957598,23.11288846116
113.2663987675,23.112887630196
113.2663987675,23.112887630196
113.26654860486,23.112550009005
113.26669862188,23.112082506523
113.26693864911,23.111336377128
113.26700862711,23.111137524918
113.26707860511,23.11095869894
113.26734845609,23.11027297553
113.26741843409,23.110084176606
113.26746837987,23.109965013767
113.26769807659,23.109538635954
113.26769816642,23.109488693735
113.26770813761,23.10945894445
113.26772808,23.109439333187
113.26774802238,23.109429693751
113.26774802238,23.109428696568
113.26774802238,23.109428696568
113.26802784454,23.108792990853
113.2681176751,23.108674408548
113.26837737522,23.108198333183
113.26848723798,23.108010029906
113.26921639256,23.106760706515
113.26941617571,23.106413679387
113.26963590124,23.106056845469
113.26969581822,23.105937762116
113.26986559796,23.105660205246
113.27007544212,23.105283175718
113.27021530829,23.105045173719
113.27023525067,23.10501550654
113.27027522527,23.104966144329
113.27031519986,23.104896754658
113.27032517106,23.104876976518
113.27047500841,23.104599085024
113.2705949322,23.104360832493
113.27082480858,23.103904021336
113.27105459513,23.103527153025
113.27111451211,23.103418039685
113.27113454432,23.103378399858
113.27182408363,23.102117398443
113.27190385316,23.102168340673
113.27190403282,23.102166761713
113.27190403282,23.102166761713
113.27224296349,23.102360807386
113.27271160947,23.102586348767
113.27320019784,23.102811972867
113.27399798296,23.103190754565
113.27440689163,23.103405075718
113.27521455811,23.104063161657
113.27521464794,23.104063244759
113.27521464794,23.104063244759
113.27569371427,23.104057843132
113.27579351601,23.104058757254
113.27603309409,23.104031084302
113.27613289584,23.10402210929
113.27647227566,23.104005239588
113.276612052,23.103996596982
113.27685163007,23.103958785572
113.27709129798,23.103890891212
113.27722110313,23.103852082547
113.27815992222,23.103569618284
113.27839967996,23.103441474546
113.27870932587,23.103313829298
113.27881927846,23.103224660377
113.27895941412,23.102865740322
113.27904951417,23.102646515231
113.27909963961,23.102486957697
113.27909963961,23.102485794256
113.27909963961,23.102485794256
113.27915955659,23.102526265378
113.27956882458,23.102748897881
113.27979843147,23.10287031097
113.27982834504,23.102890504923
113.27984828742,23.102950588146
113.27975827721,23.103130006629
113.27975818738,23.103129923527
113.27989104677,23.103312665864
