113.25894256228,23.147939467779
113.25894516737,23.147930578811
113.25894516737,23.147930578811
113.259064642,23.14773277836
113.25917414544,23.147504738413
113.25923388276,23.147365837387
113.25929362007,23.147216967225
113.25943303709,23.147009529003
113.25956239308,23.146731891916
113.25961215921,23.146592823929
113.25983107626,23.145976736036
113.25993060851,23.14568854615
113.25995055089,23.145638949845
113.2599502814,23.14563803601
113.2599502814,23.14563803601
113.26013955437,23.145681401624
113.26054810372,23.14576854819
113.2606477258,23.145790314053
113.26116595825,23.145879288214
113.26127555152,23.145901220211
113.26267079964,23.146135078208
113.26272065559,23.146135908964
113.26295987435,23.14617993902
113.26317915073,23.146213584619
113.263288744,23.146235433485
113.26356784752,23.146280128112
113.26363764586,23.146321250479
113.26363764586,23.146321333554
113.26363764586,23.146321333554
113.2636277645,23.146561172234
113.2636277645,23.146641173748
113.2636277645,23.146671163918
113.26360827127,23.147240892798
113.26359847974,23.147420749831
113.26359856957,23.147550761807
113.26358904753,23.148080694287
113.26358913736,23.148160694883
113.26357979498,23.149070604806
113.26357988481,23.14914063596
113.26357009328,23.149250459356
113.26356057125,23.149830395158
113.26356066108,23.150020383602
113.26356084074,23.150280402324
113.26355122887,23.150630305308
113.26354143734,23.150740127469
113.26352176445,23.150999812489
113.26348232884,23.151439182434
113.26348232884,23.151489191929
113.26345268475,23.151698699939
113.26343319152,23.152168471851
113.26343328135,23.152258521662
113.26349328816,23.15247957541
113.26355329497,23.15270062879
113.26361321195,23.152881641411
113.26361204415,23.152881724482
113.26361204415,23.152881724482
113.26372172725,23.152923509371
113.26392106125,23.152936800784
113.26421004613,23.15292159873
113.26440938012,23.152924838512
113.26479798708,23.152791176667
113.26542581281,23.152601275269
113.26604366733,23.152451081844
113.26699048134,23.152235759999
113.26723967129,23.152189572089
113.26785770548,23.152048848393
113.26800727335,23.15202110238
113.26804706828,23.151921748349
113.26806701066,23.151872154378
113.26816672258,23.151833692039
113.26820660734,23.151834273543
113.26824649211,23.151824969476
113.26828637687,23.15182555098
113.26832626163,23.151826132485
113.26837611759,23.15185686913
113.26840603116,23.151867336202
113.26845588712,23.151918093183
113.2684758295,23.151938362741
113.26848580069,23.151978486488
113.26850583291,23.152088805963
113.2684661278,23.15218824294
113.26838653793,23.152257109442
113.26838626844,23.152256195652
113.26838626844,23.152256195652
113.26840630066,23.152376483497
113.26840630066,23.152376483497
113.26840630066,23.152376483497
113.2685264041,23.152958316256
113.26861641431,23.153319675977
113.26859665159,23.153459401471
113.26878682287,23.154392285509
113.2690171484,23.155545713189
113.26906745351,23.156076527451
113.26907751453,23.156206697071
113.26908748572,23.156256870904
113.26911766879,23.156547363735
113.26911775862,23.156547280666
113.26911775862,23.156547280666
113.26918800611,23.157048352304
113.26927792649,23.157219639953
113.26930810956,23.157500079388
113.26935832484,23.157840825794
113.2694185113,23.158241712568
113.26951858254,23.158633128406
113.26969860296,23.159195745112
113.26969851313,23.159195828179
113.26969851313,23.159195828179
113.26974854875,23.159366531579
113.26990853696,23.159788761963
113.27007858619,23.160361175627
113.27015889471,23.160862315902
113.27014919301,23.161052205456
113.27014928284,23.161152217167
113.2701494625,23.161302234593
113.27010984722,23.161521778061
113.27010966756,23.161521861127
113.27010966756,23.161521861127
113.27010975739,23.161601853605
113.2700900845,23.161761589219
113.27004076753,23.162210974391
113.27000124209,23.16252047612
113.2698930861,23.163919288651
113.26989272678,23.163919371715
113.26989272678,23.163919371715
113.27012260316,23.164492598163
113.27014263538,23.164542851921
113.2701526964,23.164602990277
113.27025276763,23.164984419659
113.27025276763,23.164984419659
113.27025276763,23.164984419659
113.27023300491,23.165164252599
113.27022312355,23.165204123149
113.27022321338,23.165284113402
113.27022330321,23.165354135983
113.27022339304,23.165434126146
113.27021360151,23.165494014908
113.27020380998,23.165593940201
113.27019401845,23.165673847155
113.27018422692,23.165723685149
113.27017434556,23.16576355553
113.27016455403,23.165813393489
113.27012493876,23.165952856612
113.2701150574,23.165992726924
113.27008532348,23.16610237022
113.27005558957,23.166221980985
113.27001588447,23.166351476128
113.269966298,23.166490855622
113.26993656409,23.166570429784
113.26993530646,23.166570512847
113.26993530646,23.166570512847
113.26988554034,23.166699841524
113.26984583524,23.166819285624
113.26980613013,23.166908744034
113.26976642503,23.166978184319
113.26974666231,23.167027938758
113.26966707244,23.167136833635
113.26956754019,23.16726549726
113.26946800794,23.167394160761
113.26937844688,23.167522907198
113.26929885701,23.167621834214
113.26924918072,23.167711125958
113.26917965187,23.167890207637
113.26907032809,23.168138728748
113.26895103312,23.168397133727
113.2689312704,23.168456855025
113.26882194662,23.168705375073
113.26882068899,23.168705375073
113.26882068899,23.168705375073
113.26862171432,23.169122675066
113.26844268203,23.169510154873
113.26839300573,23.169609495708
113.26815432596,23.17008609811
113.26803494116,23.170294413853
113.26796541231,23.170433456954
113.26791573602,23.170522746801
113.26773679356,23.170980159054
113.26762746978,23.171268626147
113.26761758842,23.171308494858
113.26760770706,23.171348363556
113.26754823923,23.171647544534
113.26752847651,23.17173724886
113.26739004763,23.172855391565
113.26724164756,23.173993375714
113.26722197467,23.174193130334
113.26718244923,23.17447262018
113.26718253906,23.174522620976
113.26717274753,23.17460252254
113.26713322209,23.174861994648
113.2671135492,23.175021714262
113.26704437967,23.175570723008
113.26682663042,23.177267652281
113.26675737106,23.17774663572
113.26672772698,23.177986251373
113.26671793545,23.1780961339
113.26670814392,23.178156016932
113.26669835239,23.178235916302
113.26668856086,23.178315815625
113.26665891678,23.178495381285
113.26664912525,23.178565230766
113.266619571,23.17888482697
113.26658004555,23.179234239089
113.26654052011,23.179573683731
113.26639212004,23.180951552599
113.26628324541,23.181900023011
113.26628324541,23.181940054624
113.26627336405,23.181999935916
113.26619404368,23.182538783271
113.26608498939,23.183267153903
113.2660653165,23.183486910093
113.26603576225,23.18383647616
113.26606594531,23.184267016703
113.2660759165,23.184337195343
113.26610591991,23.184557697218
113.26614598433,23.18489837397
113.26617598774,23.185098859585
113.26621605216,23.185379489106
113.26624605557,23.185579973992
113.26624264201,23.185579558738
113.26624264201,23.185579558738
113.26629258779,23.185710363751
113.26631253017,23.185760692502
113.26647242855,23.186513213019
113.26647242855,23.18651329607
113.26647242855,23.18651329607
113.26654222689,23.18664434931
113.26666197102,23.186846244129
113.26673176936,23.18693735
113.26678162531,23.187018157616
113.26686139484,23.187099380432
113.26695113556,23.187180769298
113.26709073224,23.187302935552
113.26734001202,23.187496690502
113.26743972393,23.187558230271
113.26753943584,23.187609721013
113.26763914775,23.18765124579
113.2676989749,23.187672174273
113.26776877324,23.18768321986
113.26783857157,23.187704231388
113.26792831229,23.187745590036
113.26918486204,23.188373691783
113.26943414182,23.188447190206
113.26993279121,23.188594020831
113.27018216082,23.188657387165
113.27030181511,23.188698994662
113.27049135757,23.188771496318
113.27067092885,23.188833865981
113.27089038488,23.188916748657
113.27101012901,23.188968321919
113.2711597867,23.189040242086
113.27158872759,23.189235655462
113.27179821243,23.18935823506
113.27184806839,23.189398845756
113.27195784132,23.189490199013
113.27195793115,23.189490115965
113.27195793115,23.189490115965
113.27224718552,23.189343618529
113.27224718552,23.189343618529
113.2722823991,23.189420355301
