113.28608037173,23.136939952719
113.28624098875,23.136945851495
113.28624098875,23.136945851495
113.28624098875,23.137005836218
113.28647095496,23.137075873747
113.28654093296,23.137405872143
113.28654102279,23.137405872143
113.28654102279,23.137405872143
113.28757119955,23.137415260302
113.28910173248,23.137432541161
113.28910173248,23.13743245808
113.28910173248,23.13743245808
113.28914170707,23.137412435546
113.28916173929,23.137402465819
113.2892117749,23.137402382738
113.28959202763,23.137391416037
113.28959202763,23.137391166794
113.28959202763,23.137391166794
113.28957199541,23.137181220756
113.28954208184,23.136781350317
113.28940212584,23.135831808967
113.28899213921,23.134222998389
113.28897219683,23.13413310249
113.28880232725,23.13344359393
113.28880178827,23.133443261596
113.28880178827,23.133443261596
113.28845162878,23.133443926264
113.28788156411,23.133454893292
113.28739153845,23.133475414924
113.28631150574,23.133475830342
113.28625158876,23.133465943402
113.28610166157,23.133465943402
113.28608171919,23.133465943402
113.28605180561,23.133456056461
113.28601192085,23.133456056461
113.28597203608,23.133456056461
113.2859220903,23.133456056461
113.28521233911,23.133395571631
113.28513247975,23.133385601601
113.28513140179,23.1333851031
113.28513140179,23.1333851031
113.28489146439,23.133344807556
113.28436173363,23.133264050264
113.28407194027,23.133223505432
113.2838620961,23.1331930968
113.28375223334,23.133172907459
113.28353241798,23.133152385779
113.28333263484,23.133121894047
113.28313285169,23.13310137236
113.28286309055,23.133080601418
113.28246343442,23.133049278831
113.2817441612,23.132996520612
113.28112486938,23.13292373916
113.2803957148,23.132850043744
113.28029591306,23.132829605099
113.27975666026,23.13271652782
113.27937721602,23.132614251374
113.27930741768,23.132583925686
113.27860853599,23.132309249416
113.27818929681,23.132176314538
113.2780895849,23.132155626535
113.27787003903,23.132114001267
113.27751071683,23.132091236145
113.2774309473,23.132080684427
113.27738109134,23.132080352089
113.2759337415,23.132007819388
113.27530510731,23.131961873681
113.27524528016,23.131961375174
113.2752430344,23.131959381147
113.2752430344,23.131959381147
113.27487383083,23.131935618984
113.27462446122,23.13192315631
113.27437509161,23.13191061055
113.27397606431,23.131896403098
113.27300840961,23.131845638449
113.27273909762,23.131832594175
113.27193116165,23.131792962836
113.27185148195,23.131782078755
113.27106357818,23.131752251385
113.27066473054,23.131727159831
113.27063490679,23.131736797647
113.27051534233,23.13172533197
113.27045560502,23.131724584208
113.27041581008,23.131724168785
113.2698275098,23.131706305589
113.2697478301,23.131705308574
113.2696781216,23.131704394643
113.26878080422,23.131651885142
113.26875098048,23.131651552804
113.26866132959,23.131630366211
113.26863150585,23.131619980625
113.26864147704,23.131570212887
113.2686395906,23.131568717362
113.2686395906,23.131568717362
113.268669594,23.131179132532
113.26868962621,23.130889498026
113.26872978047,23.130110240143
113.26877981609,23.129521078595
113.26878978728,23.129421292267
113.26878978728,23.129331393112
113.26883991273,23.128682239643
113.26891016022,23.127643404692
113.26895031447,23.127074090109
113.26895031447,23.127024154489
113.26897034669,23.126754535055
113.26897043652,23.126654663557
113.26899055856,23.126375072816
113.2690106806,23.126075457239
113.26901077043,23.125945590377
113.26903089248,23.125606008288
113.26906116537,23.124936562901
113.26904149248,23.124586425914
113.26904149248,23.12456648453
113.26902181959,23.124316302989
113.26902163993,23.124314724293
113.26902163993,23.124314724293
113.26901193823,23.123854658231
113.26901193823,23.123784779898
113.26901202806,23.123574895408
113.26902208908,23.123475104605
113.2690721247,23.123135931642
113.26912216032,23.122866719755
113.26915216372,23.12271724045
113.26915225355,23.122716741909
113.26915225355,23.122716741909
113.2691624044,23.122486914032
113.26916249423,23.122397010177
113.26917255526,23.122307272443
113.26920264849,23.122067805339
113.26920255866,23.122067556067
113.26903053315,23.122042628862
