113.24951933748,23.133284322675
113.24953532732,23.13318478843
113.24953532732,23.13318478843
113.24892762365,23.132314816061
113.24885800497,23.13221378557
113.24885782531,23.132213619401
113.24885782531,23.132213619401
113.24876817442,23.132112173411
113.2486287574,23.131939939378
113.24853919634,23.131848546409
113.24840975052,23.131766541936
113.24826036231,23.131704228474
113.24786178416,23.131517869503
113.24786124517,23.131517454079
113.24786124517,23.131517454079
113.24731300932,23.13150873018
113.24674492092,23.131499923195
113.2461868037,23.131491365464
113.24615697996,23.13149095004
113.24597758835,23.131488291328
113.24585802389,23.131486546547
113.24560883394,23.131492777905
113.24501074213,23.131463947487
113.24306644969,23.131386512443
113.24295685641,23.13137512982
113.24290709029,23.131374548226
113.24262798677,23.131370892493
113.24209951364,23.131354026269
113.24107230129,23.131321124661
113.24035419586,23.131302513648
113.24022457038,23.131301101205
113.24000520417,23.131298608658
113.23999532281,23.131188604217
113.23999379569,23.131187357943
113.23999379569,23.131187357943
113.24035293823,23.131191512191
113.24107113349,23.131210206305
113.24189901185,23.1312306452
113.24263705965,23.131260306518
113.24265700203,23.131260555773
113.24265700203,23.131260555773
113.24265628339,23.131257066206
