113.28217274276,23.099223964079
113.28217956988,23.099222883715
113.28217956988,23.099222883715
113.2822596089,23.099073294676
113.28234970895,23.098853730903
113.28241977678,23.098744115092
113.28258982601,23.098604830579
113.28258982601,23.098604498157
113.28258982601,23.098604498157
113.28261991924,23.098524633881
113.28275008371,23.098205259399
113.28286021597,23.097945803427
113.28300044146,23.097596426294
113.28302047367,23.097536589966
113.28316069916,23.097187211756
113.28323058733,23.097217379321
113.28323067716,23.097216880684
113.28323067716,23.097216880684
113.28315054831,23.097436613374
113.2829302838,23.097975804608
113.28288033801,23.098095643053
113.28267004469,23.098614803222
113.28212944444,23.099722592988
113.28205946644,23.099882320052
113.28160896622,23.100840179782
113.28158902384,23.100880069678
113.28154904925,23.100969905004
113.28141897461,23.101239244411
113.28098859644,23.102156955543
113.28083848959,23.102476154315
113.28075845057,23.102665711984
113.28070850478,23.102755463
113.28062864542,23.102765019817
113.28065864882,23.102695296585
113.28065757086,23.102695130379
113.28065757086,23.102695130379
113.28063780814,23.102505074135
113.28074794039,23.10226582061
113.28082806924,23.102096373341
113.28102839137,23.101607559557
113.28121856265,23.101268663122
113.2813286949,23.101019351804
113.28144879835,23.100770040019
113.28147880175,23.100700315739
113.28155893061,23.100530783368
113.28182932056,23.09993218278
113.2818291409,23.099931268631
113.28184036972,23.099930354481
