113.2352722121,23.129703369163
113.23534353756,23.12969190331
113.23534353756,23.12969190331
113.23563306142,23.129644295082
113.23604241924,23.129617790669
113.23624211256,23.129619535474
113.23650163302,23.129621778794
113.23650154319,23.129621695708
113.23650154319,23.129621695708
113.23650163302,23.129461672089
113.2364818703,23.129061612196
113.23648178047,23.129061529109
113.23648178047,23.129061529109
113.23646192792,23.128701349544
113.236502172,23.127851870265
113.23650235167,23.127471995728
113.2365024415,23.127212098436
113.23650253133,23.127032213983
113.23652265337,23.126742487333
113.23653280422,23.12644270641
113.23661266358,23.126423513096
113.23665263818,23.126413957982
113.23665254835,23.126413293279
113.23665254835,23.126413293279
113.23665290767,23.125603349457
113.2366529975,23.125353419138
113.23669315176,23.124993894213
113.23670312295,23.124954094653
113.23684280945,23.125015331132
113.23683292809,23.125055213763
113.23683292809,23.125055047586
113.23683292809,23.125055047586
113.23680283486,23.125354748556
113.23680247554,23.126154640234
113.23679232468,23.126744481439
113.23679232468,23.126954444001
113.23679232468,23.127164406231
113.23678154502,23.129614134887
113.23682142978,23.129774490666
113.23688125693,23.130045017903
113.23695105527,23.130315627674
113.23701088241,23.130486202109
113.23702085361,23.130526332351
113.23704079599,23.130546522096
113.237040257,23.130546522096
113.237040257,23.130546522096
113.2370802316,23.130546854437
113.23714005875,23.130597453413
113.23720994692,23.13065810569
113.23730974866,23.130739030739
113.23733966223,23.130759303536
113.23749929112,23.130860833647
113.23765892001,23.130962363679
113.23768883358,23.130972666232
113.23804806596,23.131166254361
113.23842724071,23.131170159355
113.23904590372,23.131176723068
113.23961462093,23.131183037525
113.23999370586,23.131187357943
113.2403528484,23.131191512191
113.24107104366,23.131210206305
113.24189892202,23.1312306452
113.24263696982,23.131260306518
113.24287627841,23.13126354683
113.24287645807,23.131263463745
113.24287645807,23.131263463745
113.24283675297,23.130273004802
113.24282696144,23.129952958942
113.24281708008,23.129912911613
113.24277764446,23.128932496035
113.24277764446,23.128932496035
113.24277737497,23.128932246776
113.24277306311,23.128930668135
