113.34178429638,23.14705887557
113.34179103367,23.147067183071
113.34179103367,23.147067183071
113.34179112351,23.147147184279
113.34179112351,23.147147184279
113.34179112351,23.147147184279
113.34255171878,23.147104151444
113.34341229546,23.14706136782
113.34404263643,23.147029799312
113.34451280954,23.147008864403
113.34564305753,23.146947388856
113.34576307115,23.146947388856
113.34667314446,23.146947222706
113.34676315467,23.146937336771
113.34680312927,23.146937336771
113.34699312088,23.146947388856
113.34903254388,23.146900202201
113.34918247107,23.146900534501
113.34918247107,23.1468998699
113.34918247107,23.1468998699
113.34947226443,23.146870627457
113.35032143263,23.146313275233
113.35041135301,23.146273648223
113.35080094811,23.146035138234
113.35154007388,23.145538344888
113.35147018571,23.145518074351
113.35147009588,23.145517742047
113.35147009588,23.145517742047
113.35118012286,23.145146391901
113.3509003007,23.144805280536
113.35030050211,23.144053021368
113.35017060713,23.143892682859
113.35015066475,23.14386269206
113.35007080539,23.14376250114
113.3500208596,23.143692384067
113.34962084416,23.142891185868
113.34940093897,23.142450624488
113.34915103038,23.142120057105
113.3490911134,23.141949996107
113.34891118281,23.141689628724
113.3489102845,23.141688797941
113.3489102845,23.141688797941
113.34888019127,23.141518736389
113.34891019467,23.14143889794
113.34892016586,23.141349006934
113.34894010824,23.141269168383
113.34894010824,23.141268836068
113.34894010824,23.141268836068
113.34911006765,23.141309212283
113.34917007445,23.141319347873
113.34928002705,23.141349588484
113.34927993722,23.141349588484
113.34927993722,23.141349588484
113.34928990841,23.141249644901
113.34930976096,23.140889747681
113.34930976096,23.140859839281
113.34932970334,23.140529932563
113.3493395847,23.140190055507
113.34939950168,23.139870282824
113.34942941525,23.139590470708
113.34944935764,23.1391405934
113.34944935764,23.139050700835
113.34947927121,23.138850893205
113.34952912717,23.13818109928
113.34952912717,23.138031138752
113.34958904414,23.137291386388
113.34962901874,23.136661546804
113.34963898993,23.136071666629
113.34961904755,23.135801733262
113.34965902214,23.135611890599
113.34969899674,23.135182105744
113.34977894593,23.134572445272
113.34981901035,23.133882689746
113.34984901376,23.133542878731
113.3498488341,23.133541050894
113.3498488341,23.133541050894
113.35019863426,23.133562237181
113.3511778771,23.133595969067
113.3511778771,23.133595969067
113.3511778771,23.133595969067
113.35118784829,23.13383599694
113.35118784829,23.134056001337
113.35118784829,23.134136010399
113.35118784829,23.134206049444
113.35119781948,23.135166070829
113.35120779067,23.13538607302
113.35120779067,23.135606074845
113.35120779067,23.135656090315
113.35119790931,23.135986009163
113.35119772965,23.135986009163
113.35119853813,23.135984513687
