113.26423358173,23.102265571301
113.26421660376,23.102284768109
113.26421660376,23.102284768109
113.26438593435,23.10240751127
113.26455526494,23.102520281969
113.26479430403,23.102674105368
113.2653022958,23.103002194877
113.26550153996,23.103115380583
113.26556127728,23.103146294724
113.26629851661,23.103517762467
113.26694619488,23.10380770603
113.26759396298,23.104017455579
113.26772349864,23.104059338968
113.27031519986,23.104895757441
113.27036505582,23.104916449694
113.2703849982,23.104916698998
113.2720801007,23.105438242433
113.27242918222,23.105542451153
113.27245909579,23.105542783557
113.27425444919,23.106042967652
113.27425453902,23.106042967652
113.27425453902,23.106042967652
113.27462365275,23.106156815571
113.27466353751,23.106177258326
113.27502268006,23.10631088406
113.27505259363,23.10633116059
113.27597039237,23.106729959416
113.27646922142,23.106954413073
113.27797594925,23.107666745529
113.27800586282,23.107676966791
113.27826529346,23.107818900975
113.27828523584,23.107829039125
113.27835512401,23.107869508618
113.27843498337,23.107910061199
113.27871444621,23.108062050167
113.27909362097,23.108324561047
113.27948276691,23.108637013966
113.27962245342,23.108777866837
113.27962254325,23.108777949936
113.27962254325,23.108777949936
113.27995177222,23.109119901859
113.28005157396,23.109220451345
113.28007151634,23.109240561233
113.28010142992,23.109260754217
113.28057034539,23.109823248074
113.28094934049,23.110425127988
113.2812384152,23.111056421716
113.28128827116,23.111166609046
113.28176688833,23.112088572598
113.28181674429,23.112168761104
113.28190648501,23.11231908326
113.28192642739,23.112359135901
113.28197628335,23.112439324243
113.28210599866,23.112659779612
113.2822157716,23.112800212732
113.28235554793,23.112960755027
113.28239552253,23.113000890571
113.28330397889,23.114013748127
113.28344375523,23.114184094237
113.28365341973,23.114444598719
113.28373327909,23.11454481179
113.28382310964,23.114665050757
113.28385311305,23.11468515982
113.28435230142,23.115316100906
113.28461182188,23.115736477346
113.28499099664,23.1164968742
113.28502091021,23.116546896876
113.28520048148,23.117007071374
113.28528025101,23.117227103686
113.28532013578,23.117327148469
113.28536002054,23.117417138853
113.28536999173,23.117447135634
113.28538993411,23.117507129176
113.28569886138,23.118747211213
113.28590816656,23.119577222124
113.28607749715,23.120407144752
113.28607749715,23.120407144752
113.28607749715,23.120407144752
113.28615735651,23.120617117345
113.28630710404,23.120977069589
113.28643690919,23.121237062188
113.28659671774,23.121457004394
113.28666669573,23.121526967045
113.28677664833,23.121656921324
113.28686656871,23.121726883869
113.2869465179,23.121796846377
113.2870464993,23.121876779744
113.28713650952,23.121936688192
113.28832622533,23.122805149923
113.28862616954,23.1230245079
113.28877618656,23.123124215951
113.2889462358,23.123233811631
113.28909625282,23.12334340722
113.28967628868,23.123741739479
113.2897662989,23.123801480906
113.28976620907,23.123801480906
113.28976620907,23.123801480906
113.29013631094,23.123920215873
113.2909165791,23.124447168517
113.29119667076,23.124635947006
113.29119676059,23.124636030095
113.29119676059,23.124636030095
113.29178712697,23.124953180675
113.29178712697,23.124953180675
113.29178712697,23.124953180675
113.29189725923,23.12501267229
113.29222747633,23.12522097582
113.29258778667,23.125428946668
113.2926578545,23.125468579909
113.29271786131,23.125508213138
113.29278792914,23.125557816974
113.29313826829,23.125755733603
113.29371884314,23.126082021203
113.29373887535,23.126091908694
113.29373878552,23.126091742518
113.29373878552,23.126091742518
113.29393901782,23.126240387139
113.29436948582,23.126517319353
113.29446964688,23.12656659046
113.2947199148,23.126744730702
113.29483004705,23.126803889162
113.29500027595,23.126902597321
113.29532070152,23.127090042915
113.29560106267,23.127257796526
113.29638222914,23.127741115181
113.29643226476,23.127770694192
113.29643226476,23.127770611105
113.29643226476,23.127770611105
113.29657249025,23.127879372075
113.29683290902,23.128046958515
113.29710338881,23.128224432074
113.29752406528,23.128610369775
113.29759422294,23.128649669719
113.29773444843,23.128738239952
113.29781457728,23.128767403309
113.29783460949,23.128807201725
113.2978546417,23.128837029758
113.29785455187,23.128837112844
113.29785455187,23.128837112844
113.29799477736,23.128925682952
113.29851579456,23.1291903128
113.29878636418,23.129297410883
113.29878636418,23.129297410883
113.29878636418,23.129297410883
113.29890655746,23.129356152774
113.29902684056,23.129394870895
113.29916715589,23.129453363485
113.29938760006,23.129530882743
113.29942766448,23.129540437633
113.29952791538,23.129579321872
113.29960813406,23.129598431643
113.2996682307,23.129627760982
113.30019939875,23.129791606349
113.30040987173,23.129859155116
113.30074062782,23.129965172545
113.30123182127,23.130139153941
113.3012619145,23.130148791872
113.30165285706,23.130273835658
113.30165285706,23.130273752572
113.30165285706,23.130273752572
113.30173307574,23.130292696072
113.30179326221,23.130301918565
113.30179326221,23.13030200165
113.30179326221,23.13030200165
113.30335739177,23.130631186052
113.30630598977,23.131188271877
113.30633608301,23.131187856453
113.30636617624,23.131197411223
113.30666710859,23.131252745791
113.3071185071,23.131345717783
113.30732915975,23.131392411466
113.30751978018,23.131429384211
113.30806154823,23.131540717808
113.30813179572,23.131549607875
113.30817194998,23.13155899645
113.3083625704,23.131605939312
113.30875387228,23.131679552334
113.30895455374,23.1317262459
113.30918532842,23.131772440943
113.30961678456,23.131885269773
113.30981746601,23.131931963267
113.30993783895,23.131969932875
113.31002811865,23.13198846071
113.31015855261,23.132026264133
113.310479607,23.132130867395
113.31063007317,23.132188361766
113.3110414971,23.132331349827
113.31116187003,23.132379289426
113.31132239723,23.132436534437
113.31173382115,23.132579439146
113.31185419409,23.132627378656
113.31196459584,23.132675484317
113.31216527729,23.132752004684
113.31216518746,23.1327519216
113.31216518746,23.1327519216
113.31290781662,23.133089075962
113.31290781662,23.133089075962
113.31290781662,23.133089075962
113.31307840484,23.133156041463
113.31334933378,23.133271278542
113.31341958127,23.133300025483
113.3137607577,23.133474002504
113.31385103741,23.133492447046
113.31390125269,23.133521526273
113.31404174767,23.133579020041
113.31404174767,23.133579186208
113.31404174767,23.133579186208
113.31420236469,23.133576361371
113.31446332244,23.133681794244
113.31446323261,23.13368171116
113.3146734361,23.133234472478
