113.26701832881,23.11332612929
113.26704635594,23.113307432655
113.26704635594,23.113307432655
113.26704635594,23.113307432655
113.26649847941,23.112939233064
113.26639894716,23.112887796389
113.26597054527,23.112701244791
113.2657713011,23.112648229189
113.26571165362,23.112617400357
113.26513377368,23.11245827029
113.26499435667,23.112416140261
113.264725404,23.112321908551
113.26441656657,23.112246955237
113.26403802062,23.112130868925
113.26366944587,23.112014865608
113.26363962213,23.112004478487
113.26332090334,23.11191930406
113.26322137108,23.111887727186
113.26315175241,23.111876675278
113.26305222016,23.111845098393
113.26298260148,23.111834046482
113.26265391149,23.111758594311
113.26138864818,23.111457117585
113.26112966671,23.111402688831
113.26057190881,23.111263085207
113.26048234776,23.111241646066
113.25998432718,23.111133037652
113.2595759575,23.111035979712
113.25907793692,23.110917316314
113.2589484911,23.110885074419
113.25878922153,23.110842362207
113.25841076542,23.110735747812
113.25840825016,23.110733171782
113.25840825016,23.110733171782
113.25838848744,23.110582847829
113.25843870272,23.110203921025
113.25848873834,23.109974902459
113.25858880957,23.109556834528
113.25869903166,23.108948967557
113.25869903166,23.108948635161
113.25869903166,23.108948635161
113.25866920791,23.108848085469
113.25862950281,23.108817505052
113.25858979771,23.108796896506
113.25855000277,23.108796231714
113.25841058576,23.10883370935
113.25835075861,23.108932597075
113.258031411,23.109476810641
113.25792181773,23.109564811984
113.25779210241,23.10981244529
113.25754246331,23.110427870221
113.25738283442,23.110754943396
113.25732309711,23.110843857966
113.25726335979,23.110932772477
113.25715358686,23.111150737422
113.25689415623,23.111636025989
113.25664469679,23.11208150936
113.25653501368,23.112279529188
113.25652513232,23.112299306226
113.25649530858,23.112338777195
113.25637565429,23.112546602043
113.25636577293,23.112586405325
113.25630594578,23.112765312207
113.25620614404,23.113063462108
113.25608631008,23.113421274344
113.25599647953,23.113679619829
113.25595659477,23.113788890927
113.25591671,23.113918188019
113.25589685745,23.113967796188
113.25584700149,23.114096843818
113.25582714894,23.114146451921
113.25573740822,23.11434480105
113.25573740822,23.114364827066
113.25571755567,23.114414435069
113.25569770312,23.114464043052
113.25568782176,23.114513817209
113.25563805563,23.114562926583
113.25561820308,23.114572565646
113.25558837934,23.114582038517
113.2555485844,23.11460131664
113.25552873185,23.114630981676
113.25552495897,23.114630981676
113.25552495897,23.114630981676
113.25501678754,23.11463197882
113.25480766202,23.114638294065
113.2538710887,23.114641700973
113.25348257156,23.114644858595
113.25283498312,23.114653500509
113.25258597283,23.114649262647
113.25229707778,23.114654248366
113.25217760315,23.114652254079
113.2516893741,23.114663804327
113.25137056548,23.114658403132
113.2511912637,23.114655411701
113.2508425415,23.114659400276
113.25040416841,23.114652004793
113.24992591056,23.114653915985
113.2492582899,23.114652835746
113.24885971175,23.114656242654
113.24882988801,23.114655827177
113.24854090312,23.114671116714
113.24828183181,23.114676933386
113.24815229616,23.114684827439
113.2480327317,23.114692887683
113.24770386205,23.114707595548
113.24739493478,23.114712664361
113.24713586348,23.114718564125
113.24713397703,23.114717816268
113.24713397703,23.114717816268
113.24705411767,23.114756538661
113.24696446678,23.114775151996
113.24688478709,23.114783876996
113.24685496334,23.114783461519
113.24674537007,23.114811713896
113.24659589203,23.114879353386
113.24643644281,23.114956881161
113.24634679192,23.115005491801
113.24627708341,23.115054434804
113.24555897798,23.115523505617
113.24545926607,23.115602030153
113.24540949995,23.115631279492
113.24536970501,23.115670666376
113.24534985246,23.115700331173
113.24532999991,23.115740050415
113.24527008293,23.115929090577
113.24526864564,23.115929090577
113.24526864564,23.115929090577
113.24523864224,23.116038609106
113.24523864224,23.116038609106
113.24523864224,23.116038609106
113.2454475881,23.11653169065
113.2455272678,23.116652841851
113.24559697631,23.116763855474
113.24575624587,23.117016211696
113.245806012,23.117086924533
113.24596528157,23.11734933447
113.24611466977,23.117531558671
113.24620432066,23.117622878412
113.24642341738,23.117856204633
113.24660271916,23.118028955514
113.24692125829,23.118553854236
113.24702079054,23.118765408525
113.24708043803,23.118926359067
113.24716999908,23.11911772128
113.24723961776,23.11928880867
113.24723970759,23.11928880867
113.24723970759,23.11928880867
113.24727959236,23.119279419227
113.24730950593,23.119279917782
113.24761852303,23.119254906961
113.2476484366,23.119255405516
113.24787768417,23.119269032674
113.24809696054,23.119282576739
113.24809696054,23.119282493647
113.24809696054,23.119282493647
113.24846571495,23.119308418478
113.24865507775,23.119291633812
113.24895412366,23.119266622994
113.24895412366,23.119266456809
113.24895340501,23.119267370826
