113.26997375394,23.105448380765
113.26997573021,23.1054511231
113.26997573021,23.1054511231
113.27007562178,23.105282594009
113.27021548795,23.105044592009
113.27023543033,23.105014924831
113.27027540493,23.104965562619
113.27031537953,23.104896172948
113.27032535072,23.104876394808
113.27040512025,23.10489741947
113.27040512025,23.104897003962
113.27040512025,23.104897003962
113.27076408313,23.105001711715
113.27138229698,23.105199659003
113.27187088535,23.105345750893
113.27209025155,23.105418464373
113.2722597618,23.105460513522
113.27243924324,23.105512617883
113.27254892634,23.105533891747
113.27301766216,23.105669346349
113.27398522702,23.105940088937
113.27438425433,23.106044297263
113.27450399846,23.106085515207
113.27455385441,23.106106041073
113.27467359854,23.106147258998
113.27475336807,23.106168034157
113.27491299695,23.106229611708
113.27505268346,23.106280967862
113.27508259703,23.106291272331
113.27513245299,23.10632177023
113.27541173617,23.106444509659
113.27599033475,23.106699960213
113.27651907737,23.10693471834
113.27728739808,23.107311161478
113.27818552393,23.107738128144
113.27826538329,23.107778680765
113.27829529686,23.107788902018
113.27836518503,23.107829371523
113.27845501558,23.107879979163
113.27845501558,23.107880228462
113.27845501558,23.107880228462
113.27855481732,23.107940974224
113.27873447842,23.108042189399
113.27875442081,23.108062299465
113.27912362437,23.108314755332
113.27916350913,23.10835497538
113.27949282793,23.108627042076
113.27967239921,23.10879814299
113.28008148753,23.109190535803
113.28010142992,23.109210645696
113.28015128587,23.109260920414
113.28056028437,23.109763084862
113.28096919304,23.110415073134
113.28126832877,23.110976398733
113.28129824235,23.111036561396
113.2815474323,23.11158758031
113.28185662905,23.112118819875
113.28189651382,23.112199008362
113.28192642739,23.112249115755
113.28200628675,23.112369439898
113.28215594445,23.112600033169
113.28233560555,23.112840680709
113.28247538189,23.11300113986
113.28281476171,23.113352221477
113.28371324688,23.114394658346
113.28376319267,23.11444476491
113.2837632825,23.114444931101
113.2837632825,23.114444931101
113.28377316386,23.114514897449
113.28378313505,23.114554949427
113.28382301981,23.114665050757
113.28385302322,23.11468515982
113.28435221159,23.115316100906
113.28461173205,23.115736477346
113.28499090681,23.1164968742
113.28502082038,23.116546896876
113.28520039165,23.117007071374
113.28528016118,23.117227103686
113.28532004594,23.117327148469
113.28535993071,23.117417138853
113.2853699019,23.117447135634
113.28538984428,23.117507129176
113.28569877155,23.118747211213
113.28590807673,23.119577222124
113.28607740732,23.120407144752
113.28607749715,23.120407144752
113.28607749715,23.120407144752
113.28615735651,23.120617117345
113.28630710404,23.120977069589
113.28643690919,23.121237062188
113.28659671774,23.121457004394
113.28666669573,23.121526967045
113.28677664833,23.121656921324
113.28686656871,23.121726883869
113.2869465179,23.121796846377
113.2870464993,23.121876779744
113.28713650952,23.121936688192
113.28832622533,23.122805149923
113.28862616954,23.1230245079
113.28877618656,23.123124215951
113.2889462358,23.123233811631
113.28909625282,23.12334340722
113.28967628868,23.123741739479
113.2897662989,23.123801480906
113.28976620907,23.123801480906
113.28976620907,23.123801480906
113.29013631094,23.123920215873
113.2909165791,23.124447168517
113.29119667076,23.124635947006
113.29119676059,23.124636030095
113.29119676059,23.124636030095
113.29178712697,23.124953180675
113.29178712697,23.124953180675
113.29178712697,23.124953180675
113.29186716599,23.125072828588
113.29194720501,23.125182422658
113.29254763241,23.125569200096
113.29261770024,23.12561880391
113.29259775786,23.12569890115
113.29258778667,23.125758974049
113.29256784429,23.12581904692
113.29256748497,23.125818963832
113.29256748497,23.125818963832
113.29251735952,23.125969270524
113.29239707641,23.126349897157
113.2923770442,23.126499953983
113.29239698658,23.126669868624
113.29239689675,23.126669868624
113.29239689675,23.126669868624
113.29241683913,23.126779710637
113.29246678492,23.127019418498
113.29250666968,23.127299174056
113.29256649683,23.127738788741
113.29261635279,23.128248444161
113.29262632398,23.128288408907
113.29270618334,23.128857884451
113.29277607151,23.129257446442
113.29284595967,23.129677030934
113.29291584784,23.130126608012
113.29293579023,23.130246500515
113.29308562758,23.131345551613
113.29311563099,23.131595387555
113.29319558018,23.132084838647
113.29326555818,23.132634357717
113.29326582767,23.132634357717
113.29326582767,23.132634357717
113.29389670763,23.132390256542
113.29408696874,23.132309000163
113.29448761299,23.132156208126
113.29531899474,23.131819965322
113.29541915581,23.131789224029
113.29557941351,23.131727990677
113.29594008317,23.131585085051
113.29603027305,23.131554426789
113.29639094271,23.131441348423
113.2967916768,23.131327854536
113.29744294829,23.131151797575
113.29786380442,23.131037721845
113.29794393327,23.131006980371
113.29831475379,23.130903290159
113.29864550988,23.130819872654
113.2989061083,23.130747173093
113.29918673895,23.130674224235
113.29978815448,23.130527578632
113.29987834436,23.130516611362
113.30058001079,23.130418487491
113.30063013624,23.13040793564
113.30114145173,23.130341799606
113.30116148395,23.130331663176
113.30138201795,23.130299010572
113.30145217561,23.130298179717
113.30157245872,23.130276743651
113.3016526774,23.13027582971
113.30167270961,23.130305574327
113.30165276723,23.130355841053
113.30165276723,23.130385834908
113.30165285706,23.130383757772
113.30165285706,23.130383757772
113.30163273502,23.130553999778
113.30162276383,23.130614153563
113.30166282825,23.130863658542
113.30169292149,23.130933283891
113.30175301813,23.131102528171
113.30180314357,23.131231891474
113.30191336566,23.131540468554
113.30193339787,23.131590236303
113.30215384204,23.132107354517
113.30228409634,23.132525600646
113.30237428622,23.132794377507
113.30246447609,23.132963203993
113.3025847592,23.133141584894
113.30271510333,23.133319882471
113.3027752898,23.133409114253
113.3033066375,23.134161849244
113.30334670193,23.134221336728
113.3033466121,23.134221170562
113.30334580362,23.134223164556
