113.27782494409,23.131356768069
113.27764887621,23.131310739052
113.27764887621,23.131310739052
113.27749903886,23.131979487588
113.27750901005,23.132089574458
113.27742924052,23.132079022739
113.27742906086,23.132078939655
113.27742906086,23.132078939655
113.27737911507,23.132078524233
113.27593176523,23.13200599153
113.27530313104,23.131960045822
113.27524330389,23.131959547316
113.2752430344,23.131959381147
113.2752430344,23.131959381147
113.27487383083,23.131935618984
113.27462446122,23.13192315631
113.27437509161,23.13191061055
113.27397606431,23.131896403098
113.27300840961,23.131845638449
113.27273909762,23.131832594175
113.27193116165,23.131792962836
113.27185148195,23.131782078755
113.27106357818,23.131752251385
113.27066473054,23.131727159831
113.27063490679,23.131736797647
113.27051534233,23.13172533197
113.27045560502,23.131724584208
113.27041581008,23.131724168785
113.2698275098,23.131706305589
113.2697478301,23.131705308574
113.2696781216,23.131704394643
113.26878080422,23.131651885142
113.26875098048,23.131651552804
113.26866132959,23.131630366211
113.26863150585,23.131619980625
113.26864147704,23.131570212887
113.2686395906,23.131568717362
113.2686395906,23.131568717362
113.268669594,23.131179132532
113.26868962621,23.130889498026
113.26872978047,23.130110240143
113.26877981609,23.129521078595
113.26878978728,23.129421292267
113.26878978728,23.129331393112
113.26883991273,23.128682239643
113.26891016022,23.127643404692
113.26895031447,23.127074090109
113.26895031447,23.127024154489
113.26897034669,23.126754535055
113.26897043652,23.126654663557
113.26899055856,23.126375072816
113.2690106806,23.126075457239
113.26901077043,23.125945590377
113.26903089248,23.125606008288
113.26906116537,23.124936562901
113.26904149248,23.124586425914
113.26904149248,23.12456648453
113.26902181959,23.124316302989
113.26902163993,23.124314724293
113.26902163993,23.124314724293
113.26901193823,23.123854658231
113.26901193823,23.123784779898
113.26901202806,23.123574895408
113.26902208908,23.123475104605
113.2690721247,23.123135931642
113.26912216032,23.122866719755
113.26915216372,23.12271724045
113.26915225355,23.122716741909
113.26915225355,23.122716741909
113.26922223155,23.122417782792
113.26923220274,23.122407978118
113.26947267913,23.120731617495
113.26951274355,23.120522309816
113.26973327755,23.119045680045
113.26977334198,23.118836369707
113.26978331317,23.118816593643
113.26983334879,23.118657387917
113.26992326917,23.118458712862
113.26993324036,23.118438936742
113.26995318274,23.118399301401
113.27000312853,23.118320113776
113.27049252537,23.117496908671
113.27088203064,23.116842213088
113.27092200524,23.116792855275
113.27093197643,23.116773078907
113.27095191881,23.11674341435
113.27096189,23.116703612314
113.27104183919,23.116514739444
113.27113175957,23.116315978087
113.27113193923,23.116314316201
113.27113193923,23.116314316201
113.27114191042,23.116244516991
113.27114191042,23.116194577295
113.27114191042,23.116174634649
113.27114191042,23.116124694927
113.2711221477,23.116044508812
113.27111235617,23.115974460176
113.27109250362,23.115924271095
113.27106276971,23.115863944459
113.27102297478,23.115813506053
113.27096323746,23.115762818343
113.27087358657,23.115701743782
113.27073416955,23.115610007246
113.27068440343,23.115579428387
113.27060472373,23.115528491304
113.2700665489,23.115211484384
113.26988715729,23.115149163144
113.26969788432,23.11505667837
113.26969689618,23.115055515039
113.26969689618,23.115055515039
113.2695972741,23.115014133691
113.26900924331,23.114736097227
113.26882994153,23.114643612166
113.26877020422,23.114612866893
113.26855101767,23.114489802635
113.26840162947,23.114377789963
113.26799325978,23.114051972151
113.26795346485,23.114021476029
113.26765468844,23.113787145914
113.26704707459,23.113308180521
113.26649919806,23.112939980931
113.26639966581,23.112888544257
113.2663987675,23.112887630196
113.2663987675,23.112887630196
113.26654860486,23.112550009005
113.26669862188,23.112082506523
113.26693864911,23.111336377128
113.26700862711,23.111137524918
113.26707860511,23.11095869894
113.26734845609,23.11027297553
113.26741843409,23.110084176606
113.26746837987,23.109965013767
113.26769807659,23.109538635954
113.26769816642,23.109488693735
113.26770813761,23.10945894445
113.26772808,23.109439333187
113.26774802238,23.109429693751
113.26774802238,23.109428696568
113.26774802238,23.109428696568
113.26802784454,23.108792990853
113.2681176751,23.108674408548
113.26837737522,23.108198333183
113.26848723798,23.108010029906
113.26921639256,23.106760706515
113.26941617571,23.106413679387
113.26963590124,23.106056845469
113.26969581822,23.105937762116
113.26986559796,23.105660205246
113.27007544212,23.105283175718
113.27021530829,23.105045173719
113.27023525067,23.10501550654
113.27027522527,23.104966144329
113.27031519986,23.104896754658
113.27032517106,23.104876976518
113.27047500841,23.104599085024
113.2705949322,23.104360832493
113.27082480858,23.103904021336
113.27105459513,23.103527153025
113.27111451211,23.103418039685
113.27113454432,23.103378399858
113.27182408363,23.102117398443
113.2719239752,23.101968726801
113.27240367034,23.101054837144
113.27296322485,23.100161717297
113.2732530182,23.099645222525
113.27352277935,23.099268425233
113.27356275394,23.099209005183
113.27367270654,23.098990355791
113.27373262351,23.098891128241
113.27379254049,23.098791900616
113.27387257951,23.098582890762
113.27429235768,23.097847655472
113.27477223248,23.096922933623
113.27515212588,23.09622699869
113.27566182443,23.09541221664
113.27602159578,23.094845755672
113.27609157378,23.094736468984
113.27614151957,23.094647044981
113.27633142135,23.094308878758
113.27642134174,23.094159782834
113.27648134854,23.094050412473
113.27658132995,23.093901399367
113.27688127416,23.093334183979
113.27719118956,23.092766966169
113.27731120317,23.092548056846
113.27736123879,23.092408599618
113.27748098291,23.092449572466
113.27748125241,23.092445666333
113.27748125241,23.092445666333
113.2777008881,23.092507416465
113.27793049499,23.092599168964
113.27814006967,23.092710784464
113.27819998664,23.092741202373
113.27831973077,23.092822067434
113.2787987971,23.093125414863
113.27884865305,23.09316572262
113.27895842599,23.093276423448
113.27899831075,23.09330667501
113.27901825313,23.093316814268
113.27931765836,23.093568799517
113.27931765836,23.093568882625
113.27931613124,23.093572705617
