113.24562069157,23.114531017956
113.24561889496,23.114524536515
113.24561889496,23.114524536515
113.24595809512,23.114249822849
113.24606786805,23.114171629895
113.24616757997,23.114123268237
113.2462473495,23.114114543193
113.24624725967,23.114114210811
113.24624725967,23.114114210811
113.24626720205,23.114114460098
113.24633700039,23.114125511819
113.24639682753,23.114156423396
113.24671563616,23.114341311038
113.24671563616,23.114341394134
113.24671563616,23.114341394134
113.24692485151,23.114484567623
113.24700453121,23.114525782946
113.24700453121,23.114525866042
113.24700453121,23.114525866042
113.2470941821,23.114557276098
113.24712409567,23.114567746115
113.24723368895,23.114599488542
113.24727357371,23.114610124746
113.24884848293,23.114575640174
113.2499148614,23.114573479695
113.25119045522,23.114565253253
113.25151932487,23.114561015389
113.25236633714,23.114555780381
113.25258552368,23.114559602768
113.25343253595,23.11455453395
113.25480757219,23.11454896656
113.25554490135,23.114552124184
113.25554490135,23.114551376326
113.25554490135,23.114551376326
113.25557490476,23.114451911118
113.25557490476,23.1144120253
113.2555650234,23.114391916195
113.25555514203,23.114371807088
113.2555453505,23.114321700496
113.2555553217,23.11428198083
113.25559529629,23.114172793234
113.25572510144,23.113855284501
113.25599486258,23.113120299973
113.25599495241,23.113070359102
113.25599504224,23.113010446651
113.25602504565,23.112851067765
113.25605513888,23.112641747656
113.25605486939,23.112640833594
113.25605486939,23.112640833594
113.25618449487,23.112623134022
113.25621440845,23.112613744107
113.2562642644,23.112604686578
113.25636388648,23.112586571518
113.25639380006,23.112577181601
113.25643368482,23.112567957876
113.25643359499,23.11256762549
113.25643359499,23.11256762549
113.25646350857,23.112588150354
113.25649342214,23.112598703623
113.25652333571,23.112619228482
113.25656313065,23.112639919531
113.25659304422,23.112660444384
113.25662295779,23.112670997648
113.25667272392,23.112691854882
113.25679219855,23.112743956405
113.25681214093,23.112764315049
113.25712088854,23.112899762273
113.25729021913,23.112972804001
113.25770856,23.113150214629
113.25776829732,23.113171237981
113.25776820749,23.113171321077
113.25776820749,23.113171321077
113.25787780076,23.113193258484
113.25798739403,23.11320522434
113.2581069585,23.113217356388
113.25827628908,23.113250345582
113.25840582474,23.113292641538
113.2589237877,23.113511765953
113.25926244887,23.11364771099
113.25974052707,23.113826117866
113.2602087239,23.114004275215
113.26061718341,23.11413141161
113.26079648519,23.114174538242
113.26100561071,23.1142881299
113.26122470743,23.114381944737
113.26201162305,23.114735432465
113.26232037066,23.114900708844
113.26292798451,23.115250954487
113.26306749135,23.115293332901
113.26311725748,23.115334132498
113.26465156329,23.115969391412
113.26585717911,23.116488564784
113.26594683,23.116529945673
113.2668336372,23.116943587663
113.26819897174,23.117593878792
113.26837836335,23.117676473681
113.26858766854,23.117779509485
113.26945480285,23.118191651905
113.26966410803,23.118284549959
113.26987341321,23.118427386822
113.26993324036,23.118438188906
113.2700030387,23.118459128326
113.27006286585,23.118479901558
113.27035194056,23.118603793044
113.27040179652,23.11862448316
113.27250571785,23.11950086034
113.27305422319,23.119717232463
113.27312402153,23.119748059645
113.27346313186,23.119881920993
113.27369255909,23.119974485495
113.2740816152,23.120108678982
113.27505924109,23.120468798789
113.27601710426,23.120798007595
113.27671562662,23.12101421142
113.27749418801,23.121230664166
113.27752410158,23.121260909358
113.27843255794,23.121477777157
113.27877202759,23.121550149435
113.27938116856,23.121654179323
113.27942114315,23.121664399507
113.28022009607,23.121709185509
113.28085933028,23.121752642041
113.28131881354,23.121774910393
113.28177838664,23.121797012559
113.28244780391,23.121829667256
113.28288752446,23.121811304183
113.28330730262,23.121802662736
113.283747113,23.121773913302
113.28421692678,23.121755051676
113.28440682856,23.121745496226
113.28495668137,23.121706443509
113.2856066054,23.121647199684
113.28573659021,23.121637394954
113.28604659544,23.121607648393
113.28609663106,23.121597760568
113.28609663106,23.121596929658
113.28609663106,23.121596929658
113.28615663787,23.121596929658
113.28618664127,23.121596929658
113.28627665148,23.121587041833
113.2862966837,23.121587041833
113.28634671931,23.121577154006
113.28642675833,23.121567266179
113.28647679395,23.121567266179
113.28660677876,23.121547324341
113.28666678557,23.1215273825
113.28727691467,23.121377153866
113.28727682484,23.121376655319
113.28727682484,23.121376655319
113.28736683505,23.121456588939
113.28749673003,23.121616456034
113.28758665041,23.121716331326
113.28764656738,23.121836231431
113.28775643015,23.122006068954
113.2878062861,23.122175989351
113.28785614206,23.122395930001
113.28785623189,23.122395930001
113.28785623189,23.122395930001
113.28837617112,23.122775071263
113.28855619154,23.122914745867
113.28862616954,23.12302459099
113.28877618656,23.123124299041
113.2889462358,23.123233894721
113.28909625282,23.12334349031
113.28967628868,23.123741822569
113.2897662989,23.123801563995
113.28976620907,23.123801480906
113.28976620907,23.123801480906
113.29013631094,23.123920215873
113.2909165791,23.124447168517
113.29119667076,23.124635947006
113.29119676059,23.124636030095
113.29119676059,23.124636030095
113.29178712697,23.124953180675
113.29178712697,23.124953180675
113.29178712697,23.124953180675
113.29189725923,23.12501267229
113.29222747633,23.12522097582
113.29258778667,23.125428946668
113.2926578545,23.125468579909
113.29271786131,23.125508213138
113.29278792914,23.125557816974
113.29313826829,23.125755733603
113.29371884314,23.126082021203
113.29373887535,23.126091908694
113.29373878552,23.126091742518
113.29373878552,23.126091742518
113.29393901782,23.126240387139
113.29436948582,23.126517319353
113.29446964688,23.12656659046
113.2947199148,23.126744730702
113.29483004705,23.126803889162
113.29500027595,23.126902597321
113.29532070152,23.127090042915
113.29560106267,23.127257796526
113.29638222914,23.127741115181
113.29643226476,23.127770694192
113.29643226476,23.127770611105
113.29643226476,23.127770611105
113.29657249025,23.127879372075
113.29683290902,23.128046958515
113.29710338881,23.128224432074
113.29752406528,23.128610369775
113.29759422294,23.128649669719
113.29773444843,23.128738239952
113.29781457728,23.128767403309
113.29783460949,23.128807201725
113.2978546417,23.128837029758
113.29785455187,23.128837112844
113.29785455187,23.128837112844
113.29799477736,23.128925682952
113.29851579456,23.1291903128
113.29878636418,23.129297410883
113.29878636418,23.129297410883
113.29878636418,23.129297410883
113.29890655746,23.129356152774
113.29902684056,23.129394870895
113.29916715589,23.129453363485
113.29938760006,23.129530882743
113.29942766448,23.129540437633
113.29952791538,23.129579321872
113.29960813406,23.129598431643
113.2996682307,23.129627760982
113.30019939875,23.129791606349
113.30040987173,23.129859155116
113.30074062782,23.129965172545
113.30123182127,23.130139153941
113.3012619145,23.130148791872
113.30165285706,23.130273835658
113.30165285706,23.130273752572
113.30165285706,23.130273752572
113.30173307574,23.130292696072
113.30179326221,23.130301918565
113.30179326221,23.13030200165
113.30179326221,23.13030200165
113.30335739177,23.130631186052
113.30630598977,23.131188271877
113.30633608301,23.131187856453
113.30636617624,23.131197411223
113.30666710859,23.131252745791
113.3071185071,23.131345717783
113.30732915975,23.131392411466
113.30751978018,23.131429384211
113.30806154823,23.131540717808
113.30813179572,23.131549607875
113.30817194998,23.13155899645
113.3083625704,23.131605939312
113.30875387228,23.131679552334
113.30895455374,23.1317262459
113.30918532842,23.131772440943
113.30961678456,23.131885269773
113.30981746601,23.131931963267
113.30993783895,23.131969932875
113.31002811865,23.13198846071
113.31015855261,23.132026264133
113.310479607,23.132130867395
113.31063007317,23.132188361766
113.3110414971,23.132331349827
113.31116187003,23.132379289426
113.31132239723,23.132436534437
113.31173382115,23.132579439146
113.31185419409,23.132627378656
113.31196459584,23.132675484317
113.31216527729,23.132752004684
113.31216518746,23.1327519216
113.31216518746,23.1327519216
113.31290781662,23.133089075962
113.31290781662,23.133089075962
113.31290781662,23.133089075962
113.31307840484,23.133156041463
113.31334933378,23.133271278542
113.31341958127,23.133300025483
113.3137607577,23.133474002504
113.31385103741,23.133492447046
113.31390125269,23.133521526273
113.31404174767,23.133579020041
113.31404174767,23.133579186208
113.31404174767,23.133579186208
113.31420236469,23.133576361371
113.31470415815,23.133797529366
113.31470415815,23.133797529366
113.31470936832,23.13379113195
