113.29146122173,23.095517430515
113.29147361835,23.095530312145
113.29147361835,23.095530312145
113.29136330643,23.095830744641
113.29111267919,23.096351742012
113.29100245711,23.096592169684
113.29092232826,23.096752482259
113.29086223162,23.096892682885
113.29079216379,23.097032966469
113.29073206715,23.0971731668
113.29067197051,23.097303394241
113.29059184166,23.097473678686
113.29050165179,23.097654018734
113.29028111778,23.098134702717
113.29002060919,23.098615468065
113.28993041931,23.098865698053
113.28955950897,23.099676636102
113.28955834117,23.099676719207
113.28955834117,23.099676719207
113.29004845666,23.099845172308
113.29013846687,23.099864868093
113.29029854491,23.099904259655
113.29039861614,23.099923872327
113.29042861955,23.099923872327
113.29048862636,23.099933678662
113.29051862976,23.099933678662
113.29054863316,23.099943568101
113.29054872299,23.099943318787
113.29054872299,23.099943318787
113.29058878742,23.099953208225
113.2908489367,23.099982211699
113.29086896891,23.099992101134
113.29091900453,23.099981962385
113.29118930465,23.099950881299
113.29148960819,23.099889633254
113.29216046274,23.099746444024
113.29242079168,23.099695168447
113.29321183951,23.099560705007
113.2935123227,23.099498875049
113.29425342475,23.099373968473
113.29451384351,23.099322194122
113.29490451658,23.099259366793
113.29504474207,23.099228368643
113.29544547616,23.099165291955
113.29671792591,23.098934509139
113.29697843451,23.098882235986
113.29752954494,23.098787080512
113.29763976703,23.098766054882
113.2977299569,23.098745278566
113.29782014677,23.098724502246
113.29852181321,23.098527459465
113.29922356947,23.098330000864
113.30000554442,23.09811126692
113.30004560884,23.09810087871
113.30017595297,23.098069464761
113.30241219471,23.097421903595
113.30251253543,23.097390655697
113.30300399838,23.097254195376
113.30323468323,23.09719111775
113.30341524264,23.097138760805
113.30377636146,23.09705382616
113.30391676661,23.097021913325
113.30400704631,23.097000721204
113.30414745146,23.096978864228
113.30428785661,23.096966980015
113.30452851266,23.096983518185
113.3046488856,23.097001801586
113.30471904326,23.097020749836
113.30480932296,23.097049421525
113.30508007224,23.097125463799
113.30524050961,23.097183056444
113.30536079271,23.097221285314
113.30548107582,23.097269486917
113.30573170306,23.097365723858
113.30590220144,23.097423150186
113.30670438826,23.097700807379
113.30683473239,23.097748759491
113.30706532742,23.0978751635
113.30727589023,23.097991844018
113.30741620555,23.098089576338
113.30772692943,23.098364572761
113.30831837377,23.098824976499
113.30869934514,23.099148754056
113.30964175745,23.099893123645
113.30987235247,23.100089250251
113.31013304073,23.100304822974
113.31040370018,23.100540257241
113.31044376461,23.100569593003
113.31060420197,23.100696825368
113.31070445287,23.100765136882
113.31082482581,23.100823060364
113.3110153564,23.100909820884
113.31116582258,23.100947217643
113.31152703122,23.101011041419
113.31155712446,23.1010106259
113.31268099448,23.101121153982
113.31289173695,23.101137442324
113.31403572902,23.10123741613
113.31438696647,23.101261266893
113.31446727499,23.101269826574
113.31482857346,23.101293428021
113.31671519469,23.101429967296
113.31724708139,23.101460549415
113.31736754416,23.101468444254
113.31808008009,23.101495785326
113.31815032758,23.101504511198
113.31822057507,23.101503347749
113.31822075473,23.101500522228
113.31822075473,23.101500522228
113.3188931364,23.101518638801
113.32002715728,23.101548722278
113.32125145786,23.101577476093
113.32141198505,23.101584706097
113.32144207829,23.101584290579
113.32149229356,23.101583542648
113.32177328353,23.101588695065
113.32180337676,23.101588279547
113.32188368527,23.10159692231
113.32214455319,23.101602490244
113.32225495494,23.101600661967
113.3222951092,23.101609969558
113.32234532448,23.101609221626
113.32307780279,23.101626922667
113.32465289167,23.101810996726
113.32477326461,23.101829030153
113.32535509709,23.101909723475
113.3256259362,23.101945457887
113.32569618369,23.101954349936
113.32601714825,23.101979280914
113.32635823485,23.101984017799
113.32649864,23.101981940218
113.32725097086,23.101960582681
113.32733118955,23.101959502339
113.32874539191,23.101938892728
113.32894598353,23.10193615032
113.32922679383,23.101932244466
113.32929695149,23.10193133033
113.32955772958,23.101927756889
113.3297583212,23.101925097584
113.33044022492,23.101915956222
113.33176369842,23.101909058649
113.3339588876,23.101893518332
113.33402904526,23.101902742799
113.33455015228,23.101897257981
113.33483078292,23.101894432468
113.33500110165,23.101902659695
113.33548205442,23.10189800591
113.33614329711,23.101911717954
113.33633364804,23.101910055889
113.33641377689,23.101909391062
113.33648393455,23.101908809339
113.33687469745,23.101885457311
113.33802668444,23.101776176416
113.3384173575,23.101723322657
113.33913851717,23.101638307842
113.33944897155,23.101616368525
113.33961920044,23.101605398866
113.33984952598,23.101564096428
113.33994968704,23.101553542282
113.34000978368,23.101553292971
113.34009988372,23.101542821928
113.340220077,23.101532184677
113.34051040934,23.101530605709
113.340650545,23.101509912929
113.34072061283,23.101499608089
113.34078070947,23.101499358778
113.34103097738,23.101478167371
113.34126121309,23.101477087025
113.34150141998,23.101495951533
113.34174162687,23.101534843989
113.34197177274,23.1016038199
113.34214182198,23.101673128188
113.34216185419,23.101683017497
113.3422518644,23.101732630239
113.34231187121,23.101762381254
113.34248183061,23.101901662456
113.34255180861,23.101991413988
113.3427017358,23.102180806142
113.34271170699,23.10220075089
113.34288157656,23.102450143093
113.34337115307,23.103158427692
113.34347104464,23.103308095231
113.34347077515,23.103304937339
113.34347077515,23.103304937339
113.34349080736,23.103324881919
113.34356078536,23.103414632489
113.34361073115,23.10346449389
113.34364073455,23.103504382998
113.34401056693,23.103883328925
113.34389046348,23.103983633071
113.34389037365,23.103983716173
113.34389037365,23.103983716173
113.34388031263,23.103983716173
113.34388031263,23.103983716173
113.34387734822,23.103977483523
