113.28821833884,23.0996394883
113.28816776424,23.099579819102
113.28816776424,23.099579819102
113.2882379219,23.099429814941
113.2882379219,23.099429731836
113.2882379219,23.099429731836
113.28807793369,23.099370062543
113.28779802169,23.099260530263
113.28738812489,23.099111107476
113.28561882236,23.09848141906
113.28538903581,23.098391332733
113.28545910364,23.098261521887
113.28545883415,23.098261023253
113.28545883415,23.098261023253
113.28574871733,23.098361248541
113.28583863772,23.098401305392
113.2861684955,23.09852139277
113.28745819272,23.098970826087
113.28763812331,23.09904063438
113.28774807591,23.099080524816
113.28774816574,23.099080524816
113.28774816574,23.099080524816
113.28868815262,23.099438873368
113.2893281953,23.099687273502
113.28951827674,23.099746776442
113.28974833279,23.099836113908
113.29004845666,23.099945147087
113.29008843125,23.099955036524
113.29036861274,23.100014040718
113.29038864495,23.100014040718
113.29044865176,23.100023847046
113.29047865516,23.100033736478
113.29050865857,23.100033736478
113.29045853312,23.100173933641
113.29045844329,23.100173601223
113.29045844329,23.100173601223
113.29044838227,23.100203685006
113.29041837887,23.100253796926
113.29033816018,23.100513996327
113.29029809576,23.100664082368
113.29023799912,23.1008342794
113.29011762618,23.101244646152
113.29004746852,23.101474843229
113.28996724984,23.101745012646
113.28994712779,23.101955014763
113.28990688371,23.102305045254
113.28988676166,23.10248504633
113.28985648877,23.1028650755
113.2898953854,23.104014713214
113.28990526676,23.104114684853
113.28991514812,23.104214656418
113.28990517693,23.104244656183
113.28989511591,23.104364655174
113.28992511931,23.104404544011
113.2899350905,23.104434543733
113.28994506169,23.104464543448
113.28995503288,23.104494543157
113.28995503288,23.104524542858
113.28996500407,23.104584459139
113.28997488543,23.104674375061
113.2899847668,23.104784318384
113.28999473799,23.104854289824
113.28999473799,23.104884289444
113.2899847668,23.104914289057
113.2899847668,23.104934316497
113.2899847668,23.104964316099
113.2899747956,23.104994315694
113.2899747956,23.105024315283
113.28996482441,23.105054314865
113.28996320746,23.105054314865
113.28996320746,23.105054314865
113.28993311423,23.105084397541
113.28990320066,23.105104508056
113.28988325827,23.105124535466
113.28985325487,23.105154618126
113.28983331249,23.105154701228
113.28979333789,23.105174811732
113.28976342432,23.105184866983
113.28974348194,23.105184950084
113.28971356836,23.105195005334
113.28968365479,23.105195088435
113.28964368019,23.105195171536
113.28964287172,23.105195337739
113.28964287172,23.105195337739
113.2895928361,23.105185448691
113.28953291912,23.105175725846
113.28948297334,23.105155947747
113.28943302755,23.105146141797
113.28937311057,23.105126363694
113.28932316479,23.105106585588
113.28926324781,23.105086807479
113.28926270883,23.105086391972
113.28926270883,23.105086391972
113.28920270202,23.105116557743
113.28906265619,23.105166917113
113.28902268159,23.105196999764
113.28896267479,23.105227165509
113.28857227121,23.105537963698
113.28837212874,23.105698348574
113.28832218296,23.105738403213
113.28823217275,23.105838539756
113.28794193024,23.106048950903
113.28780188441,23.106139115135
113.28741166049,23.106349525805
113.28706159084,23.106479744247
113.28698164165,23.10649977145
113.28646161259,23.106629906645
113.28629165318,23.106669877903
113.28604174459,23.106719821182
113.28552180536,23.106839485535
113.28527189677,23.106889262551
113.28516194418,23.106919095511
113.28477207958,23.106998539238
113.28477028297,23.106998456138
113.28477028297,23.106998456138
113.28486002369,23.107238532135
113.28486002369,23.107368500406
113.28486002369,23.107478441498
113.28486002369,23.107558383489
113.2848500525,23.107638325432
113.28483011012,23.107718267327
113.2847800745,23.107848152029
113.2847500711,23.107918121854
113.28459008289,23.108037868227
113.28452010489,23.108097699823
113.28441015229,23.108167503318
113.28428016749,23.108247195596
113.28427917935,23.108247278696
113.28435562515,23.108356886663
