113.28973647515,23.132885520573
113.28974240397,23.132890754858
113.28974240397,23.132890754858
113.28974240397,23.132890754858
113.28974240397,23.133000757887
113.28974240397,23.133310743272
113.28974240397,23.133420745952
113.28967242597,23.133420995203
113.28967224631,23.133420995203
113.28967224631,23.133420995203
113.28886179508,23.133443095428
113.2888018781,23.133443261596
113.28845180844,23.133444009347
113.28788174377,23.133454976375
113.28739171811,23.133475498008
113.2863116854,23.133475913425
113.28625176842,23.133466026485
113.28610184123,23.133466026485
113.28608189885,23.133466026485
113.28605198527,23.133456139545
113.28601210051,23.133456139545
113.28597221574,23.133456139545
113.28592226996,23.133456139545
113.28521251878,23.133395654715
113.28521135098,23.133395239297
113.28521135098,23.133395239297
113.28519131877,23.13369517067
113.28497132375,23.134834903701
113.28494141017,23.134954875029
113.28493152881,23.135014860652
113.28493125932,23.135014860652
113.28493125932,23.135014860652
113.28485131013,23.135144718633
113.28479139315,23.135274659569
113.28467146937,23.135474472589
113.2845616066,23.135674285307
113.28448174724,23.135814112489
113.28447186588,23.135854074955
113.2844519235,23.135894037408
113.28444204214,23.135944052769
113.28444204214,23.135994068112
113.28444204214,23.136034030523
113.28445201333,23.136064023094
113.28446198452,23.136094015658
113.28447195571,23.136114038391
113.28449198793,23.136144114026
113.28452199133,23.136174189653
113.28455199473,23.136214235092
113.28459196933,23.136244310704
113.28463194392,23.136264416496
113.28464191512,23.136274469391
113.28465188631,23.136294492097
113.2846618575,23.136314514799
113.28467182869,23.136374499807
113.28459196933,23.136504356456
113.28459134052,23.136504273375
113.28459134052,23.136504273375
113.28451139133,23.136594167666
113.28438149635,23.136833940867
113.28430163699,23.136993789427
113.28420174542,23.137203569598
113.28419186406,23.137223509083
113.28418198269,23.137263471123
113.28416204031,23.137323455702
113.28416204031,23.137343478249
113.28414209793,23.137383440254
113.28410221317,23.137523348714
113.28407229959,23.137603272603
113.28402244364,23.137783142715
113.28401256228,23.137803082112
113.28386272492,23.138132746375
113.28383281134,23.13819264748
113.28383173338,23.13819273056
113.28383173338,23.13819273056
113.28380172997,23.138222722643
113.28378187742,23.138252714719
113.28375196385,23.138292676449
113.28372205027,23.138332638167
113.28368216551,23.138362547138
113.28365225194,23.138382486447
113.28360239598,23.138392373021
113.28347259083,23.138412063085
113.28342273488,23.138421949656
113.28329292973,23.138441556635
113.28322304156,23.138451360124
113.28317318561,23.13847121634
113.28315333306,23.138481185987
113.28312341948,23.138511094924
113.28310356693,23.138531034212
113.28305371097,23.138600904775
113.28298382281,23.13874072887
113.28290396345,23.138910461665
113.28289408209,23.139070473881
113.28280425153,23.139270198099
113.28271442098,23.139469922017
113.28253475988,23.139899277573
113.28245499035,23.140089031017
113.28232518521,23.140338518166
113.28224532585,23.140408221618
113.28209557832,23.140507667361
113.28204572236,23.140547462253
113.28166618828,23.140735885506
113.28131665761,23.140904286484
113.28125683046,23.140943998179
113.28076752345,23.141191572909
113.28051788435,23.141310292305
113.28022836049,23.14145867063
113.28018847572,23.141478443318
113.27985897726,23.14163654163
113.27967931616,23.141735487981
113.2791601854,23.141992199834
113.27890066494,23.142120472496
113.27876097844,23.142189510386
113.27867123772,23.142228889383
113.27863135295,23.142258631318
113.27856164444,23.142498145039
113.27855176308,23.14253810549
113.27855176308,23.142578149006
113.27855185291,23.142718135061
113.27854790037,23.142717636595
113.27854790037,23.142717636595
113.27872774113,23.142918850715
113.27910736504,23.143261462328
113.27947701776,23.143603906901
113.27968686192,23.143795233505
113.28074605395,23.144781354524
113.28105587952,23.145102943035
113.28112585752,23.145163256371
113.28122583892,23.145273747672
113.28124587114,23.145303821229
113.28127587454,23.145323925646
113.28129590675,23.145353999191
113.28137585594,23.145444385937
113.28141583054,23.145524554277
113.28146586616,23.145684807735
113.28148589837,23.145844894848
113.28146604582,23.145904792467
113.28146604582,23.145934782805
113.28145616446,23.145964773135
113.2814462831,23.146004732541
113.28143640173,23.146044691933
113.28142652037,23.146114641611
113.28146649497,23.146154850198
113.28140675765,23.146304552307
113.2813869051,23.146364449719
113.28125727962,23.146653884264
113.28125629148,23.146654050415
113.28125629148,23.146654050415
113.28115648974,23.146883587177
113.28109666259,23.14692329708
113.28109657276,23.14692329708
113.28109657276,23.14692329708
113.28106665919,23.146983194212
113.28104680664,23.147043091317
113.2810070117,23.147122926389
113.28088735741,23.147312337191
113.28079761669,23.147411860829
113.28060807422,23.147630928873
113.28018892487,23.148118659269
113.28018829606,23.148118659269
113.28018829606,23.148118659269
113.28009846551,23.148308151722
113.28007861296,23.148408006908
113.28006882143,23.148557955695
113.28007888245,23.148638039077
113.28010888585,23.148748195185
113.28020904692,23.149138808339
113.28073976581,23.151081971207
113.28080983364,23.151322382776
113.28090999471,23.151702936616
113.28095005913,23.151823141892
113.28096012015,23.151893171591
113.28095032862,23.152013127478
113.28094071675,23.152383129232
113.28090101165,23.152562979284
113.28086121672,23.152702788649
113.28081145059,23.15281252602
113.28059208439,23.153221402844
113.28054231826,23.153361128443
113.28051258435,23.153540977168
113.28050279282,23.153690920144
113.28049309112,23.153880903051
113.28048338942,23.154130862657
113.28047395721,23.154740931579
113.28046434534,23.155050949186
113.28042553854,23.156270909606
113.28041574701,23.156420849492
113.28033624698,23.156750467437
113.28020680115,23.15706978404
113.28000746716,23.157438691778
113.27977812976,23.157747373978
113.27938925331,23.158285074057
113.27934945837,23.158334831764
113.27902040907,23.158792784534
113.27895070056,23.158912318834
113.27888108188,23.159071891558
113.27884137678,23.159221662138
113.27874229368,23.159931138776
113.27870258858,23.160060889273
113.27858320378,23.160390082825
113.2785135851,23.16057964079
113.27837407825,23.16073863004
113.27826448498,23.160867881347
113.2776062067,23.161432980538
113.2775364982,23.16149245578
113.27742690492,23.161591553434
113.2774233117,23.161591719566
113.2774233117,23.161591719566
113.27737345575,23.161631341993
113.27704440644,23.161898647705
113.27633636203,23.16245261174
113.27617691281,23.162581196852
113.27614708906,23.162630952944
113.27605743817,23.162740183698
113.27602761443,23.162779888848
113.27596796694,23.162929406039
113.27595817541,23.163059319728
113.27598826865,23.163189648614
113.27609831107,23.163450721325
113.27625838912,23.163832237091
113.27648844516,23.164304374827
113.27659848758,23.16452540847
113.27665849439,23.164645934363
113.2766785266,23.164686137325
113.27670853001,23.164746441744
113.27673853341,23.164826681466
113.27676853681,23.164886985821
113.27680860124,23.164987326891
113.27681857243,23.165017395972
113.27692861486,23.165268414384
113.27781928477,23.167396071193
113.27790938481,23.167626817941
113.2781595629,23.1681588297
113.27820959851,23.168269218757
113.27876987166,23.169383486894
113.27879987506,23.169443706112
113.27884991068,23.169534076419
113.27902004974,23.169895307846
113.27905005315,23.169945559553
113.2790493345,23.169945476493
113.2790493345,23.169945476493
113.27908939893,23.170035763396
113.2795897551,23.171059232158
113.27993003323,23.171761419181
113.27996003663,23.171831604455
113.28008014008,23.172082360768
113.28015029774,23.172292832907
113.28019036216,23.172393085305
113.2802504588,23.172533455145
113.28029052323,23.17265372457
113.28034064867,23.172814028261
113.28037083174,23.172994265857
113.280410986,23.173224504495
113.28044170804,23.174004837734
113.28044206737,23.174344877197
113.2804421572,23.174474862741
113.2804421572,23.174504846609
113.28044233686,23.174674865807
113.28044233686,23.174694882709
113.28044269618,23.175114987769
113.28050315214,23.17568542485
113.28054321657,23.175835674976
113.2805733098,23.175955858343
113.28059334201,23.176015991514
113.28073365733,23.176526790138
113.28078369295,23.17667703931
113.28176482223,23.179122115025
113.28178485444,23.179232245773
113.2818949867,23.179522771243
113.28233551572,23.180624735694
113.28276571423,23.181316407215
113.2829958601,23.181687240661
113.28303592453,23.181757337616
113.28310599236,23.181867549224
113.28327604159,23.182148102547
113.28343611963,23.182388623809
113.28343593997,23.182388623809
113.28343593997,23.182388623809
113.28354598239,23.182578980797
113.28369608924,23.182869415864
113.2838362249,23.183229780365
113.28423677933,23.184390846681
113.28431690818,23.184621065486
113.28434691159,23.184701127055
113.28440700822,23.184871299253
113.28455720491,23.185321602568
113.28460724052,23.185481724809
113.28471737278,23.185811934793
113.28524800184,23.187462806245
113.28552827316,23.188303183088
113.28556833759,23.188443203852
113.2860188378,23.189843569429
113.28609887682,23.189973622791
113.28611890903,23.190053598072
113.28619894806,23.190273675177
113.28654919737,23.191233788406
113.28673927882,23.191603763575
113.28691938907,23.191923743508
113.2869894569,23.192053711778
113.28733961639,23.192663522856
113.28737959099,23.192723482339
113.28740959439,23.192773476236
113.28781985052,23.193503036188
113.28795989635,23.193802831427
113.28802996418,23.193922749333
113.28820010324,23.194332495703
113.28876037639,23.195711456477
113.28889045102,23.196171189916
113.28900049345,23.196600942904
113.28930061732,23.197490174216
113.28961071238,23.198139322583
113.29023099234,23.199427312527
113.29029099914,23.199557107336
113.29031103136,23.199607015607
113.29068113323,23.200365602393
113.29071113663,23.200425475341
113.29088118586,23.200704743671
113.29114133514,23.20105359989
113.29147155224,23.201402123024
113.29274247488,23.202775446362
113.29292258513,23.203034364957
113.29297262075,23.203124047996
113.29311266658,23.203383215027
113.29318273441,23.203552781903
113.29318291407,23.203552698863
113.29318291407,23.203552698863
113.29330301752,23.203702003895
113.29346300573,23.204170926888
113.29350298032,23.204300633999
113.29371264483,23.205659146411
113.29371264483,23.205709135415
113.29366260921,23.205799480943
113.29357250917,23.206020030062
113.29354250577,23.206100244748
113.29354223628,23.206100244748
113.29354223628,23.206100244748
113.29354214644,23.206260175746
113.29353217525,23.206380248425
113.29353208542,23.206380248425
113.29353208542,23.206380248425
113.29349193117,23.206480474982
113.29342186334,23.206580950577
113.2933217921,23.20669155668
113.29317159542,23.206842435877
113.29305149198,23.206963172326
113.29291135632,23.207083991701
113.29276115963,23.207214858475
113.29268112061,23.207265345114
113.29264114602,23.207285606194
113.29261123244,23.207305784234
113.29246112559,23.207406591349
113.29241117981,23.207436899898
113.29236123402,23.207467208441
113.29223115938,23.20754792047
113.29183069479,23.207799937652
113.29144029121,23.208051788281
113.29083959432,23.208424373542
113.29073952308,23.208484741057
113.2905193484,23.208625570807
113.29019910249,23.208826684729
113.29005905666,23.208917111162
113.28968877513,23.209148283689
113.2895487293,23.209228662548
113.28934858683,23.209349230744
113.28915850539,23.209459751494
113.28876828147,23.209690590928
113.28847812879,23.209851181866
113.28784787765,23.210102115194
113.28737770455,23.210302562586
113.28683764327,23.210442892186
113.28664765166,23.210572925281
113.28658764485,23.210652888097
113.28656770247,23.210662852308
113.28650769566,23.210742815069
113.28641768545,23.210882812062
113.28641454138,23.210882729028
113.28641454138,23.210882729028
113.28650446176,23.210972738878
113.28657434993,23.211072712847
113.28672427712,23.211242685028
113.28700409928,23.211562534381
113.28721385362,23.21188238296
113.28745352153,23.212362071342
113.28750346732,23.212472008334
113.2875534131,23.212561934068
113.28821258969,23.213780865955
113.28831248126,23.213970679541
113.28856221019,23.214440147316
113.28864215938,23.214579974325
113.28873207976,23.214759739829
113.28893186291,23.215119270103
113.28915158844,23.215538665497
113.28945108349,23.216317752634
113.28954091404,23.216567428207
113.28975030906,23.217366685778
113.2898201074,23.217646416482
113.28984004978,23.217726375016
113.28986996335,23.217816297173
113.29000956003,23.218355745795
113.29012921432,23.218815234387
113.290198833,23.21926492388
113.29028839406,23.219794486093
113.29033816018,23.220084258183
113.29035810257,23.220194188746
113.29061717387,23.221353020696
113.29093652148,23.222271560283
113.29124580807,23.223270048656
113.29125577926,23.223320030996
113.29140543696,23.223809225917
113.29172505406,23.224487553282
113.29159497942,23.224538199371
113.29159470993,23.224537950292
113.29159470993,23.224537950292
113.29132431997,23.224659168722
113.29044326193,23.225032703445
113.29012301601,23.225173847653
113.2895725344,23.225355508329
113.2890321138,23.225536919678
113.28857182206,23.225697906474
113.28829155074,23.225928385424
113.28794112176,23.226288881591
113.28759069278,23.226699191783
113.28678006189,23.227289664268
113.28633989219,23.227529688254
113.28568960883,23.227929367489
113.28536954258,23.228119077711
113.28483963216,23.228208411621
113.28431969293,23.228417466017
113.2831896246,23.22911453301
113.2827397532,23.229383030676
113.28227991061,23.229671287303
113.28227856315,23.229671121257
113.28227856315,23.229671121257
113.28224864958,23.229611012496
113.28223876822,23.229571078345
113.28223867839,23.229570995322
113.28223562415,23.229568172534
