113.28456223542,23.147399482684
113.28455450999,23.147404882546
113.28455450999,23.147404882546
113.28456448118,23.147404882546
113.28456448118,23.147404882546
113.28456448118,23.147404882546
113.28442452518,23.147344653306
113.28411469961,23.147224111667
113.28411460978,23.147224028592
113.28411460978,23.147224028592
113.28413455216,23.147134058435
113.28422438271,23.146824271526
113.28423435391,23.146714363044
113.28423435391,23.146644413683
113.28420444033,23.146544391017
113.28412449114,23.146444285201
113.28374459774,23.146083488256
113.28364470617,23.145983299015
113.28352478238,23.145903047877
113.28352415357,23.145902466347
113.28352415357,23.145902466347
113.28326436362,23.145921739917
113.28326436362,23.145921739917
113.28326436362,23.145921739917
113.28311443643,23.145841239514
113.28306458047,23.145821135175
113.28306440081,23.145821135175
113.28306440081,23.145821135175
113.28215513597,23.145907949345
113.28190540704,23.145926973687
113.2817356273,23.145936278168
113.28164579675,23.145955884035
113.2816259442,23.145945914951
113.2816259442,23.145916007691
113.28164588658,23.145866162244
113.28167580015,23.145826368949
113.28167553066,23.145825870495
113.28167553066,23.145825870495
113.28189525619,23.145806846138
113.28199514776,23.145797375497
113.28206512576,23.145787738703
113.28233488691,23.145758911394
113.28252469886,23.145739720877
113.28323418055,23.145672097126
113.28346405693,23.14565282352
113.28414371488,23.145584535117
113.28425366747,23.145574815232
113.28468350666,23.145535686457
113.28523335946,23.145486505475
113.28544329346,23.145426773819
113.28552324265,23.145396949519
113.28560319184,23.14537709434
113.28576318005,23.145337300898
113.28610309886,23.145227557335
113.28622311247,23.145187680772
113.28627305826,23.145167742486
113.28641301426,23.145107844533
113.28683297208,23.144927818208
113.28701299251,23.144857784827
113.28704299591,23.144837846491
113.28715294851,23.144797886734
113.28767297757,23.144577484782
113.2878130234,23.144527389602
113.28801307603,23.144537109563
113.2880129862,23.144535032648
113.2880129862,23.144535032648
113.28821303884,23.144464666754
113.28831302024,23.144414571531
113.28848306948,23.144354340931
113.28972353955,23.14388130131
113.29159479976,23.143173981804
113.29158482857,23.143104113651
113.29158473874,23.143103698264
113.29158473874,23.143103698264
113.29158473874,23.142963712615
113.29157467772,23.142593850713
113.29156470653,23.142423956479
113.29156470653,23.142394048425
113.29156470653,23.14227408383
113.29154458448,23.141604224124
113.29156452686,23.141164156938
113.29156452686,23.140774184909
113.29155446584,23.140254275804
113.29155446584,23.139924367579
113.29158437942,23.139464272592
113.29158437942,23.139304343932
113.29161429299,23.138764240572
113.2916043218,23.138574402152
113.29159435061,23.138114551721
113.29157431839,23.137304679369
113.29157431839,23.1372247553
113.29159435061,23.137144748103
113.29159354213,23.137143418803
113.29159354213,23.137143418803
113.29164357775,23.137133199812
113.29172361677,23.137122897738
113.29180365579,23.137102625914
113.29193382026,23.137082021761
113.2919939169,23.137071802765
113.29230428145,23.137040231878
113.29249445273,23.137049204657
113.29278478507,23.137047626112
113.29289491732,23.137047044543
113.29322531409,23.137045133674
113.29351564643,23.13705327564
113.29480749959,23.137074212122
113.29489759963,23.137073630553
113.29744213981,23.137111598689
113.29753232969,23.137110767876
113.29757239411,23.137110435551
113.29783290271,23.137107943114
113.29802325365,23.137116001995
113.29833388769,23.137112927989
113.2984541708,23.137111764851
113.29867461497,23.137109521658
113.29888508795,23.137107361545
113.29888526762,23.137106115326
113.29888122524,23.137106115326
