113.32886666315,23.12374597705
113.32885588349,23.123742238017
113.32885588349,23.123742238017
113.32886594451,23.123752125682
113.32886594451,23.12383214096
113.32886585468,23.12383205787
113.32886585468,23.12383205787
113.32789298981,23.123866124589
113.32776264568,23.123878006393
113.32776264568,23.123878006393
113.32776264568,23.123878006393
113.32777234738,23.124417838032
113.32777234738,23.124567813955
113.32777234738,23.124667770114
113.32778213891,23.125087535303
113.32778213891,23.125247481112
113.32779193044,23.125737287985
113.32779193044,23.125827272664
113.32781160333,23.126656906928
113.32782103554,23.128006661348
113.32782085588,23.128766572444
113.32783082707,23.128876412721
113.32783073724,23.129276390087
113.32788086269,23.129295666074
113.32792101694,23.129315108231
113.3279611712,23.129344520719
113.32800123563,23.129383903531
113.32800069664,23.129383986617
113.32800069664,23.129383986617
113.32808100516,23.129372769995
113.32808100516,23.129372769995
113.32808100516,23.129372769995
113.32889334283,23.129321090432
113.3298059314,23.129268496902
113.32987608906,23.129257612614
113.32995630774,23.129246645239
113.33001649421,23.129245897464
113.3303072757,23.129222051729
113.33063821145,23.129187737127
113.3317912764,23.129083131544
113.33207199687,23.129059784297
113.33231256309,23.129036935565
113.33235262752,23.129036520133
113.3324328462,23.129025635826
113.33259328356,23.129013837569
113.33268347343,23.129002870174
113.3327436599,23.129002205483
113.33275372093,23.129002205483
113.33420708941,23.128885967658
113.33427724707,23.128875332598
113.33431740133,23.128785017641
113.33435746575,23.128744637612
113.33439753018,23.12871431104
113.3344375946,23.12868398446
113.33448772005,23.128673515557
113.33461797435,23.128662215788
113.3346680998,23.128671687653
113.33469819303,23.128691379161
113.33473825746,23.128710987579
113.33477832188,23.128750536753
113.33480841512,23.128790252088
113.33482844733,23.128820080124
113.33484847954,23.128859878525
113.33484847954,23.128899843086
113.33484847954,23.128939807635
113.33484847954,23.128979772173
113.33482853716,23.129019985957
113.33480859478,23.129070170083
113.33476862018,23.129100579661
113.33472864559,23.129140959581
113.33467860997,23.129161481881
113.33462857435,23.129172033832
113.33462785571,23.129170289021
113.33462785571,23.129170289021
113.3346378269,23.129340117155
113.3346378269,23.129560129012
113.3346378269,23.129610146762
113.33464779809,23.129780057418
113.33466747098,23.131029745679
113.33468732353,23.131829520046
113.3346972049,23.132399395805
113.3346972049,23.132439359299
113.33470717609,23.132769286151
113.33470717609,23.132849295989
113.3346972049,23.133069385108
113.33470717609,23.133159281728
113.3346872337,23.133369483385
113.3346872337,23.133499509145
113.3346872337,23.133539472308
113.33470717609,23.134179213611
113.33473717949,23.134958862994
113.33482736936,23.136587936548
113.33483743039,23.136847815464
113.33487758464,23.137437442943
113.33487758464,23.137517449964
113.33489770669,23.137857250793
113.33491782873,23.138237095578
113.33492788975,23.138507023986
113.33493795077,23.138586947281
113.33496813384,23.13916668051
113.33496813384,23.139276678331
113.33497828469,23.139836635614
113.33497828469,23.139926610726
113.33497837452,23.140396673611
113.33497846435,23.140746685772
113.33497864401,23.141346680734
113.33497864401,23.14143665482
113.33497882367,23.142096712155
113.3349789135,23.142276742326
113.33497909316,23.142806778974
113.33498924402,23.143236705262
113.33498933385,23.143496737297
113.33498942368,23.143636722382
113.33498951351,23.143786759645
113.33498969317,23.14429676876
113.33497990164,23.14451692195
113.33499050164,23.145646925131
113.33499104063,23.146717021452
113.33507125931,23.146846203367
113.33509129152,23.146876027341
113.33510135254,23.14689596537
113.33513144578,23.146925706258
113.33519163225,23.146965083847
113.33537201199,23.147043340542
113.33537165267,23.147043257467
113.33537165267,23.147043257467
113.33568228672,23.14706020477
113.3360530174,23.147076736697
113.33662407021,23.147091607121
113.33666413464,23.14710124382
113.33698473988,23.147108471343
113.33751563843,23.147134058435
113.33831692695,23.147167869942
113.33868747797,23.147185149529
113.3387575458,23.147194620071
113.3391180358,23.147202096815
113.33916807142,23.147211733505
113.33923813925,23.147211318131
113.3393482715,23.147220622521
113.33936830372,23.147230508435
113.33942840035,23.147230176136
113.33989902261,23.147227268514
113.33999918367,23.147216718
113.34012934814,23.147216053401
113.3404697161,23.147214225753
113.34086011968,23.147192210898
113.34179103367,23.147147848879
113.34255162895,23.147104816044
113.34341220563,23.14706203242
113.34341229546,23.147061284745
113.34341229546,23.147061284745
113.34356204299,23.146490807415
113.34358198537,23.146380815581
113.3437617363,23.145700342923
113.34379164988,23.145560360017
113.34381159226,23.145500379166
113.34381168209,23.145500046862
113.34381168209,23.145500046862
113.34547219982,23.145427023047
113.34595225429,23.14539670029
113.34652222913,23.145366626755
113.34652231896,23.145366460603
113.34652231896,23.145366460603
113.34682217334,23.145046534257
113.34691209372,23.1449166029
113.3470119853,23.144736742468
113.34706193108,23.144686813501
113.34715185147,23.144526891142
113.34731174985,23.144317039484
113.34731174985,23.144297101067
113.34762148559,23.143917439802
113.34767143137,23.143737578014
113.34777132294,23.143437752439
113.34779126533,23.143307819505
113.34779126533,23.143306988731
113.34779396024,23.143303831792
