113.32122208327,23.109877594378
113.32122289174,23.109876181706
113.32122289174,23.109876181706
113.32100226791,23.109850088835
113.32096220348,23.109870780316
113.32096202382,23.109870697218
113.32096202382,23.109870697218
113.32094208144,23.109681066738
113.32085207123,23.109482710639
113.32074175931,23.109474733178
113.3205009236,23.109508886681
113.32045079816,23.109519772589
113.32020996245,23.109563980999
113.32020960313,23.109563814802
113.32020960313,23.109563814802
113.32021957432,23.109673587879
113.32026934044,23.1101026244
113.32028928283,23.110252284112
113.320289193,23.110252284112
113.320289193,23.110252284112
113.31982791312,23.109940416682
113.31895547881,23.109355902186
113.31865472612,23.109151313194
113.31835388361,23.108976722582
113.31801297666,23.108772880897
113.31781247487,23.108656542249
113.3174714781,23.108522669579
113.3174414747,23.108513279374
113.31721078984,23.108467491729
113.3169098575,23.108412895551
113.31622750463,23.108385057308
113.31578598748,23.108392868636
113.31562546028,23.108405749017
113.31545496189,23.108418795595
113.31463202422,23.108513362474
113.31459195979,23.108514110366
113.31398982561,23.108584744633
113.31299629971,23.108682136761
113.31287592678,23.108694269222
113.31215341966,23.108746787809
113.31106961406,23.108825399454
113.31086902244,23.108838778386
113.31050781379,23.108864871456
113.30948437432,23.108932015383
113.30895266729,23.108970739464
113.3086016095,23.108996500112
113.30859927391,23.108995586025
113.30859927391,23.108995586025
113.30824812628,23.109021263569
113.30800738041,23.109035141075
113.30740551571,23.109074696114
113.30728523261,23.109086579243
113.30663324247,23.109126715958
113.30657314583,23.109137601898
113.3064428017,23.109139596268
113.30626233212,23.109152393478
113.30604170829,23.109155717428
113.30556030637,23.109153058268
113.30450722282,23.109158459687
113.30393563102,23.109156714613
113.30364484953,23.109160786452
113.30351459523,23.109152642774
113.30311359165,23.109158127292
113.30251199645,23.109226185156
113.30174996389,23.109356068383
113.30152942988,23.109398864172
113.30139917558,23.109430524737
113.30132910776,23.109441410651
113.30038669544,23.10963286964
113.29963490356,23.109791504504
113.29937430514,23.109844438149
113.29923398981,23.109895959102
113.29907364228,23.109957701121
113.29887323032,23.110019858602
113.29876300824,23.110060992213
113.29844222334,23.110214308288
113.29803115874,23.110518446969
113.29800115533,23.1105487777
113.29799864008,23.110548611505
113.29799864008,23.110548611505
113.29777801624,23.110720790213
113.29765773314,23.110831974994
113.29692579381,23.111428864494
113.29655488346,23.111742224175
113.29643469019,23.111833298608
113.29605380865,23.112156545863
113.29540226766,23.112691854882
113.29535223205,23.112732239796
113.29448033672,23.113368757606
113.2944002977,23.113419363134
113.29400962463,23.113642060466
113.29315812084,23.114137477592
113.29308805301,23.114187916635
113.29297792075,23.114248576415
113.29294791735,23.114268768637
113.29177616764,23.114885003858
113.29106533849,23.115188217791
113.29029450254,23.115511207591
113.28850292203,23.116255984006
113.28779254203,23.116547063065
113.28673209238,23.116987793601
113.28665214319,23.117017790479
113.28543188498,23.117497241045
113.28539200022,23.117507212269
113.28529210864,23.117547097157
113.28526219507,23.117557068378
113.28525231371,23.117567039597
113.28426238104,23.117925421343
113.28399253006,23.118014829669
113.28308281607,23.118322357288
113.28219331396,23.11855917218
113.28164382048,23.118666860497
113.28132411355,23.118725357817
113.28084459807,23.118783024185
113.28059495896,23.118821745391
113.27975594162,23.118876918937
113.27965613988,23.118886308408
113.2796662009,23.118826481675
113.27966305683,23.11882631549
113.27966305683,23.11882631549
113.27966332632,23.118506408197
113.27955382288,23.118215831995
113.27949408556,23.118075570792
113.27932466514,23.11778457818
113.27930481259,23.11772450167
113.27913539217,23.117403511504
113.27898573447,23.117302635842
113.27898519549,23.117302220374
113.27898519549,23.117302220374
113.27895528192,23.117291999854
113.27890542596,23.117281779333
113.27858598852,23.117279618897
113.27853613257,23.117279369616
113.2782865833,23.117297567129
113.27801709164,23.117315515359
113.27771768642,23.117323159974
113.27752805412,23.117331635526
113.27734848285,23.117330306028
113.27719882515,23.117319171479
113.2767496724,23.117295489788
113.27625066369,23.117251117765
113.2760910348,23.117229762685
113.27602123646,23.117229181029
113.27586160757,23.117207742852
113.2756820363,23.117196109731
113.27562220915,23.117185639921
113.27545260907,23.117164118643
113.27499366479,23.117119663483
113.27480412233,23.117097809819
113.27474429518,23.117097311256
113.27452483914,23.117115010231
113.27437518145,23.117163453893
113.27421555256,23.117281779333
113.27421366611,23.117280449834
113.27421366611,23.117280449834
113.27417369152,23.117369941688
113.27393384395,23.117897252723
113.27390393038,23.117976939159
113.27388407782,23.118006686534
113.27387419646,23.118036600088
113.27351442511,23.118872515025
113.27313471137,23.119728117534
113.27312483001,23.119747976553
113.27310497745,23.119777723531
113.27309509609,23.119807636686
113.27307524354,23.119837383651
113.27305530116,23.119887155791
113.27286557904,23.120234895518
113.2726158501,23.12073186677
113.27251604836,23.120910679578
113.27229632284,23.121357959819
113.27223649569,23.121487249535
113.27226640926,23.121527631773
113.27227629062,23.121617702399
113.27225634824,23.121697469692
113.27219652109,23.121756713494
113.27211675156,23.121775741301
113.27206698544,23.121775242756
113.27201721931,23.121774744211
113.27201524304,23.121774578029
113.27201524304,23.121774578029
113.2719454447,23.121823684716
113.27185570398,23.121892566993
113.27160615471,23.122249441426
113.27129668846,23.122715495555
113.27111711719,23.122943162692
113.27086765775,23.123209881725
113.27070793903,23.123507758889
113.27066796444,23.123707174191
113.27072761192,23.124087890404
113.27083702553,23.124629216792
113.2709166154,23.125040174689
113.27093646795,23.125160404145
113.27098623408,23.125401028906
113.2709662917,23.125560725071
113.27093637812,23.125680289347
113.27088652217,23.125879618294
113.27085651876,23.126239223907
113.27073668481,23.126637630557
113.27073560684,23.126637796733
113.27073560684,23.126637796733
113.27016715912,23.126560275783
113.27005756584,23.126538922201
113.26971863517,23.126484416546
113.26964892667,23.12647353203
113.2694196791,23.126440463036
113.26938985536,23.126460071787
113.26934008923,23.126479348183
113.26931026549,23.126488903293
113.26927047056,23.126508345861
113.26924064681,23.126527954602
113.26921082307,23.126557533884
113.26913114337,23.12663638424
113.26913006541,23.126636051889
113.26913006541,23.126636051889
113.26913006541,23.12667601712
113.26912018404,23.126755864459
113.26908011962,23.127375282089
113.26902002298,23.128224348987
113.26899001958,23.128693871757
113.26896001617,23.129073410449
113.26893001277,23.129522989573
113.26892938395,23.129522989573
113.26892938395,23.129522989573
113.26888949919,23.129652354417
113.26884952459,23.130271758519
113.26879957881,23.130911017077
113.26877963643,23.131250751752
113.26874972285,23.131550272553
113.26874972285,23.131590236303
113.26874972285,23.131650223449
113.26872978047,23.131939939378
113.26867983468,23.132909199481
113.26863994992,23.133678637075
113.26863923127,23.133678637075
113.26863923127,23.133678637075
113.26862917025,23.133908445558
113.26860922787,23.13439813736
113.26858937532,23.134797848823
113.26857949396,23.135037708355
113.26855964141,23.1352674314
113.26855964141,23.135297424145
113.26855964141,23.135357409613
113.26854976005,23.135517259953
113.26852990749,23.135806967432
113.26852936851,23.135807050514
113.26852936851,23.135807050514
113.26849945494,23.135876590185
113.26849945494,23.135916552631
113.26842974643,23.136895587268
113.26840989388,23.137065322426
113.26836021758,23.137874614675
113.26835033622,23.13795445527
113.26835033622,23.138024492299
113.26835033622,23.138074506856
113.26835033622,23.138154513493
113.26834045486,23.138404336604
113.2683208718,23.139844112773
113.2683111701,23.140534003439
113.2683111701,23.140614008591
113.2683111701,23.140644000126
113.2683111701,23.140683961135
113.2683111701,23.140834001741
113.2683014684,23.141453852076
113.2682917667,23.142153786813
113.26828197517,23.142443645944
113.26828197517,23.142493658834
113.26828197517,23.142523649944
113.268282065,23.142863687171
113.2682920362,23.142943857072
113.2682920362,23.143043882456
113.2682823345,23.143613793085
113.26828242433,23.143733839545
113.26832239892,23.143884458236
113.26831269722,23.144224325819
113.2682532294,23.144763493088
113.26813393443,23.145371777472
113.26810420051,23.145471385643
113.26790522584,23.146118546164
113.26788537329,23.146178277509
113.26788537329,23.146258279254
113.26785563938,23.146427836271
113.26785581904,23.146717852204
113.26786588006,23.146837978927
113.26797628181,23.148049707542
113.26798634283,23.148229895775
113.26799640385,23.148330083317
113.26812692764,23.149822170904
113.26812531069,23.14982208783
113.26812531069,23.14982208783
113.26816555478,23.150402768786
113.26828619721,23.15182472026
113.2682961684,23.151874895753
113.26829625823,23.15201495506
113.26835626504,23.152255863365
113.26859647193,23.153459484542
113.26878664321,23.154392368579
113.26901696874,23.155545796259
113.26906727385,23.15607661052
113.26907733487,23.15620678014
113.26908730606,23.156256953973
113.26911748913,23.156547446804
113.26911775862,23.156547280666
113.26911775862,23.156547280666
113.26918800611,23.157048352304
113.26927792649,23.157219639953
113.26930810956,23.157500079388
113.26935832484,23.157840825794
113.2694185113,23.158241712568
113.26951858254,23.158633128406
113.26969860296,23.159195745112
113.26969851313,23.159195828179
113.26969851313,23.159195828179
113.26974854875,23.159366531579
113.26990853696,23.159788761963
113.27007858619,23.160361175627
113.27015889471,23.160862315902
113.27014919301,23.161052205456
113.27014928284,23.161152217167
113.2701494625,23.161302234593
113.27010984722,23.161521778061
113.27010966756,23.161521861127
113.27010966756,23.161521861127
113.27010975739,23.161601853605
113.2700900845,23.161761589219
113.27004076753,23.162210974391
113.27000124209,23.16252047612
113.2698930861,23.163919288651
113.26989272678,23.163919371715
113.26989272678,23.163919371715
113.27012260316,23.164492598163
113.27014263538,23.164542851921
113.2701526964,23.164602990277
113.27025276763,23.164984419659
113.27025276763,23.164984419659
113.27025276763,23.164984419659
113.27023300491,23.165164252599
113.27022312355,23.165204123149
113.27022321338,23.165284113402
113.27022330321,23.165354135983
113.27022339304,23.165434126146
113.27021360151,23.165494014908
113.27020380998,23.165593940201
113.27019401845,23.165673847155
113.27018422692,23.165723685149
113.27017434556,23.16576355553
113.27016455403,23.165813393489
113.27012493876,23.165952856612
113.2701150574,23.165992726924
113.27008532348,23.16610237022
113.27005558957,23.166221980985
113.27001588447,23.166351476128
113.269966298,23.166490855622
113.26993656409,23.166570429784
113.26993530646,23.166570512847
113.26993530646,23.166570512847
113.26988554034,23.166699841524
113.26984583524,23.166819285624
113.26980613013,23.166908744034
113.26976642503,23.166978184319
113.26974666231,23.167027938758
113.26966707244,23.167136833635
113.26956754019,23.16726549726
113.26946800794,23.167394160761
113.26937844688,23.167522907198
113.26929885701,23.167621834214
113.26924918072,23.167711125958
113.26917965187,23.167890207637
113.26907032809,23.168138728748
113.26895103312,23.168397133727
113.2689312704,23.168456855025
113.26882194662,23.168705375073
113.26882068899,23.168705375073
113.26882068899,23.168705375073
113.26862171432,23.169122675066
113.26844268203,23.169510154873
113.26839300573,23.169609495708
113.26815432596,23.17008609811
113.26803494116,23.170294413853
113.26796541231,23.170433456954
113.26791573602,23.170522746801
113.26773679356,23.170980159054
113.26762746978,23.171268626147
113.26761758842,23.171308494858
113.26760770706,23.171348363556
113.26754823923,23.171647544534
113.26752847651,23.17173724886
113.26739004763,23.172855391565
113.26724164756,23.173993375714
113.26722197467,23.174193130334
113.26718244923,23.17447262018
113.26718253906,23.174522620976
113.26717274753,23.17460252254
113.26713322209,23.174861994648
113.2671135492,23.175021714262
113.26704437967,23.175570723008
113.26682663042,23.177267652281
113.26675737106,23.17774663572
113.26672772698,23.177986251373
113.26671793545,23.1780961339
113.26670814392,23.178156016932
113.26669835239,23.178235916302
113.26668856086,23.178315815625
113.26665891678,23.178495381285
113.26664912525,23.178565230766
113.266619571,23.17888482697
113.26658004555,23.179234239089
113.26654052011,23.179573683731
113.26639212004,23.180951552599
113.26628324541,23.181900023011
113.26628324541,23.181940054624
113.26627336405,23.181999935916
113.26619404368,23.182538783271
113.26608498939,23.183267153903
113.2660653165,23.183486910093
113.26603576225,23.18383647616
113.26606594531,23.184267016703
113.2660759165,23.184337195343
113.26610591991,23.184557697218
113.26614598433,23.18489837397
113.26617598774,23.185098859585
113.26621605216,23.185379489106
113.26624605557,23.185579973992
113.26624264201,23.185579558738
113.26624264201,23.185579558738
113.26629258779,23.185710363751
113.26631253017,23.185760692502
113.26647242855,23.186513213019
113.26647242855,23.18651329607
113.26647242855,23.18651329607
113.26654222689,23.18664434931
113.26666197102,23.186846244129
113.26673176936,23.18693735
113.26678162531,23.187018157616
113.26686139484,23.187099380432
113.26695113556,23.187180769298
113.26709073224,23.187302935552
113.26734001202,23.187496690502
113.26743972393,23.187558230271
113.26753943584,23.187609721013
113.26763914775,23.18765124579
113.2676989749,23.187672174273
113.26776877324,23.18768321986
113.26783857157,23.187704231388
113.26792831229,23.187745590036
113.26918486204,23.188373691783
113.26943414182,23.188447190206
113.26993279121,23.188594020831
113.27018216082,23.188657387165
113.27030181511,23.188698994662
113.27049135757,23.188771496318
113.27067092885,23.188833865981
113.27089038488,23.188916748657
113.27101012901,23.188968321919
113.2711597867,23.189040242086
113.27158872759,23.189235655462
113.27179821243,23.18935823506
113.27184806839,23.189398845756
113.27195784132,23.189490199013
113.27195793115,23.189490115965
113.27195793115,23.189490115965
113.27224718552,23.189343618529
113.27224718552,23.189343618529
113.2722823991,23.189420355301
