113.28116664059,23.134821361224
113.28117364737,23.134823105961
113.28117364737,23.134823105961
113.28122359316,23.134723406705
113.28127353895,23.134583744537
113.28131351354,23.134434029189
113.28143343733,23.134034648963
113.28154338992,23.133675230655
113.28163340013,23.133365744624
113.28174335273,23.132996354444
113.28177335613,23.132876547512
113.28177335613,23.132875882841
113.28177335613,23.132875882841
113.28179356801,23.132066061572
113.28180362903,23.131926230436
113.28181369005,23.131606354736
113.28182366124,23.131526510317
113.28183363243,23.131496599805
113.28183372226,23.131286727518
113.28183381209,23.130996843992
113.28183399175,23.130426962206
113.28184405278,23.130157100433
113.28183417141,23.12998719026
113.28182437988,23.129767262198
113.28182437988,23.129727380983
113.28181467819,23.129257446442
113.28180488665,23.129077481677
113.28180488665,23.128987582289
113.28179518496,23.128597657529
113.28178539343,23.128387697568
113.28178539343,23.128297797712
113.28177569173,23.127747845237
113.28177578156,23.127467924451
113.28176599003,23.127238021718
113.28175610867,23.127128096997
113.2817561985,23.126988177567
113.28172646458,23.126718142621
113.28172655441,23.126618271096
113.28172556628,23.126616110813
113.28172556628,23.126616110813
113.28125602199,23.126573985279
113.28111624565,23.126563433122
113.28087657774,23.126522304626
113.28079671838,23.126512001728
113.28054707928,23.126450765939
113.28049722332,23.126440546124
113.28016772486,23.126368758129
113.28008795533,23.126348401573
113.27990829423,23.126317409748
113.27974857551,23.126286501004
113.27878002251,23.126180314459
113.27870025298,23.126169845358
113.2784606749,23.126168183596
113.27824112904,23.126126639537
113.2778120085,23.12595348376
113.27726314383,23.125619219352
113.27625533488,23.125010678158
113.27625398742,23.125009431825
113.27625398742,23.125009431825
113.2759845856,23.12480702728
113.27556552608,23.124653146441
113.27535604123,23.124591245082
113.27530627511,23.12456083447
113.27507693771,23.124448664122
113.27491739865,23.124357182901
113.2744885476,23.124092875768
113.27434895092,23.124011531216
113.27420935425,23.123920132783
113.27396007447,23.12376758035
113.27391030834,23.123717144948
113.27386054222,23.123666709527
113.27382074728,23.123556366397
113.27380107439,23.123306266041
113.27378131167,23.123196171881
113.27370163197,23.123105354517
113.27347238441,23.122872951518
113.2729839757,23.122377567007
113.27302386047,23.122358123833
113.27305377404,23.122338514476
113.27305233675,23.122336769575
113.27305233675,23.122336769575
113.27314225713,23.12221786701
113.27331194704,23.122129874057
113.27348163696,23.121981889555
113.2736514167,23.12171392169
113.2737213947,23.121524806678
113.27373145572,23.121455010209
113.27375166759,23.121075366627
113.2737319947,23.120815290619
113.27372220317,23.1206953065
113.2737125913,23.120325299389
113.27371232181,23.120324468471
113.27371232181,23.120324468471
113.27363255228,23.120263645285
113.27361269973,23.120223511938
113.27358287599,23.120153299325
113.2735232285,23.120032732964
113.27347346237,23.119952299934
113.27344363863,23.119922054443
113.27344327931,23.119921555891
113.27344327931,23.119921555891
113.27336341995,23.119880674612
113.27314405374,23.11979824728
113.27310425881,23.119777889715
113.2730345503,23.119747145632
113.27300472656,23.1197369253
113.27290510448,23.119705848839
113.27255611279,23.11956185006
113.27249637547,23.119531189019
113.27249574666,23.119530690466
113.27249574666,23.119530690466
113.27208692782,23.119365752223
113.27176793953,23.119231973447
113.27033226767,23.118643677603
113.27004328279,23.118519869247
113.26999351666,23.118489291058
113.26992380815,23.118458463583
113.26987404203,23.11842788538
113.26987350304,23.118427386822
113.26987350304,23.118427386822
113.26962422327,23.1183839292
113.26940494689,23.1183210278
113.26934520957,23.1183103088
113.26897645516,23.118215250343
113.26852793122,23.118098919972
113.26844825152,23.118077897401
113.26831871587,23.118056126988
113.26822906498,23.118034938224
113.26801984963,23.117961982376
113.2677807207,23.117888527927
113.26757150535,23.117825543198
113.26751176803,23.117804769864
113.26703342035,23.117677636988
113.26690397452,23.11764572911
113.26656522351,23.117560641398
113.26567841631,23.117186969421
113.26559882645,23.117155809269
113.26555903151,23.117155227612
113.26517051438,23.116989123103
113.26434362416,23.116655833237
113.26420420714,23.116573653184
113.26413458847,23.116542575982
113.26394540533,23.116439539216
113.26390561039,23.116418931854
113.2638559341,23.116388186992
113.26353739496,23.116103007288
113.26337821523,23.115920448747
113.26310953205,23.115606101795
113.26297020486,23.115493840781
113.26296759978,23.115491514127
113.26296759978,23.115491514127
113.26294774723,23.115461184524
113.26272874034,23.115277627961
113.26253964703,23.115144509824
113.26227078419,23.114970010191
113.2621414282,23.114897883609
113.26200210102,23.114825590797
113.26120530403,23.114462048762
113.26097632595,23.114358179426
113.26064754614,23.11438244331
113.26064673766,23.114381944737
113.26064673766,23.114381944737
113.26063658681,23.114601732116
113.26063658681,23.114711750312
113.26059679188,23.114741082943
113.26054702575,23.114770249376
113.2605271732,23.114799914375
113.26052672405,23.114799748185
113.26052672405,23.114799748185
113.26032747989,23.114786286757
113.26023791883,23.114774819615
113.25996896616,23.114760194852
113.25955053545,23.114772825329
113.25930152516,23.114768504376
113.25923190649,23.114767341043
113.2587138537,23.114738257704
113.25822571448,23.114729698892
113.25813615342,23.114728203177
113.25705019189,23.114728867939
113.25693080709,23.114666795759
113.25664200187,23.114611703558
113.25649261366,23.114589101623
113.25566572344,23.114604308072
113.25562592851,23.114613614751
113.25557616238,23.114622755238
113.25552639626,23.114631895725
113.25552495897,23.114630981676
113.25552495897,23.114630981676
113.25501678754,23.11463197882
113.25480766202,23.114638294065
113.2538710887,23.114641700973
113.25348257156,23.114644858595
113.25283498312,23.114653500509
113.2528346238,23.114653334318
113.2528346238,23.114653334318
113.25282447295,23.114873121248
113.25282429328,23.1151930373
113.25282411362,23.115523007049
113.2528237543,23.116072927109
113.25278368988,23.116412201222
113.25278342038,23.1168021618
113.25278324072,23.117132127548
113.25278306106,23.117442066926
113.25278234242,23.117441983833
113.25278234242,23.117441983833
113.25337019354,23.117422290655
113.2534200495,23.117423204685
113.25353961396,23.117445307576
113.25359935128,23.117476384566
113.25370894455,23.117538289246
113.25375871068,23.117559145715
113.25388824633,23.117591469081
113.25436650418,23.117599944616
113.25448606865,23.117602105046
113.25477505353,23.117607256841
113.25477505353,23.117607173747
113.25478340777,23.117605511878
