113.27989104677,23.103312665864
113.27975818738,23.103129923527
113.27975818738,23.103129923527
113.27984828742,23.102950588146
113.27982843487,23.102890588025
113.27979861113,23.102870477175
113.27956909407,23.102749147189
113.27915991591,23.10252659779
113.27910008877,23.102486292874
113.27909963961,23.102485794256
113.27909963961,23.102485794256
113.27913979387,23.102326153426
113.27922001255,23.102026815964
113.27922001255,23.102026732861
113.27922001255,23.102026732861
113.27844145117,23.101661410602
113.27750344055,23.101204423951
113.27740372864,23.101153730663
113.2771942438,23.101042122258
113.27685504364,23.100869349269
113.27594721609,23.100421418253
113.27563801933,23.100278645118
113.27513936994,23.100033902687
113.27484023421,23.099901018578
113.27443141537,23.099706886206
113.2743218221,23.099645804258
113.27413236947,23.099563862988
113.27394300666,23.09947194909
113.27359401497,23.099308232496
113.27352430647,23.099267511079
113.27356428106,23.099208091028
113.27356302343,23.099206761348
113.27356302343,23.099206761348
113.27367297603,23.098988028848
113.27373289301,23.098888801296
113.27379280998,23.098789573669
113.273872849,23.098580563811
113.27429262717,23.097845328508
113.27477250197,23.096920606643
113.27515239537,23.096224671698
113.27566209392,23.095409889634
113.27602186528,23.094843428656
113.27609184327,23.094734141966
113.27614178906,23.094644717961
113.27633169085,23.094306551733
113.27642161123,23.094157455806
113.27648161804,23.094048085443
113.27658159944,23.093899072334
113.27688154365,23.093331856937
113.27719145905,23.092764639117
113.27731147267,23.09254572979
113.27736150828,23.092406272559
113.27753146768,23.092107743835
113.27757144228,23.092018151843
113.27816126968,23.090962989664
113.27820124427,23.090893343346
113.2783812647,23.09052483227
113.2784412715,23.090405402548
113.27853128172,23.09023618948
113.27884119712,23.089648513148
113.27893120733,23.089479216005
113.27943111435,23.088542717161
113.2794012906,23.088432594171
113.27937146686,23.088382477791
113.27934164312,23.088342334806
113.27927184478,23.088281995639
113.27927148546,23.088279336061
113.27927148546,23.088279336061
113.27903181755,23.088237780144
113.2787223513,23.088155748725
113.27799364587,23.087980548728
113.27784398817,23.08793949139
113.27776421864,23.087918962716
113.27771436269,23.087898683375
113.27705563526,23.08769339643
113.27692600977,23.087652422115
113.27686618262,23.087631976509
113.27671652493,23.087580779368
113.27661681301,23.087539971243
113.27661600454,23.087539057008
113.27661600454,23.087539057008
113.27656605875,23.087628568908
113.27599644323,23.088803271948
113.27596652966,23.088903005703
113.27596643983,23.088903005703
113.27596643983,23.088903005703
113.2759963534,23.08893325826
113.27605618055,23.088973816623
113.27609606531,23.089004152276
113.27609606531,23.089004152276
113.27610019752,23.089001658935
