113.22245339248,23.079850782126
113.22233661276,23.079822605428
113.22233661276,23.079822605428
113.22238673821,23.07960251114
113.22260709255,23.078771834776
113.2226872214,23.078361647966
113.22270725361,23.078301636739
113.22270716378,23.078301304267
113.22270716378,23.078301304267
113.22128604447,23.078077300905
113.22117600204,23.078057934363
113.22119603426,23.077927937414
113.22119594443,23.077927771178
113.22119594443,23.077927771178
113.22154628357,23.077986120207
113.22162632259,23.077995761925
113.22222683983,23.07809317648
113.222727196,23.078171307557
113.22351770485,23.078298727607
113.22374785072,23.07832806828
113.22393793216,23.078357575182
113.22393793216,23.078357575182
113.22393793216,23.078357575182
113.22413807463,23.078387082078
113.22430812386,23.078416672085
113.22618854679,23.078714317269
113.22766841528,23.078934745499
113.22776839669,23.07896483409
113.22779840009,23.078974891325
113.22790835269,23.078985031677
113.22996735874,23.079279517125
113.23055691665,23.079391476282
113.23079667439,23.079462375387
113.23098648634,23.079503102875
113.23277456346,23.080251738372
113.23287445503,23.080292299385
113.23297434661,23.080342917516
113.23340373664,23.08055553008
113.23370332153,23.080737389189
113.2338032131,23.080798064247
113.23393301825,23.080878936577
113.23444217781,23.081192451453
113.23509111371,23.081607200909
113.23509111371,23.081607284025
113.23509111371,23.081607284025
113.23664814665,23.082600183977
113.23675791958,23.082681138325
113.23683777894,23.082751869446
113.23711724179,23.082894412071
113.23723698591,23.082965558654
113.23725692829,23.082975781816
113.23754636233,23.083098542818
113.23795554049,23.083202602834
113.23847449158,23.083237926702
113.23947232934,23.083158801224
113.23947214968,23.083158634994
113.23947214968,23.083158634994
113.23973158031,23.08310153496
113.23978143627,23.08308216915
113.23984135325,23.083052912642
113.23991124141,23.083003791614
113.23997115839,23.08294453052
113.24000107196,23.082924998457
113.24002101435,23.082885352515
113.24004095673,23.082845706561
113.24006089911,23.082806060596
113.2400708703,23.082756274555
113.24006098894,23.082656286842
113.24005119741,23.08249628972
113.24003134486,23.08238616172
113.24002155333,23.082236138145
113.23994205329,23.081625320194
113.239892377,23.081234840736
113.23991240921,23.080925149315
113.23991187023,23.080923736335
113.23991187023,23.080923736335
113.23988204648,23.080613379257
113.23981242781,23.080032725315
113.23973283794,23.079251922129
113.23972295658,23.07909192091
113.23970310403,23.078991764205
113.23979293458,23.078982870618
113.23979257526,23.07898245503
113.23979257526,23.07898245503
113.23980254645,23.079082528625
113.23982248883,23.07920271658
113.23982248883,23.079202799697
113.23982248883,23.079202799697
113.24005191606,23.079215433556
113.24114919624,23.07929855102
113.2417477372,23.078926184379
113.24174782703,23.078926018144
113.24174782703,23.078926018144
113.24209690855,23.078980460207
113.24271521223,23.079038559422
113.24334348711,23.079077042865
113.24381213309,23.079053603706
113.2443605486,23.078961426267
113.24455000124,23.078824198959
113.24476936744,23.07863743328
113.24490896412,23.078519572116
113.24524798462,23.078214612102
113.2456069475,23.077700026856
113.24567674584,23.077581167439
113.24567683567,23.077580751846
113.24567683567,23.077580751846
113.24595593919,23.077774999665
113.24607559348,23.077866845454
113.24625498509,23.077969579673
113.24654405981,23.078133987506
113.24700255494,23.07841110318
113.24758061453,23.078760198289
113.24766038406,23.078811481945
113.24777994853,23.078883378772
113.24847757258,23.079354655278
113.24875658628,23.079519227632
113.24955383242,23.079982356417
113.24971328164,23.080075031851
113.24993246819,23.080208683842
113.25021148188,23.080363364243
113.25021157171,23.080363364243
113.25021157171,23.080363364243
113.2504905854,23.080548049581
113.25229393371,23.081628977298
113.25384809207,23.082566189785
113.2538978582,23.082597108708
113.25485419425,23.083174011272
113.25582050148,23.083741186917
113.25606951177,23.083885640117
113.25616913385,23.083957451085
113.25623884236,23.083988702142
113.25632849325,23.084030259388
113.25651776622,23.084123596915
113.25663733068,23.084175709646
113.25682660365,23.084279103904
113.25703581901,23.0843628
113.25708558513,23.084383661681
113.2571154987,23.084394217191
113.25739442257,23.08450916415
113.25990491697,23.085543599197
113.26302329472,23.086827198388
113.26334210335,23.086962505842
113.26406946132,23.087224559753
113.26610250635,23.087807176966
113.26663070999,23.087985369224
113.26743801715,23.088317567493
113.2676772359,23.08843109816
113.26818558699,23.088678521538
113.26830515146,23.088740273421
113.26881350254,23.088987530001
113.2690527213,23.089100893873
113.2697704674,23.089450792016
113.26998983361,23.089553766614
113.27004966076,23.089574544369
113.27004984042,23.089574793702
113.27004984042,23.089574793702
113.27008972518,23.089575375479
113.27011963875,23.089575791034
113.27016949471,23.089576455922
113.2702991202,23.089578201253
113.27036891853,23.089579115474
113.27049854402,23.089560914162
113.27061819831,23.089542546626
113.27069796784,23.089503650657
113.27075779499,23.089484535113
113.27081762214,23.089455363125
113.27087744928,23.089426191131
113.27091733405,23.089406826243
113.27097716119,23.089387710685
113.27104704936,23.08933867511
113.27117676468,23.089220407879
113.27179569717,23.088378405315
113.27182570058,23.088298867337
113.27182597007,23.088297953107
113.27182597007,23.088297953107
113.27187582603,23.088248584683
113.27203554475,23.088030665259
113.27224520925,23.087753320304
113.27256464669,23.087337260229
113.27265447724,23.087218409429
113.27279425358,23.087060163164
113.27301388928,23.086742838941
113.27301397911,23.086742340264
113.27301397911,23.086742340264
113.27304389268,23.086742755828
113.27304389268,23.086742755828
113.27304389268,23.086742755828
113.27351307765,23.086148082541
113.27409212538,23.085384602915
113.27434176448,23.085077414578
113.27438173908,23.085017905067
113.27469129515,23.084631258823
113.27483107149,23.084452812725
113.27501082242,23.084264725125
113.27542018024,23.08391888594
113.27579953466,23.083592660938
113.2761889501,23.083296356516
113.27641855699,23.083118490431
113.2773771388,23.0823367911
113.27753694735,23.082208211301
113.27785647462,23.081940828089
113.2779064204,23.081891291072
113.27821597648,23.081633714908
113.27836581384,23.081504885081
113.27858553937,23.081326601018
113.2791548854,23.080880598906
113.27921480238,23.080841118587
113.27935466855,23.080732152847
113.27949453471,23.080613129907
113.27953450931,23.080583457272
113.27959442629,23.080533919749
113.27974426365,23.080414896632
113.28024372151,23.080027987648
113.2812028423,23.079253168891
113.28144260004,23.079054351765
113.28165244421,23.07889534772
113.28172242221,23.07884572645
113.281772368,23.078805996174
113.28183228497,23.078766349004
113.28194223757,23.078686888392
113.28201221557,23.078647241186
113.28221208854,23.078538107411
113.2825318853,23.07840944082
113.28343135861,23.078022442881
113.28343117895,23.078019616861
113.28343117895,23.078019616861
113.28355110274,23.077959937954
113.28396090971,23.077791041513
113.2851105611,23.077303218847
113.28596044794,23.076944062526
113.28636046339,23.076774250485
113.2864504736,23.076824288123
113.28645038377,23.076823872528
113.28645038377,23.076823872528
113.28656033636,23.077053862559
113.2869303484,23.077563795669
113.28721035023,23.077843655437
113.28733036385,23.077953537846
113.28741040287,23.0780234403
113.28751038427,23.078093342717
113.28861062886,23.078651646432
113.28873064247,23.078711408146
113.28893069511,23.078810983239
113.28901073413,23.078850796631
113.29047155855,23.079576329205
113.29081183668,23.079734999966
113.29114205378,23.079893587421
113.29137219966,23.080012527888
113.29163243876,23.080141276045
113.29191271008,23.080269940959
113.29248322391,23.080556943063
113.29254332055,23.080576641708
113.29282359187,23.080715030838
113.29315398863,23.080883092399
113.29325405987,23.080922489589
113.2932541497,23.080922406473
113.2932541497,23.080922406473
113.29338431417,23.080991642434
113.29521676758,23.081848569536
113.29564741524,23.08201513358
113.29596793064,23.082162414587
113.29630847826,23.082309446085
113.29632851047,23.08231925372
113.29642867154,23.082358401138
113.29651886141,23.082397631659
113.2966290835,23.082446669795
113.29670921235,23.082475926436
113.29676930899,23.08249537545
113.29682940563,23.082514824462
113.29686947005,23.082524465851
113.29692956669,23.082553888706
113.29738042623,23.082699589926
113.29752065172,23.082748212373
113.29777109929,23.082835732735
113.29798148244,23.082903637857
113.2985726573,23.083087571629
113.2992139576,23.083280647792
113.29984537654,23.083413548526
113.30027638353,23.083508548782
113.30055701417,23.083555259294
113.30114845852,23.083648098466
113.30137905354,23.08368525074
113.30150939767,23.083713592848
113.3017399927,23.08373071447
113.30204074538,23.083756895587
113.30211090304,23.083765955083
113.30235155909,23.083782827355
113.30366515123,23.083915062671
113.30439727022,23.083934760818
113.30453767537,23.083932849183
113.30478839244,23.083939249003
113.30503910951,23.083955622565
113.30513945024,23.083954209618
113.30565103522,23.083946729311
113.3064233983,23.083935093276
113.30759712428,23.083926864936
113.30823923306,23.083916724962
113.30831954157,23.083915478244
113.31000521186,23.08388788421
113.31034638829,23.083882232419
113.3106775037,23.083886637491
113.31131970231,23.083875832597
113.31426012574,23.083834773991
113.31449099025,23.08383078449
113.31454120553,23.083829953344
113.31614701646,23.083801611261
113.31673917945,23.083791221933
113.31706032367,23.083795543893
113.31740158993,23.08378955964
113.31740114078,23.083787980462
113.31740114078,23.083787980462
113.31775246807,23.083701790563
113.3179933936,23.083647599778
113.3179933936,23.083647516663
113.3179933936,23.083647516663
113.31798342241,23.083517774525
113.31795359867,23.083098459703
113.31793365629,23.083028892378
113.31791371391,23.082989329583
113.31786367829,23.082960322399
113.31750246964,23.082976696082
113.31750184083,23.082976280507
113.31750309846,23.082975948046
