113.25817001954,23.146394273802
113.25820685007,23.146267334485
113.25820685007,23.146267334485
113.25895424025,23.146540652627
113.25911368948,23.146593488531
113.25938273198,23.146608275935
113.25961188972,23.146592408553
113.25961197955,23.146592242402
113.25961197955,23.146592242402
113.25983080677,23.145975988354
113.25993033902,23.145687798467
113.2599502814,23.145638202162
113.2599502814,23.14563803601
113.2599502814,23.14563803601
113.26013955437,23.145681401624
113.26054810372,23.14576854819
113.2606477258,23.145790314053
113.26116595825,23.145879288214
113.26127555152,23.145901220211
113.26267079964,23.146135078208
113.26272065559,23.146135908964
113.26295987435,23.14617993902
113.26317915073,23.146213584619
113.263288744,23.146235433485
113.26356784752,23.146280128112
113.26363764586,23.146321250479
113.26363764586,23.146321333554
113.26363764586,23.146321333554
113.2636277645,23.146561172234
113.2636277645,23.146641173748
113.2636277645,23.146671163918
113.26360827127,23.147240892798
113.26359847974,23.147420749831
113.26359856957,23.147550761807
113.26358904753,23.148080694287
113.26358913736,23.148160694883
113.26357979498,23.149070604806
113.26357988481,23.14914063596
113.26357009328,23.149250459356
113.26356057125,23.149830395158
113.26356066108,23.150020383602
113.26356084074,23.150280402324
113.26355122887,23.150630305308
113.26354143734,23.150740127469
113.26352176445,23.150999812489
113.26348232884,23.151439182434
113.26348232884,23.151489191929
113.26345268475,23.151698699939
113.26343319152,23.152168471851
113.26343328135,23.152258521662
113.26349328816,23.15247957541
113.26355329497,23.15270062879
113.26361321195,23.152881641411
113.26361204415,23.152881724482
113.26361204415,23.152881724482
113.26392097142,23.152856803071
113.26392097142,23.152856803071
113.26392097142,23.152856803071
113.26418013256,23.152851071146
113.26456873952,23.15273751252
113.26530615851,23.152519449779
113.26536598566,23.152500509455
113.26651204383,23.152198543843
113.267120017,23.152057903228
113.2674190629,23.152002494273
113.26797726994,23.151880876937
113.26806701066,23.15187223745
113.26816672258,23.151833775111
113.26820660734,23.151834356615
113.26824649211,23.151825052548
113.26828637687,23.151825634052
113.26832626163,23.151826215557
113.26837611759,23.151856952202
113.26840603116,23.151867419274
113.26845588712,23.151918176255
113.26845579729,23.151917179391
113.26845579729,23.151917179391
113.26879472796,23.151832030598
113.26909377386,23.151766320614
113.27023039982,23.151501985052
113.27038993888,23.151464187183
113.270709017,23.151388508342
113.27087852725,23.151350793513
113.27218493295,23.151037195128
113.27283324004,23.150814975955
113.2729927791,23.150746939431
113.27338174538,23.150551469223
113.27344157253,23.150512258845
113.27353131325,23.150463328928
113.27387033375,23.150197080086
113.27407972876,23.150039407353
113.27536637174,23.148992515457
113.27594497032,23.14854806988
113.27639394342,23.148242190767
113.27652365873,23.148153384342
113.27671329103,23.148045138451
113.27701269625,23.14787774344
113.27708258442,23.147838449196
113.2771025268,23.147828729477
113.27723224212,23.1477398397
113.27840003928,23.147128907787
113.2787793937,23.146911666566
113.27909883114,23.146743937823
113.27918866169,23.146684622109
113.27968785006,23.146397846045
113.27996740273,23.146279629659
113.28076635566,23.146054162557
113.28081630144,23.146044525782
113.28115595075,23.14598628974
113.2813557339,23.145947327238
113.28143568309,23.145937773531
113.28146568649,23.145937939682
113.28155560688,23.14592846905
113.28162549504,23.145918832266
113.28190522738,23.145870149881
113.28198517657,23.145860596168
113.28325421276,23.145765142081
113.28513328823,23.145579052105
113.28531321882,23.145549310915
113.28551318163,23.145519569718
113.28555315622,23.145509683677
113.28563310542,23.145479859395
113.28567308001,23.145460004229
113.28571305461,23.145450118183
113.28586298179,23.145400272561
113.2860629446,23.14535042692
113.2862728786,23.145260538567
113.2865527906,23.145140576566
113.28741273846,23.144780191454
113.2878827319,23.1445997493
113.28788300139,23.14459518009
113.28788300139,23.14459518009
113.2879130048,23.144575158638
113.2880129862,23.144535115725
113.28821303884,23.144464915984
113.28831302024,23.144414820761
113.28848306948,23.144354590161
113.28972353955,23.143881550541
113.29159479976,23.143174231036
113.29158482857,23.143104362884
113.29158473874,23.143103698264
113.29158473874,23.143103698264
113.29179494223,23.143012728379
113.29182494563,23.143002675995
113.29236545606,23.142819905246
113.2924255527,23.142789664971
113.2924255527,23.142789415738
113.2924255527,23.142789415738
113.29240543065,23.142539517813
113.29239545946,23.142279650056
113.29239545946,23.14224974197
113.29240543065,23.142009729331
113.29245546627,23.141919506399
113.29253550529,23.141869160979
113.29265560874,23.141868579431
113.29265551891,23.141868080962
113.29266495111,23.141866585553
