113.31366733393,23.140769947882
113.31367083732,23.140775763409
113.31367083732,23.140775763409
113.31326947442,23.140782825119
113.31313913029,23.140775181856
113.31249693168,23.140766458566
113.31237655874,23.14076853554
113.31205550435,23.14077410183
113.31175457201,23.140779252725
113.31164426009,23.14078116354
113.30866413156,23.140761224591
113.30840335347,23.140765461618
113.30657754753,23.140834334056
113.30628676603,23.140848789787
113.30616648292,23.140850617523
113.30601610658,23.140852943732
113.30526386555,23.140844303526
113.30512355023,23.140836494108
113.30484282976,23.140830678584
113.30355915118,23.140799025513
113.30336871041,23.140791714566
113.30320836288,23.140694013695
113.3032066561,23.140693182905
113.3032066561,23.140693182905
113.30309634418,23.140704647807
113.30280565252,23.140718605078
113.30280547286,23.140718605078
113.30280547286,23.140718605078
113.30264512533,23.140830761663
113.30216390307,23.140887089157
113.3014621468,23.141006058062
113.30036953781,23.141229373707
113.30034959543,23.141279636292
113.30032965305,23.141299907477
113.30031968185,23.141330065014
113.30028967845,23.14135041927
113.30025967505,23.141380742953
113.30022967164,23.141411066628
113.30021970045,23.141421202211
113.30019975807,23.141431420872
113.30017981569,23.141441639532
113.3001598733,23.141451858191
113.3001298699,23.141462243007
113.30010992752,23.141462492242
113.3000598919,23.141483095714
113.30000985628,23.141483677264
113.29997985288,23.141484009578
113.2999599105,23.141484258813
113.29993996811,23.141484508049
113.29992002573,23.141484757284
113.29989002233,23.141475203256
113.29982992569,23.14146598154
113.29980998331,23.141456261353
113.2997799799,23.14143665482
113.29974000531,23.141427183866
113.2997100019,23.141397607902
113.29965996629,23.141358228658
113.2996499951,23.141338455953
113.29959995948,23.141269085304
113.29958998829,23.141239260068
113.2995800171,23.141199465384
113.2995800171,23.141169557054
113.2995800171,23.141139648717
113.2995800171,23.141109740373
113.29958998829,23.141069696413
113.29960004931,23.141049674429
113.2996100205,23.141019682986
113.29963005271,23.14097955592
113.29964011374,23.140959533922
113.29967020697,23.140929293222
113.29968026799,23.140909271216
113.29970030021,23.140899135594
113.29972033242,23.140879030505
113.29976039684,23.140858676176
113.29981052229,23.140838155686
113.2998305545,23.140828020059
113.29987061893,23.140817635194
113.29991068336,23.140807250327
113.2999608088,23.140796782382
113.30000087323,23.140796366987
113.30002090544,23.140796200829
113.30006096987,23.140805754907
113.30010103429,23.140815308984
113.30014109872,23.14082486306
113.30018116314,23.140844386605
113.30020119536,23.140844220447
113.30024125978,23.140883766002
113.30029138523,23.140923145387
113.30028904964,23.140920403784
113.30028904964,23.140920403784
113.30045945819,23.140908357349
113.30150203157,23.140745688825
113.3020434403,23.14064881871
113.30212365898,23.140637852277
113.30305618993,23.140525529371
113.30338712568,23.140431068391
113.30338703585,23.140430736074
113.30338703585,23.140430736074
113.30361763087,23.140137466288
113.30377806824,23.139905342376
113.30394847679,23.139603015741
113.3040687599,23.139291383471
113.30412885654,23.139030595465
113.30415894977,23.138770222348
113.30416892096,23.138630149042
113.30421904641,23.138279549728
113.30423907862,23.138059303097
113.30428920407,23.137648634788
113.3043292685,23.137308168776
113.30431929731,23.137268372911
113.30430932611,23.137198584727
113.30429935492,23.137158788829
113.30433941935,23.136718291477
113.30436951258,23.136517981843
113.30435954139,23.136318170396
113.30432953799,23.136088698417
113.30425947016,23.135889800226
113.30422946675,23.135800320867
113.30413927688,23.135591701625
113.30372821228,23.134897548023
113.30336736296,23.134382600848
113.30324716968,23.134214357751
113.3027159118,23.133461623058
113.3026859084,23.133422075289
113.30251558967,23.133184456095
113.30248558627,23.133134938195
113.30239548623,23.133006241419
113.30231535737,23.132847385059
113.30230538618,23.132827611084
113.30218519291,23.132519286252
113.30204496742,23.132131199733
113.30190474193,23.131743112078
113.30185470631,23.131613832358
113.30172454184,23.131295617602
113.30169453844,23.131216105336
113.30158440618,23.130877616849
113.30154443159,23.130638248303
113.30155449261,23.130548183803
113.30157461465,23.13038799513
113.30138426371,23.130300506111
113.30138219761,23.13029718269
113.30138219761,23.13029718269
113.30126182467,23.130258631004
113.30122185008,23.130249242338
113.30115178225,23.130220162393
113.30059052097,23.130027071396
113.30053051416,23.130007878601
113.29983899858,23.129776069297
113.29962861543,23.129708520489
113.29954848657,23.129679523511
113.29939828989,23.129631333677
113.2993583153,23.129611891567
113.29922815083,23.129573422768
113.29898776427,23.129466158735
113.29898668631,23.129465244789
113.29898668631,23.129465244789
113.29890655746,23.129426111258
113.29872626754,23.129348176508
113.29847581996,23.129250882634
113.29838571992,23.129201944869
113.29832571311,23.129162645088
113.29816545541,23.129084377838
113.29784494001,23.12891770666
113.29764470771,23.128809777405
113.29756466869,23.128680660999
113.2975447263,23.128640945631
113.29752478392,23.128611200641
113.29752397545,23.128610369775
113.29752397545,23.128610369775
113.2974438466,23.128481170089
113.29725376515,23.128093154838
113.29705371251,23.127545195608
113.29704383115,23.127505396813
113.29648355801,23.126050780052
113.29639363762,23.125831676345
113.29627371384,23.125502895473
113.29624380026,23.125443237901
113.2962039155,23.125333644046
113.29597394929,23.124785756505
113.2958540255,23.124446919249
113.29571406951,23.124118218034
113.29545409989,23.123520471624
113.29545418972,23.123440539248
113.29529429134,23.122991936587
113.29514445398,23.122523307627
113.29514301669,23.122522061271
113.29514301669,23.122522061271
113.2951330455,23.122482177879
113.29500324036,23.122093314173
113.29492347083,23.121774079484
113.29488358606,23.121604490936
113.29467419105,23.12050635622
113.29466430969,23.120446530218
113.29445491467,23.119398324426
113.29444503331,23.119318472658
113.29434541123,23.118809364577
113.29433552987,23.11874953781
113.2943056163,23.118679822973
113.29429573494,23.118599970773
113.29425594,23.118430378168
113.29411634333,23.117801529224
113.29407645856,23.117661932331
113.29378702453,23.116624174395
113.29341755147,23.115556826617
113.29297828008,23.114249905944
113.29296839872,23.114210020065
113.29294854616,23.11417021727
113.29275891387,23.113651533404
113.29267914434,23.113442131461
113.29263925958,23.113322473059
113.2926372833,23.113320644944
113.2926372833,23.113320644944
113.2926072799,23.113250844159
113.29256739514,23.113151211784
113.29254754258,23.113091382466
113.29246777305,23.112861953399
113.29208841864,23.111834295773
113.29184893039,23.111195693167
113.29173915746,23.110906347423
113.29166935912,23.110746799815
113.29160953197,23.110587168918
113.29152976244,23.110387650802
113.29138010474,23.109968503894
113.29125038943,23.109649240036
113.2909909588,23.108910575865
113.2908713045,23.10858125447
113.29087022654,23.108580257281
113.29087022654,23.108580257281
113.29070062646,23.1081010238
113.29033151272,23.107062692507
113.2901320889,23.106433623499
113.2900524092,23.106164045326
113.28996284814,23.105794496307
113.28991317185,23.105564805325
113.28989331929,23.105484945235
113.28988352776,23.105395112963
113.28983385147,23.105155366038
113.28982397011,23.105105505271
113.2897942362,23.10493572922
113.28977447348,23.104745925488
113.2897348582,23.104406206046
113.28972506667,23.104276317977
113.28971554463,23.103906514397
113.2897157243,23.10372659835
113.2897263243,23.103186765645
113.28972497684,23.103185519108
113.28972497684,23.103185519108
113.28973548702,23.102685573556
113.28973557685,23.102615684077
113.28974590736,23.102285765346
113.2897963023,23.101885789725
113.28981642434,23.101735871272
113.28989682269,23.10141575658
113.2899771312,23.101185642505
113.29003731767,23.101025584593
113.29012759737,23.100775441779
113.29013765839,23.100735468747
113.29017781265,23.10063541146
113.29021796691,23.100505353494
113.29021796691,23.100504439348
113.29021796691,23.100504439348
113.29023799912,23.100444355017
113.29032827882,23.100194128004
113.29033833984,23.100164210428
113.29035837206,23.100104209048
113.29036843308,23.100084263985
113.29038855512,23.100014290032
113.29041864836,23.099944316041
113.29042870938,23.099924370954
113.2906895773,23.099273577739
113.29074976377,23.099093489206
113.29100057067,23.098442691919
113.29167259302,23.096920024898
113.29171274727,23.096839910289
113.29267555112,23.094855313059
113.29269567316,23.094785253243
113.29308697504,23.093753217178
113.2931271293,23.093653071522
113.29317734458,23.093492838315
113.2931874056,23.093442890061
113.29320752764,23.093352883426
113.29324777173,23.093142784599
113.29325792258,23.092992856277
113.29325801241,23.092922961697
113.29330840735,23.092442840619
113.29335898195,23.091772729315
113.29341925825,23.09147245386
113.29350953795,23.091202014219
113.29356972442,23.091071697686
113.29376025502,23.090730613502
113.29389059915,23.090529818895
113.29426141967,23.090107367992
113.29465227239,23.089644690043
113.29495293525,23.089292548409
113.29500306069,23.089232292785
113.29517346925,23.089041053718
113.29525368793,23.088940488953
113.29530381338,23.088880150057
113.29530354389,23.088877158045
113.29530354389,23.088877158045
113.29560429657,23.08842486478
113.29577470513,23.088183591208
113.29581485938,23.088093331675
113.2958348916,23.088043215167
113.29599541879,23.087612029574
113.29619610024,23.087060495614
113.29620616126,23.087020518456
113.29630659182,23.086499816944
113.29636695795,23.085979445845
113.29639705118,23.085859264017
113.29642741391,23.085259101272
113.29644780545,23.084379090397
113.29646810715,23.08374908281
113.29649829022,23.083468903014
113.29650835124,23.08339892031
113.29652847328,23.083198862659
113.29652847328,23.083188971974
113.29657868856,23.082918598589
113.29660878179,23.082788440163
113.29664893605,23.082648141538
113.29667902928,23.082567935208
113.29670912252,23.082477754976
113.29672915473,23.082417662493
113.29677928018,23.082267306492
113.29684943784,23.08212675797
113.29684943784,23.082116867205
113.29685949886,23.082086862443
113.29695974976,23.081866023861
113.29704993963,23.081655241945
113.29731053806,23.081182893084
113.29763132296,23.0807299087
113.2976814484,23.08065950897
113.29841311824,23.079812215789
113.29852334033,23.079681140033
113.2993753831,23.078742078613
113.29968610698,23.07838866132
113.29977629685,23.078297730191
113.29986648672,23.078196824824
113.30000680204,23.078045300394
113.30041777682,23.07759055983
113.3004979955,23.077579671305
113.30061827861,23.077618238289
113.30069849729,23.077607349767
113.30069867695,23.077603775672
113.30069867695,23.077603775672
113.30112977376,23.077588564986
113.30118996023,23.077587900038
113.3012801501,23.077586902616
113.30181149781,23.077580253135
113.3022025302,23.077515254443
113.3022025302,23.077515005087
113.30226783701,23.07708295415
