113.32910920564,23.136923336447
113.3291029175,23.136927905922
113.3291029175,23.136927905922
113.32911297853,23.136927822841
113.32913301074,23.136927656678
113.33000544505,23.136895753431
113.33059706906,23.136857951396
113.33094803702,23.136833442379
113.33100822349,23.136832777727
113.3315395712,23.136796138815
113.33197066801,23.136770882053
113.33205088669,23.136769968157
113.33229145291,23.136747120753
113.33229145291,23.136746206857
113.33229145291,23.136746206857
113.33232154614,23.137525924225
113.33235163938,23.13799558022
113.3323617004,23.138205441887
113.33237176142,23.138395363917
113.33237176142,23.138545407113
113.33237176142,23.138575399115
113.33239188347,23.138845160674
113.33239188347,23.138885122226
113.33241200551,23.139244858729
113.33241200551,23.139244858729
113.33241200551,23.139244858729
113.33249222419,23.13924386177
113.3335046145,23.139192269135
113.33401575034,23.139176733184
113.3342161623,23.139164686591
113.33441657425,23.139152639996
113.33461698621,23.1391405934
113.33470717609,23.1391397626
113.33478730494,23.13913901488
113.33488755583,23.139128048323
113.33496768468,23.139167262069
113.33496768468,23.13927725989
113.33496777452,23.139276595251
113.33496777452,23.139276595251
113.33497792537,23.139836552535
113.33497792537,23.139926527646
113.3349780152,23.140396590532
113.33497810503,23.140746602693
113.33497828469,23.141346597655
113.33497828469,23.141436571741
113.33497846435,23.142096629076
113.33497855418,23.142276659248
113.33497873384,23.142806695896
113.33498888469,23.143236622185
113.33498897453,23.14349665422
113.33498906436,23.143636639305
113.33498915419,23.143786676568
113.33498933385,23.144296685683
113.33497954232,23.144516838873
113.33499014232,23.145646842055
113.33499068131,23.146716938376
113.33499086097,23.147026974761
113.3349909508,23.147206998235
113.3349909508,23.147206998235
113.3349909508,23.147206998235
113.33499113046,23.14753705448
113.33499148978,23.148077122089
113.33499157961,23.148267113046
113.33498187791,23.14856725999
113.33498196774,23.148737312496
113.33498205757,23.148817312696
113.33497226604,23.148977396024
113.3349533118,23.150447794299
113.33493372874,23.150898048586
113.33492384738,23.150978130554
113.33482377614,23.150999147909
113.33482314733,23.150999230981
113.33482314733,23.150999230981
113.33421185043,23.151105646865
113.33399149609,23.151127993359
113.3337210163,23.151180993579
113.33366100949,23.151201678612
113.3332602754,23.151276194547
113.33321023979,23.151276776054
113.33316020417,23.151287326244
113.33288972438,23.151330440793
113.3324187428,23.151475983443
113.33230861055,23.151487281267
113.33223854272,23.151468174651
113.33223755458,23.151468257724
113.33223755458,23.151468257724
113.33223818339,23.152278375809
113.33223836305,23.152488381001
113.33223836305,23.152518369848
113.33224842408,23.152618304933
113.33224851391,23.152688334211
113.33224851391,23.15272837466
113.33224860374,23.15279840388
113.33225875459,23.153008325177
113.33225884442,23.153078354249
113.33224905289,23.153218495354
113.33225929357,23.153478424729
113.3322593834,23.15358841067
113.33227950545,23.153718167382
113.33227941562,23.153718084311
113.33227941562,23.153718084311
113.33230950885,23.153757792165
113.33230950885,23.153757792165
113.33230950885,23.153757792165
113.3323196597,23.153857643244
113.33232990039,23.154077531335
113.33232064784,23.154867779707
113.33232064784,23.154917787907
113.33232055801,23.154917870977
113.33232055801,23.154917870977
113.33232064784,23.155027855724
113.33241101737,23.155246828104
113.33256175304,23.155615076363
113.33327491778,23.157227116131
113.33329503983,23.157286925535
113.33329503983,23.157316913296
113.33330510085,23.157356786208
113.33338549919,23.157585889085
113.33339556021,23.157625761916
113.33338567885,23.157665883941
113.33338567885,23.157695871616
113.33334570426,23.157736325892
113.33315544315,23.157848551141
113.3329050854,23.157991511516
113.33282504638,23.158032464111
113.33223396136,23.158349534789
113.33223342237,23.158349534789
113.33223342237,23.158349534789
113.33218338676,23.158400206218
113.33115150322,23.159073220638
113.33048028934,23.159572039906
113.3289070869,23.160733812186
113.32888714452,23.160754080395
113.32882713771,23.160804917037
113.32882659873,23.160805000104
113.32882659873,23.160805000104
113.32867649188,23.161117163237
113.3286565495,23.161157450336
113.32865663933,23.161207456161
113.32865672916,23.161297499826
113.32867694103,23.161407230077
113.32884770891,23.161674868504
113.32884752925,23.161674868504
113.32884752925,23.161674868504
113.32884761908,23.161734925097
113.32884761908,23.161774962811
113.32892792759,23.161873811057
113.32925922266,23.162179243363
113.32930943794,23.162218533353
113.32976101612,23.162522386622
113.33050346562,23.162902492957
113.33059374533,23.162951335213
113.33054370971,23.162992037079
113.33050373512,23.163012554137
113.33050355545,23.163012471072
113.33050355545,23.163012471072
113.33004254507,23.163288661933
113.32985219413,23.1634012978
113.3297821263,23.163452299555
113.32950167532,23.163666191065
113.32923128536,23.163920036231
113.32919131077,23.16396057167
113.32908117851,23.164062159408
113.32896107506,23.164213917886
113.3288209394,23.164385943843
113.32861073591,23.164669026148
113.32848057145,23.16481089933
113.32825024591,23.165074294628
113.32808998821,23.165246651721
113.32755908965,23.165844625267
113.32750905404,23.165905344475
113.32745901842,23.165956096075
113.32739883195,23.165887070571
113.32739748449,23.165886987508
113.32739748449,23.165886987508
113.32718665219,23.165750099277
113.32706627925,23.165681987362
113.32675528588,23.165546760188
113.3264945078,23.165470840203
113.32635410264,23.165443097003
113.32609332455,23.165427231877
113.3259529194,23.165419506972
113.32546145646,23.165467268474
113.32502011896,23.165504314775
113.32497008335,23.165535131309
113.32494007994,23.1655455973
113.32490001552,23.16556628009
113.32483991888,23.165597262736
113.32482994769,23.165607396469
113.32479994428,23.165637880725
113.32476994088,23.165658397374
113.3247499985,23.165688715492
113.32473005611,23.165729084263
113.32472017475,23.165759236239
113.32470023237,23.165799604989
113.32469035101,23.1658398076
113.32465037641,23.1659404802
113.32464875946,23.165939815695
113.32464875946,23.165939815695
113.32464893913,23.166159849851
113.32463923743,23.166390100377
113.32459962215,23.166780827626
113.32458974079,23.166851015541
113.32455982722,23.166981506819
113.32451994245,23.167172218221
113.32447017633,23.167483120409
113.32437028476,23.167824837868
113.3243504322,23.167955162063
113.32419044399,23.168387830825
113.32402039476,23.168850732505
113.32388061842,23.169433157368
113.32380093872,23.169944562825
113.323781176,23.170124970451
113.323781176,23.170154955304
113.32378135566,23.170294995276
113.32378144549,23.170374982454
113.32378144549,23.170415017554
113.32379159635,23.170534873603
113.32379168618,23.170604893407
113.32380210652,23.170974843213
113.3238223184,23.171114550078
113.32385268112,23.171384079256
113.32398365406,23.171922056191
113.32402398798,23.172101464409
113.32410465582,23.172480214294
113.32412477786,23.172539933749
113.32430623557,23.17339718321
113.32437675256,23.173726094425
113.32438681358,23.173775929386
113.32443729835,23.174075187934
113.32452811703,23.174623785319
113.32455838993,23.174813322902
113.32462899674,23.175242231664
113.32466933066,23.175491652599
113.32470975441,23.175781023485
113.3247400273,23.17600054294
113.3248005731,23.176429613967
113.32483075616,23.17656914896
113.32494151723,23.177037420678
113.32500188336,23.177186506484
113.32507222068,23.177345392731
113.32519286311,23.177593480809
113.32533353775,23.177891318776
113.3254742124,23.17817910636
113.32581583798,23.178823864552
113.3258861753,23.178972782235
113.3259464516,23.179081833394
113.3262478331,23.179657236646
113.32634826366,23.179855736899
113.3264889383,23.180123587186
113.3265492146,23.180242686954
113.32656933664,23.180282386853
113.32667982822,23.180480720059
113.32688077916,23.180957698577
113.32694105546,23.181126795893
113.32701148262,23.181435755069
113.32701148262,23.181485753233
113.32702154364,23.181565650593
113.32704175551,23.181835407642
113.32707238773,23.182595093025
113.32708253858,23.182754969408
113.32709277926,23.183134851531
113.32709322842,23.183844947457
113.32713392166,23.18485443984
113.32699360634,23.184856599174
113.3269926182,23.184856682225
113.3269926182,23.184856682225
113.32543765136,23.184880767099
113.32537755472,23.184881763715
113.32467534931,23.184923040195
113.32441457122,23.184907343507
113.32441430173,23.184907260455
113.32441430173,23.184907260455
113.32441430173,23.184907260455
113.32441430173,23.184907260455
113.32441106783,23.184902443482
