113.30415427858,23.135627260802
113.30414879892,23.135629919432
113.30414879892,23.135629919432
113.30413882773,23.135590123063
113.30372776313,23.134895969453
113.3033669138,23.134381022272
113.30324672053,23.134212779173
113.30271546265,23.133460044471
113.30268545924,23.133420496702
113.30251514052,23.133182877504
113.30248513712,23.133133359604
113.30239503707,23.133004662827
113.30231490822,23.132845806464
113.30230493703,23.13282603249
113.30218474375,23.132517707654
113.30204451826,23.13212962113
113.30190429277,23.13174153347
113.30185425716,23.131612253749
113.30172409269,23.131294038989
113.30169408928,23.131214526722
113.30158395703,23.130876038231
113.30154398243,23.130636669683
113.30155404345,23.130546605181
113.3015741655,23.130386416507
113.30138381456,23.130298927486
113.30138219761,23.13029718269
113.30138219761,23.13029718269
113.30126182467,23.130258631004
113.30122185008,23.130249242338
113.30115178225,23.130220162393
113.30059052097,23.130027071396
113.30053051416,23.130007878601
113.29983899858,23.129776069297
113.29962861543,23.129708520489
113.29954848657,23.129679523511
113.29939828989,23.129631333677
113.2993583153,23.129611891567
113.29922815083,23.129573422768
113.29898776427,23.129466158735
113.29898668631,23.129465244789
113.29898668631,23.129465244789
113.29890655746,23.129426111258
113.29872626754,23.129348176508
113.29847581996,23.129250882634
113.29838571992,23.129201944869
113.29832571311,23.129162645088
113.29816545541,23.129084377838
113.29784494001,23.12891770666
113.29764470771,23.128809777405
113.2976147043,23.128790169001
113.2963427037,23.128032169041
113.29608237476,23.127874553027
113.29605246119,23.127864914931
113.2960025154,23.12782544858
113.29493119625,23.127124274972
113.29493002846,23.127123111747
113.29493002846,23.127123111747
113.29466969952,23.126965162303
113.29461975373,23.126935583112
113.29442958246,23.12682707063
113.29430956884,23.12675802474
113.2941494908,23.126659233386
113.29386930931,23.126481259205
113.29296848855,23.12596711023
113.29259829685,23.12569939968
113.29258832565,23.125759472579
113.29256838327,23.12581954545
113.29248843408,23.125770107889
113.29248744595,23.125769443182
113.29248744595,23.125769443182
113.2917669151,23.125333228603
113.29159686586,23.12522413319
113.29159677603,23.12522413319
113.29159677603,23.12522413319
113.29097640625,23.124846909973
113.29085639263,23.124787501373
113.29049635178,23.12455900651
113.2899362583,23.124161092152
113.28960631068,23.123892214704
113.2895863683,23.123882327049
113.28947650554,23.123772731905
113.28928660375,23.123653332089
113.28901666295,23.123464136752
113.28858673393,23.123175233208
113.28853678814,23.123135433102
113.28853597967,23.123134685292
113.28853597967,23.123134685292
113.28845594065,23.123074860475
113.28714639088,23.122066808251
113.28696655011,23.121946991445
113.28684671616,23.121857170315
113.2867968602,23.121817286723
113.28642711766,23.121567432361
113.2862772803,23.121447532014
113.28613741413,23.121367598388
113.28609752936,23.121307689683
113.28600769881,23.121177735062
113.28599781745,23.121167847205
113.28596799371,23.121007979569
113.28594814116,23.120888078716
113.28595847167,23.120428250045
113.28578923091,23.119598410642
113.28558998675,23.118788508305
113.28535094765,23.117778512365
113.2853310951,23.117678634109
113.28529130017,23.117548675934
113.28527144762,23.117488765505
113.28523165268,23.117388803937
113.28522177132,23.117358890237
113.28522015437,23.117356979083
113.28522015437,23.117356979083
113.28514038484,23.117096978881
113.28490098642,23.11657681076
113.28488113387,23.116536842486
113.28451202014,23.115786500308
113.28425258951,23.115376178506
113.28414281657,23.115236080492
113.28372366722,23.114665300043
113.28359395191,23.114505092191
113.28359332309,23.114504427428
113.28359332309,23.114504427428
113.28356331969,23.114494372883
113.28334359416,23.114393827391
113.2833037094,23.11436382992
113.28305416013,23.114113213663
113.28281467188,23.11384257084
113.28220589023,23.113150547014
113.28206629356,23.112960090256
113.28200646641,23.112879985325
113.28183695616,23.112659364129
113.28176724765,23.112559149634
113.28169753915,23.112458935064
113.28154797128,23.112208398306
113.28122898299,23.111587081726
113.28122790503,23.111586250754
113.28122790503,23.111586250754
113.28119808128,23.11139612414
113.2811684372,23.111126140557
113.28113861346,23.111076115838
113.28104896257,23.110905765739
113.28083965738,23.110474903659
113.28054061148,23.109953546208
113.28049084536,23.109873356364
113.28039122327,23.109742891955
113.28032151477,23.109652563973
113.28028171983,23.109622399234
113.28002246886,23.109291085236
113.27961347036,23.108918802657
113.27941404654,23.108727675035
113.27926447867,23.108616820888
113.27919477017,23.10852649214
113.27866602754,23.108133017072
113.27840668674,23.107981277484
113.27832691721,23.107930752982
113.27828712228,23.107910559796
113.27823726632,23.107890283508
113.27823537988,23.107888621517
113.27823537988,23.107888621517
113.27766657283,23.107604337647
113.27737722863,23.107472125912
113.27641945529,23.107004106946
113.27593068727,23.106789791602
113.2753721209,23.10654456257
113.27508295636,23.106421823233
113.27501324785,23.106391242257
113.27485370879,23.106329747881
113.27470414092,23.106268336577
113.27464440361,23.106247810736
113.27456472391,23.106217063518
113.2744950154,23.106196454568
113.27434544753,23.106154987357
113.27372705402,23.105978398387
113.27345783186,23.105905519012
113.27298918587,23.105770313954
113.27241076696,23.105623640824
113.27206177527,23.105529487393
113.27201200914,23.105508961437
113.27158333775,23.105373755975
113.2707757611,23.105123538251
113.27034717954,23.10498799999
113.27027747103,23.104967141546
113.26971926399,23.104789719981
113.26952999102,23.104727227645
113.26916123661,23.104602159783
113.26889219411,23.104518476437
113.26803503099,23.104246235117
113.26771622236,23.104141609871
113.26758677654,23.10409980961
113.26751706803,23.104078867924
113.2674772731,23.104058341744
113.26690927452,23.103869866391
113.26650081501,23.103693689892
113.26628171829,23.103590393846
113.26593308593,23.103425020282
113.26566422309,23.103280920738
113.26546506876,23.103167901378
113.26507664145,23.102941779266
113.264827721,23.102797845402
113.26473815994,23.102746487901
113.26441953097,23.102541390106
113.26432996991,23.102480060153
113.26397154602,23.102214296697
113.26381227645,23.102081747181
113.26353344242,23.101917202772
113.26336420166,23.101784486753
113.26265714539,23.101362736471
113.26257755553,23.101311461518
113.26233860626,23.10114749788
113.26227895877,23.101126555729
113.26214951295,23.101074449646
113.26209983666,23.10105367369
113.26209507564,23.101049435395
113.26209507564,23.101049435395
113.26234453508,23.100703723005
113.26244433682,23.10059552149
113.2625042538,23.100496627555
113.26275371324,23.100160969357
113.26305302863,23.099776195484
113.26348214917,23.099223548554
113.26374157981,23.098917971212
113.26395097482,23.098771539829
113.26400083078,23.098702479343
113.26425029022,23.098376706165
113.26431020719,23.098297755913
113.26434012077,23.098258363875
113.26442995132,23.098139938373
113.26463952599,23.097873501384
113.26501879058,23.097369796059
113.2654678535,23.096807166338
113.26557762644,23.0966490146
113.2656175112,23.09660970518
113.26573725533,23.096441746615
113.26588700285,23.096234228985
113.26591691643,23.096194753228
113.26609657753,23.095957732225
113.26623626404,23.095780049302
113.26704464916,23.09470272722
113.26709450512,23.094643554451
113.26709459495,23.094641642971
113.26709459495,23.094641642971
113.26649686246,23.094172581487
113.26649686246,23.094172581487
113.2664613794,23.094212639602
