113.2715817208,23.113267961974
113.27158360724,23.113260566413
113.27158360724,23.113260566413
113.27159357843,23.113270704148
113.27159357843,23.113270704148
113.27159357843,23.113270704148
113.27165331575,23.113371416682
113.27165331575,23.113411385909
113.27166310728,23.11356145737
113.27168287,23.113781661587
113.27165259711,23.114201211932
113.27165250728,23.114201295027
113.27165250728,23.114201295027
113.27162232421,23.114440859424
113.27162232421,23.114480828329
113.27159232081,23.114680423388
113.27148200889,23.115408917878
113.27141194106,23.115817993161
113.27139199868,23.115877738155
113.27132202068,23.116126772287
113.27122212911,23.116345476551
113.27122167995,23.116345476551
113.27122167995,23.116345476551
113.27105172055,23.116743248162
113.27104183919,23.116773078907
113.27102198664,23.116812797828
113.27100213409,23.11683257419
113.27097222051,23.11689215254
113.27057283388,23.117526822341
113.27013347266,23.118250814179
113.27007364551,23.11835002726
113.27003376075,23.118419492991
113.270003937,23.118459045233
113.26999405564,23.118488875593
113.26991419628,23.118677745653
113.26986434033,23.118827063324
113.26985445897,23.118856893601
113.26981448437,23.119056315893
113.2695940402,23.120483090556
113.26958406901,23.120542916542
113.26955406561,23.120752473462
113.26930370786,23.122418779878
113.26930370786,23.122438804676
113.26929364684,23.122748648567
113.26927370446,23.122888323199
113.26917372305,23.12345682485
113.26916375186,23.12360663568
113.26916375186,23.123686651046
113.26916375186,23.123826657048
113.26916375186,23.123906672281
113.26917345356,23.124316801525
113.2691712078,23.124316801525
113.2691712078,23.124316801525
113.26920094171,23.124567232332
113.2692206146,23.124957501296
113.26917039932,23.125716682066
113.26917039932,23.125866656521
113.26917039932,23.125996606549
113.26916042813,23.126096478542
113.26915036711,23.126396343335
113.26913042473,23.126636051889
113.26913042473,23.12667601712
113.26912054337,23.126755864459
113.26908047894,23.127375282089
113.2690203823,23.128224348987
113.2689903789,23.128693871757
113.26896037549,23.129073410449
113.26893037209,23.129522989573
113.26892938395,23.129522989573
113.26892938395,23.129522989573
113.26888949919,23.129652354417
113.26884952459,23.130271758519
113.26879957881,23.130911017077
113.26877963643,23.131250751752
113.26874972285,23.131550272553
113.26874972285,23.131590236303
113.26874972285,23.131650223449
113.26872978047,23.131939939378
113.26867983468,23.132909199481
113.26863994992,23.133678637075
113.26863923127,23.133678637075
113.26863923127,23.133678637075
113.26862917025,23.133908445558
113.26860922787,23.13439813736
113.26858937532,23.134797848823
113.26857949396,23.135037708355
113.26855964141,23.1352674314
113.26855964141,23.135297424145
113.26855964141,23.135357409613
113.26854976005,23.135517259953
113.26852990749,23.135806967432
113.26852936851,23.135807050514
113.26852936851,23.135807050514
113.26849945494,23.135876590185
113.26849945494,23.135916552631
113.26842974643,23.136895587268
113.26840989388,23.137065322426
113.26836021758,23.137874614675
113.26835033622,23.13795445527
113.26835033622,23.138024492299
113.26835033622,23.138074506856
113.26835033622,23.138154513493
113.26834045486,23.138404336604
113.2683208718,23.139844112773
113.2683111701,23.140534003439
113.2683111701,23.140614008591
113.2683111701,23.140644000126
113.2683111701,23.140683961135
113.2683111701,23.140834001741
113.2683014684,23.141453852076
113.2682917667,23.142153786813
113.26828197517,23.142443645944
113.26828197517,23.142493658834
113.26828197517,23.142523649944
113.268282065,23.142863687171
113.2682920362,23.142943857072
113.2682920362,23.143043882456
113.2682823345,23.143613793085
113.26828242433,23.143733839545
113.26832239892,23.143884458236
113.26831269722,23.144224325819
113.2682532294,23.144763493088
113.26813393443,23.145371777472
113.26810420051,23.145471385643
113.26790522584,23.146118546164
113.26777578002,23.146256617744
113.2677742529,23.146256534668
113.2677742529,23.146256534668
113.26770454439,23.146335456384
113.26770454439,23.146335456384
113.26770454439,23.146335456384
113.267275873,23.146449103574
113.26650845061,23.146607445182
113.26619952334,23.146632616994
113.26594045203,23.146638598414
113.26576115025,23.14663585693
113.26529277376,23.14659847305
113.26454529374,23.146476518451
113.26407691725,23.146388956974
113.26404709351,23.146388541597
113.26401726977,23.146398012196
113.26395753245,23.146417036467
113.26391773752,23.146436393038
113.26384802901,23.146455251153
113.26381820527,23.146474773868
113.26379835271,23.146474524642
113.26377850016,23.146494213505
113.26374867642,23.146523705257
113.26369900012,23.146562916816
113.26365920519,23.146602294513
113.26362938145,23.14664183835
113.26362785433,23.146641173748
113.26362785433,23.146641173748
113.26362785433,23.146671163918
113.2636083611,23.147240892798
113.26359856957,23.147420749831
113.2635986594,23.147550761807
113.26358913736,23.148080694287
113.26358922719,23.148160694883
113.26357988481,23.149070604806
113.26357997464,23.14914063596
113.26357018311,23.149250459356
113.26356066108,23.149830395158
113.26356075091,23.150020383602
113.26356093057,23.150280402324
113.2635513187,23.150630305308
113.26354152717,23.150740127469
113.26352185428,23.150999812489
113.26348241867,23.151439182434
113.26348241867,23.151489191929
113.26345277458,23.151698699939
113.26343328135,23.152168471851
113.26343337118,23.152258521662
113.26342366949,23.152428403286
113.26342241186,23.152428486358
113.26342241186,23.152428486358
113.26342241186,23.152468443814
113.26346256611,23.15287914927
113.26333321012,23.152986975856
113.26316396936,23.153044128895
113.26305446592,23.153112330381
113.26294496248,23.153190500374
113.26276584036,23.153347504788
113.26241747748,23.153741676426
113.26231803506,23.153859969225
113.2622384452,23.1539386372
113.26217879771,23.154007668932
113.26192987725,23.154103449364
113.26180043143,23.154131194939
113.2616809568,23.154149138183
113.26162121948,23.154148224407
113.26153165842,23.154156697604
113.2614022126,23.154164506237
113.26120296843,23.154151131877
113.26120153115,23.154150965736
113.26120153115,23.154150965736
113.26110181923,23.154139252785
113.26101225818,23.154127789046
113.26054397151,23.154029682654
113.2602948714,23.153975437514
113.2602946019,23.153975188302
113.2602946019,23.153975188302
113.25986611018,23.153877580222
113.25959715751,23.153822919666
113.25953742019,23.153811954323
113.25949762526,23.153801321263
113.25870046895,23.153637256362
113.25838166032,23.153571630344
113.25796313978,23.153434230956
113.25790340247,23.153413213988
113.25756465146,23.153307215313
113.25744517683,23.153275149867
113.25729578862,23.153222565841
113.25648866112,23.152958233184
113.25643889499,23.152937382283
113.2563492441,23.152905898246
113.25604040667,23.152780460454
113.25574154043,23.152665157266
113.25560212341,23.152602770556
113.25540287925,23.152489294789
113.25525349104,23.152406721585
113.25510410284,23.152334116935
113.25502442314,23.152282778611
113.25490485868,23.152210755395
113.25486506374,23.152190153592
113.25476544166,23.152128431233
113.25449639916,23.151953731051
113.254297155,23.151820234371
113.25415764815,23.151737826894
113.25392849042,23.151593862903
113.25382886834,23.151532140267
113.2537890734,23.151501486619
113.25373930728,23.151470666819
113.25356997669,23.151367740265
113.25338070372,23.151254429585
113.2533209664,23.151223443583
113.25302201033,23.15103827507
113.25296227301,23.150997320313
113.2527828814,23.150884258533
113.25271326272,23.15089306423
113.25264364405,23.150901869926
113.25264005082,23.150898962385
113.25264005082,23.150898962385
113.25259019487,23.15087811116
113.25256037113,23.150857675294
113.25241089309,23.150765132351
113.25214185059,23.150600482179
113.2518628369,23.150415728161
113.25177318601,23.150364222948
113.25145428755,23.150168752175
113.25124498237,23.150035253696
113.25068677532,23.149685764507
113.25065695158,23.149665328458
113.25007880216,23.149305537167
113.24912174747,23.148699596913
113.24901224402,23.148707821237
113.24898242028,23.14871729167
113.24894262535,23.148736647905
113.24887300667,23.1488055162
113.24887174904,23.148804602387
113.24887174904,23.148804602387
113.24886204734,23.149174446955
113.24900209317,23.149916874409
113.24910216441,23.150448625028
113.24912219662,23.150619007411
113.24913216781,23.15067915209
113.24914222883,23.150759317263
113.24916226104,23.150929699245
113.24916235087,23.151029718601
113.24914276781,23.151359433034
113.24912309492,23.151539118332
113.24907359829,23.151858364426
113.24903389319,23.151987707472
113.24881533546,23.152724221087
113.24879557274,23.152793918024
113.24857692517,23.153500438539
113.24847766242,23.153848837744
113.24840831323,23.154187765991
113.2483985217,23.154267596758
113.24837875898,23.154387301284
113.24810136224,23.156223144786
113.24802222152,23.15676193095
113.24798269608,23.156991367131
113.24790355536,23.157550169663
113.24789376383,23.157600010714
113.24787409094,23.157799707003
113.24788505027,23.158810062605
113.24786537738,23.159019808238
113.24784561466,23.159089501862
113.24784372822,23.159089501862
113.24784372822,23.159089501862
113.24775416716,23.159258045648
113.2476646061,23.159356646571
113.2475452213,23.159454749016
113.24747560262,23.159523694807
113.24727644829,23.159610583065
113.24723665335,23.159619969652
113.24706732277,23.159657349857
113.24691793456,23.159675043151
113.2459212646,23.159779707657
113.24498433195,23.159885784218
113.2444360961,23.159947835229
113.24420693836,23.159984550807
113.24373847204,23.160047930842
113.24367873472,23.160057068197
113.24332983286,23.160102256562
113.24303078696,23.160138141429
113.24295110726,23.160147029577
113.24294966997,23.160147029577
113.24294966997,23.160147029577
113.24292972759,23.160156748393
113.24286001908,23.160175770689
113.2426507139,23.160233003692
113.24247141212,23.160340658158
113.24238185106,23.160419488417
113.24229229,23.160508369685
113.24219275775,23.160657058777
113.24212331873,23.160956180851
113.24209376448,23.161255883712
113.24208397295,23.161325742291
113.24208397295,23.161355729138
113.24195560509,23.162504278383
113.24192614067,23.162843932065
113.24190655761,23.163113727277
113.24187709319,23.163503384355
113.24180819316,23.164282612006
113.24179849146,23.164422492062
113.24176884738,23.164632145741
113.24172959143,23.165191746667
113.2417197999,23.165291672188
113.2417100982,23.165471587774
113.24168063378,23.165841302738
113.2416313168,23.166250720777
113.24162152527,23.166360613049
113.24153268286,23.167159675798
113.24146360317,23.167768937139
113.24145381164,23.167828824844
113.24142416755,23.16801845522
113.24140440483,23.168138230377
113.24138473194,23.16830800857
113.24136505905,23.168457768702
113.24134538616,23.168627546485
113.24129597936,23.168956967921
113.24127630647,23.169166780542
113.24127334206,23.169167029725
113.24127334206,23.169167029725
113.2412634607,23.169276919575
113.24128367257,23.16956721772
113.24140422517,23.170428888634
113.24148462351,23.171050012502
113.24149459471,23.171090130459
113.24151462692,23.171210401195
113.2415648422,23.171581096846
113.24157481339,23.171611247489
113.24161496764,23.171881772368
113.24170524735,23.172433036736
113.24181555926,23.173094600782
113.24183559148,23.173164868407
113.2418456525,23.173295021227
113.24202666106,23.174857592597
113.24203672208,23.174917726267
113.24211694076,23.175398877701
113.24215709502,23.175669477894
113.24215709502,23.175699461491
113.24220722047,23.176030194234
113.24232750357,23.176741906367
113.24233765443,23.176902038993
113.24242793413,23.177473298929
113.24246799856,23.17772387844
113.242518124,23.177984590261
113.242518124,23.178004606662
113.24253815622,23.178124871114
113.24253833588,23.178124871114
113.24253833588,23.178124871114
113.24253833588,23.178114821396
113.24253833588,23.178114821396
113.24253950367,23.178125286392
