113.33414869955,23.134497338364
113.33403551306,23.134536304232
113.33403551306,23.134536304232
113.33399553846,23.13440686107
113.33400559948,23.134216850243
113.33400541982,23.134216600994
113.33400541982,23.134216600994
113.33416576736,23.134204886282
113.33452652685,23.134191177574
113.33462677774,23.134180210608
113.33462677774,23.134180044441
113.33462677774,23.134180044441
113.33462677774,23.134080012369
113.33461689638,23.133510226917
113.3345669506,23.133170830366
113.33455706924,23.133081016837
113.33454718788,23.132861176989
113.33454718788,23.132781250242
113.33453730651,23.132421413116
113.33453730651,23.13240147291
113.33453730651,23.132311575775
113.33454745737,23.131851537452
113.33454745737,23.131751586708
113.33453766584,23.130991775802
113.33450793192,23.129982205117
113.33449805056,23.129682431517
113.33449805056,23.129562538505
113.33451808278,23.129552402015
113.33454817601,23.129532212119
113.33456820822,23.129522075627
113.33458824044,23.129521909455
113.33462830486,23.129541517751
113.33463827605,23.129561375301
113.33463773707,23.129560129012
113.33463773707,23.129560129012
113.33463773707,23.129610146762
113.33464770826,23.129780057418
113.33466738115,23.131029745679
113.3346872337,23.131829520046
113.33469711507,23.132399395805
113.33469711507,23.132439359299
113.33470708626,23.132769286151
113.33470708626,23.132849295989
113.33469711507,23.133069385108
113.33470708626,23.133159281728
113.33468714387,23.133369483385
113.33468714387,23.133499509145
113.33468714387,23.133539472308
113.33470708626,23.134179213611
113.33473708966,23.134958862994
113.33482727953,23.136587936548
113.33483734056,23.136847815464
113.33487749481,23.137437442943
113.33487749481,23.137517449964
113.33489761685,23.137857250793
113.3349177389,23.138237095578
113.33492779992,23.138507023986
113.33493786094,23.138586947281
113.33496804401,23.13916668051
113.33496804401,23.139276678331
113.33497819486,23.139836635614
113.33497819486,23.139926610726
113.33497828469,23.140396673611
113.33497837452,23.140746685772
113.33497855418,23.141346680734
113.33497855418,23.14143665482
113.33497873384,23.142096712155
113.33497882367,23.142276742326
113.33497900333,23.142806778974
113.33498915419,23.143236705262
113.33498924402,23.143496737297
113.33498933385,23.143636722382
113.33498942368,23.143786759645
113.33498960334,23.14429676876
113.33497981181,23.14451692195
113.33499041181,23.145646925131
113.3349909508,23.146717021452
113.33507116948,23.146846203367
113.33509120169,23.146876027341
113.33510126271,23.14689596537
113.33513135595,23.146925706258
113.33519154242,23.146965083847
113.33537192216,23.147043340542
113.33537165267,23.147043257467
113.33537165267,23.147043257467
113.33568228672,23.14706020477
113.3360530174,23.147076736697
113.33662407021,23.147091607121
113.33666413464,23.14710124382
113.33698473988,23.147108471343
113.33751563843,23.147134058435
113.33831692695,23.147167869942
113.33868747797,23.147185149529
113.3387575458,23.147194620071
113.3391180358,23.147202096815
113.33916807142,23.147211733505
113.33923813925,23.147211318131
113.3393482715,23.147220622521
113.33936830372,23.147230508435
113.33942840035,23.147230176136
113.3394085478,23.147350302394
113.3394085478,23.147350219319
113.3394085478,23.147350219319
113.33933874946,23.147770743442
113.33931889691,23.147860879316
113.33915935785,23.148832099851
113.33914947649,23.148902214205
113.33912962394,23.14905232858
113.33911974258,23.149132411663
113.33907994765,23.149352722966
113.33903036118,23.149903167327
113.33896047301,23.150033675306
113.33895966454,23.150033592233
113.33895966454,23.150033592233
113.3389598442,23.150203642857
113.33899020693,23.150683471873
113.33901032897,23.150863324233
113.33912082055,23.151362672854
113.33923122229,23.151702022823
113.33931144098,23.151891510151
113.33937162745,23.152071111656
113.33942184272,23.152220807081
113.33958236992,23.152649872109
113.3398131446,23.153208526816
113.33981323443,23.153208526816
113.33981323443,23.153208526816
113.34001391589,23.153677379594
113.34023462955,23.154196156116
113.34026472278,23.154266018419
113.34028484483,23.154335880686
113.34029490585,23.154375837566
113.34030496687,23.154435814399
113.34032499908,23.154475688179
113.3403350601,23.154505676576
113.34033497027,23.154505676576
113.34033497027,23.154505676576
113.34041518896,23.154675223038
113.34045534321,23.154774990355
113.34051552968,23.154904662833
113.34061587041,23.155124133837
113.34061587041,23.155124216907
113.34061587041,23.155124216907
113.34074612471,23.155273576602
113.34079625015,23.155373343469
113.34087646884,23.155532920456
113.34106699943,23.15591205002
113.34107706046,23.155922018355
113.34113724693,23.156061741104
113.34119734356,23.156141487673
113.34129759446,23.156261024366
113.3414879454,23.156440121532
113.34174836416,23.156628937529
113.34186855744,23.15670843455
113.34202881514,23.156827804594
113.3420989728,23.156937538548
113.34209888297,23.156937455479
113.34209888297,23.156937455479
113.34229902544,23.156906636944
113.34244913229,23.15689617027
113.34308944446,23.156773975944
113.34384986007,23.156741911337
113.34402997033,23.156771483876
113.34417010599,23.156801139478
113.34427017722,23.156850897742
113.34500076909,23.157199620409
113.34500085892,23.157199454272
113.34500921316,23.157201946331
