113.23898221386,23.088511300951
113.23899047827,23.088512796961
113.23899047827,23.088512796961
113.23961911246,23.088449798297
113.23967893961,23.088460436596
113.23975870914,23.088511300951
113.23975879897,23.088511300951
113.23975879897,23.088511300951
113.23978871254,23.088511633398
113.24048705525,23.088459854814
113.24073642486,23.088442900024
113.24085616898,23.088434422629
113.24084619779,23.08850431957
113.24084619779,23.088504070235
113.24084619779,23.088504070235
113.24085598932,23.088674116625
113.24087575204,23.088954285446
113.24087575204,23.08908427161
113.24090539612,23.089464588456
113.24089461646,23.09072429712
113.24086434356,23.091323853412
113.24041294504,23.094517978446
113.24020220257,23.096065272662
113.24014192627,23.096594496669
113.24012162456,23.09707418721
113.24014111779,23.097554291549
113.24014066864,23.097554291549
113.24014066864,23.097554291549
113.24031017889,23.097636234058
113.24056942986,23.097779259351
113.24084862321,23.097922616914
113.24163625748,23.098322272049
113.24200519156,23.098476931366
113.24234421206,23.098601340154
113.24257354945,23.098684362386
113.24291256995,23.098778853092
113.24291239029,23.098778936197
113.24291679199,23.098783506986
