113.26426951395,23.111955035777
113.26426663938,23.111943734584
113.26426663938,23.111943734584
113.26444621065,23.111816762288
113.26449615643,23.111737653832
113.26451618865,23.111678073168
113.26454628188,23.111498666238
113.26451654797,23.111438254493
113.26436724959,23.111315935168
113.26433742585,23.111295493204
113.26419809867,23.111163285146
113.26394926804,23.110919310657
113.26394863923,23.110918728974
113.26394863923,23.110918728974
113.26406838335,23.110840700253
113.26418803764,23.11079275287
113.26428765972,23.110794414824
113.26461751751,23.109810035437
113.26461760734,23.109809869241
113.26461760734,23.109809869241
113.26476699554,23.109882330981
113.26501609566,23.110006313592
113.26538467041,23.110202175965
113.26552417726,23.11026441643
113.26565371291,23.110356489053
113.26569359768,23.110387152214
113.26607205379,23.110683063816
113.26677928972,23.111233918003
113.26684899822,23.111284939832
113.26693864911,23.111336294031
113.2670382712,23.111387814404
113.26775574781,23.111718541489
113.2678453987,23.111759840768
113.26897160431,23.112216043216
113.26916096711,23.112288669836
113.2692905926,23.11234043913
113.26951984017,23.112433590571
113.26970920297,23.112516188671
113.26979894369,23.112547433009
113.27000824887,23.112630280328
113.27034717954,23.112764813628
113.27053663217,23.112847328425
113.27117469858,23.113105591932
113.2715934886,23.11327087034
113.27190277519,23.113224835047
113.27268097725,23.113114317041
113.27281069257,23.113095952762
113.27297032146,23.113067866213
113.27327969788,23.113011526903
113.27335955724,23.112992497839
113.2735791031,23.112955021377
113.27421779832,23.112852064923
113.2742777153,23.112822814971
113.27446734759,23.112764896724
113.27466695108,23.112727087812
113.27522596659,23.112602858453
113.27569515156,23.112537461413
113.27585487028,23.112538957152
113.27608438734,23.112611085016
113.27617412806,23.112691854882
113.27617403823,23.112690608434
113.27617403823,23.112690608434
113.27615400602,23.112750437933
113.27611412125,23.112830044363
113.27584400078,23.113557385666
113.27567404138,23.113975690283
113.27543401415,23.114563258965
113.27542404296,23.114603144737
113.27517413437,23.115160630254
113.27505421058,23.115449385061
113.27494434782,23.115658202174
113.27473441382,23.116126024437
113.27469452905,23.116225571484
113.27461466969,23.116394751436
113.27454478153,23.116534017286
113.27452483914,23.116573819372
113.27421501357,23.117280449834
113.27417512881,23.117370024782
113.27393528124,23.117897335816
113.27390536766,23.117977022252
113.27388551511,23.118006769627
113.27387563375,23.118036683182
113.27351586239,23.118872598118
113.27313614866,23.119728200626
113.2731262673,23.119748059645
113.27310641474,23.119777806623
113.27309653338,23.119807719778
113.27307668083,23.119837466743
113.27305673845,23.119887238883
113.27286701633,23.12023497861
113.27261728739,23.120731949861
113.27251748565,23.12091076267
113.27229776012,23.12135804291
113.27223793298,23.121487332626
113.27226784655,23.121527714864
113.27227772791,23.12161778549
113.27225778553,23.121697552783
113.27219795838,23.121756796585
113.27219481431,23.121756713494
113.27219481431,23.121756713494
113.27305233675,23.122336769575
113.2735608675,23.1228324866
113.27377026252,23.123054752683
113.27385003204,23.123175648658
113.27386000324,23.123195756432
113.27387985579,23.123295962893
113.27389961851,23.123536175588
113.27392953208,23.123636464883
113.27400930161,23.12370734037
113.2741689305,23.123809042058
113.27424870003,23.123859892873
113.2745379544,23.124042939026
113.27511655298,23.124388756808
113.27534607004,23.124491039598
113.27543590059,23.124531919456
113.27559552948,23.124583434707
113.27601467883,23.124737398715
113.27627410946,23.124919778947
113.27625416708,23.125009598003
113.27625398742,23.125009431825
113.27625398742,23.125009431825
113.2759845856,23.12480702728
113.27556552608,23.124653146441
113.27535604123,23.124591245082
113.27530627511,23.12456083447
113.27507693771,23.124448664122
113.27491739865,23.124357182901
113.2744885476,23.124092875768
113.27434895092,23.124011531216
113.27420935425,23.123920132783
113.27396007447,23.12376758035
113.27391030834,23.123717144948
113.27386054222,23.123666709527
113.27382074728,23.123556366397
113.27380107439,23.123306266041
113.27379119303,23.123266216705
113.27379002524,23.123264970356
113.27379155236,23.123264056367
