113.28101392865,23.134945985191
113.2811437338,23.134892978478
113.2811437338,23.134892978478
113.28122368299,23.134723489787
113.28127362878,23.13458382762
113.28131360337,23.134434112272
113.28143352716,23.134034732046
113.28154347975,23.133675313739
113.28163348996,23.133365827707
113.28174344256,23.132996437528
113.28174335273,23.132995772857
113.28174335273,23.132995772857
113.28112397108,23.132922908321
113.2803948165,23.132849212905
113.28029501475,23.13282877426
113.27975576196,23.13271569698
113.27937631771,23.132613420533
113.27930651937,23.132583094845
113.27860763768,23.132308418573
113.2781883985,23.132175483694
113.27808868659,23.132154795692
113.27786914073,23.132113170424
113.27750981852,23.132090405302
113.27743004899,23.132079853583
113.27738019304,23.132079521245
113.2759328432,23.132006988543
113.275304209,23.131961042836
113.27524438186,23.131960544329
113.2752430344,23.131959381147
113.2752430344,23.131959381147
113.27487383083,23.131935618984
113.27462446122,23.13192315631
113.27437509161,23.13191061055
113.27397606431,23.131896403098
113.27300840961,23.131845638449
113.27273909762,23.131832594175
113.27193116165,23.131792962836
113.27185148195,23.131782078755
113.27106357818,23.131752251385
113.27066473054,23.131727159831
113.27063490679,23.131736797647
113.27051534233,23.13172533197
113.27045560502,23.131724584208
113.27041581008,23.131724168785
113.2698275098,23.131706305589
113.2697478301,23.131705308574
113.2696781216,23.131704394643
113.26878080422,23.131651885142
113.26875098048,23.131651552804
113.26866132959,23.131630366211
113.26863150585,23.131619980625
113.26862961941,23.131618568186
113.26862961941,23.131618568186
113.26800152419,23.131579435291
113.26762279859,23.131543958113
113.26687522875,23.131512801333
113.26655633029,23.131498012246
113.26635708613,23.131485051021
113.2658189113,23.131456719111
113.26532062123,23.131418915525
113.26487218712,23.131391829873
113.26468291415,23.131388838819
113.26431424957,23.131362916348
113.26403523588,23.131368316863
113.26398546975,23.131367569099
113.26298897945,23.131361088481
113.26243095207,23.131361670075
113.26160388218,23.131367486014
113.26102600225,23.131377456196
113.2610061497,23.131377206941
113.26094641238,23.131376293008
113.26093653102,23.131376209923
113.26093491407,23.131374963651
113.26093491407,23.131374963651
113.26053633592,23.131407948329
113.26045674605,23.13141658915
113.25970953553,23.131463448979
113.25893241143,23.131529750622
113.2584642146,23.131571459158
113.25731842592,23.131661024456
113.25656124421,23.13172749217
113.25648165434,23.131726162816
113.25625258643,23.131732061824
113.25577441841,23.131763550891
113.25550546574,23.131758815069
113.25523651307,23.131764049398
113.25404095827,23.131772773281
113.25393145483,23.13177094542
113.25308462222,23.13173613297
113.25210816413,23.131689190154
113.25207834039,23.13168877473
113.25165990968,23.131671576207
113.25120159421,23.13165379609
113.25104223481,23.13165113738
113.25099246869,23.131650389618
113.25092276018,23.131639256272
113.24899948809,23.131557002416
113.24877033035,23.131553346688
113.24859102857,23.131540468554
113.2484017556,23.131537477503
113.24839950984,23.131536148148
113.24839950984,23.131536148148
113.2479410147,23.131518700351
113.24786133501,23.131517537164
113.24731318898,23.131508896349
113.24674510058,23.131500089365
113.24618698337,23.131491531634
113.24615715962,23.13149111621
113.24597776801,23.131488457497
113.24585820355,23.131486712717
113.2456090136,23.131492944075
113.24501092179,23.131464113657
113.24306662935,23.131386678613
113.24295703607,23.13137529599
113.24290726995,23.131374714396
113.24262816643,23.131371058663
113.24255845792,23.131360174548
113.24255729012,23.131359177529
113.24256645284,23.131348459583
