113.25544815385,23.08691554719
113.25541051485,23.086903662077
113.25541051485,23.086903662077
113.25523103341,23.087300441426
113.25508155537,23.087547783798
113.25506170282,23.087587428349
113.25462288058,23.088349565531
113.25447331271,23.088656912528
113.25443351778,23.088716171075
113.25434395672,23.088744595221
113.2541045583,23.089220324768
113.25406476336,23.089289639518
113.25380542256,23.089764951558
113.25358596653,23.090201033692
113.25354617159,23.090270347931
113.25344645968,23.090458593251
113.25338672236,23.090547521412
113.25322718331,23.090864670329
113.25272835426,23.091835809513
113.25228935235,23.09269798567
113.25187029283,23.093510623545
113.25177058092,23.093698864275
113.25164086561,23.093966556262
113.25121174506,23.094839023947
113.25093228222,23.095394182342
113.25070276516,23.09586016455
113.25054313627,23.096157438239
113.25048330913,23.09626639133
113.25033365143,23.096543801622
113.24993444446,23.097276966474
113.24978478676,23.097564430483
113.24978227151,23.097564098059
113.24978227151,23.097564098059
113.24980203423,23.097694408223
113.24944271202,23.09838825783
113.2493229679,23.098626188655
113.24929314416,23.098685692071
113.24900362029,23.099270835276
113.24896373553,23.099350200475
113.24875407102,23.099776694112
113.24853443532,23.100203020171
113.24850452175,23.10026252288
113.24843472341,23.100421335149
113.24840480984,23.10048083776
113.24832521997,23.100459646191
113.24816586057,23.100417179937
113.24806632832,23.100385683432
113.24806525036,23.100385351015
113.24806525036,23.100385351015
113.2476666722,23.100278977535
113.24760693488,23.10026809087
113.24613200707,23.099915229455
113.24514548796,23.099550566226
113.24492630141,23.099477434008
113.24482667933,23.099446103489
113.24458755041,23.0993727219
113.24426865195,23.099258203324
113.24421888582,23.09924756589
113.24389998737,23.09914318602
113.24314244633,23.098922791311
113.24291319877,23.098859797583
113.24255432571,23.098755084988
113.24233504934,23.098682284753
113.24197617629,23.098547737183
113.24161730324,23.09839324416
113.24145785401,23.098311302118
113.24110895215,23.098137112781
113.24081987744,23.097993672344
113.24073022655,23.097952701206
113.24068046042,23.097922201385
113.24054095358,23.097850647282
113.24015216695,23.097636150952
113.24007248725,23.097595345916
113.2399429516,23.097533930573
113.2383672339,23.096776915573
113.23789849809,23.0965522785
113.23779887601,23.096501417223
113.23781890822,23.096431690702
113.23781675229,23.09642944682
113.23781675229,23.09642944682
113.23897376978,23.096991330184
113.23919322582,23.097093717194
113.23919322582,23.097093634087
113.23926068856,23.096971800185
