113.28633189727,23.109005059294
113.28632794473,23.108999325473
113.28632794473,23.108999325473
113.28592801911,23.10907918345
113.28567811052,23.109148986429
113.28555818674,23.109198845677
113.28555782741,23.109198928775
113.28555782741,23.109198928775
113.28516778316,23.109318507796
113.28492784576,23.109398199383
113.28409799113,23.109656635797
113.28338815012,23.109914822414
113.28338788062,23.109914822414
113.28338788062,23.109914822414
113.28268792097,23.1103125302
113.28204823762,23.110610103926
113.2812686881,23.110976564929
113.28126850844,23.110976564929
113.28126850844,23.110976564929
113.28129842201,23.111036644493
113.28154761196,23.111587663407
113.28185680871,23.112118902972
113.28189669348,23.112199091459
113.28192660705,23.112249198852
113.28200646641,23.112369522995
113.28215612411,23.112600116265
113.28233578521,23.112840763806
113.28247556155,23.113001222956
113.28281494137,23.113352304573
113.28371342654,23.114394741442
113.28376337233,23.114444848006
113.2837632825,23.114444931101
113.2837632825,23.114444931101
113.28377316386,23.114514897449
113.28378313505,23.114554949427
113.28382301981,23.114665050757
113.28385302322,23.11468515982
113.28435221159,23.115316100906
113.28461173205,23.115736477346
113.28499090681,23.1164968742
113.28502082038,23.116546896876
113.28520039165,23.117007071374
113.28528016118,23.117227103686
113.28532004594,23.117327148469
113.28535993071,23.117417138853
113.2853699019,23.117447135634
113.28538984428,23.117507129176
113.28569877155,23.118747211213
113.28590807673,23.119577222124
113.28607740732,23.120407144752
113.28607749715,23.120407144752
113.28607749715,23.120407144752
113.28615735651,23.120617117345
113.28630710404,23.120977069589
113.28643690919,23.121237062188
113.28659671774,23.121457004394
113.28666669573,23.121526967045
113.28677664833,23.121656921324
113.28686656871,23.121726883869
113.2869465179,23.121796846377
113.2870464993,23.121876779744
113.28713650952,23.121936688192
113.28832622533,23.122805149923
113.28862616954,23.1230245079
113.28877618656,23.123124215951
113.2889462358,23.123233811631
113.28909625282,23.12334340722
113.28967628868,23.123741739479
113.2897662989,23.123801480906
113.28976620907,23.123801480906
113.28976620907,23.123801480906
113.29013631094,23.123920215873
113.2909165791,23.124447168517
113.29119667076,23.124635947006
113.29119676059,23.124636030095
113.29119676059,23.124636030095
113.29178712697,23.124953180675
113.29178712697,23.124953180675
113.29178712697,23.124953180675
113.29189725923,23.12501267229
113.29222747633,23.12522097582
113.29258778667,23.125428946668
113.2926578545,23.125468579909
113.29271786131,23.125508213138
113.29278792914,23.125557816974
113.29313826829,23.125755733603
113.29371884314,23.126082021203
113.29373887535,23.126091908694
113.29373878552,23.126091742518
113.29373878552,23.126091742518
113.29393901782,23.126240387139
113.29436948582,23.126517319353
113.29446964688,23.12656659046
113.2947199148,23.126744730702
113.29483004705,23.126803889162
113.29500027595,23.126902597321
113.29532070152,23.127090042915
113.29560106267,23.127257796526
113.29638222914,23.127741115181
113.29643226476,23.127770694192
113.29643226476,23.127770611105
113.29643226476,23.127770611105
113.29657249025,23.127879372075
113.29683290902,23.128046958515
113.29710338881,23.128224432074
113.29752406528,23.128610369775
113.29759422294,23.128649669719
113.29773444843,23.128738239952
113.29781457728,23.128767403309
113.29783460949,23.128807201725
113.2978546417,23.128837029758
113.29785455187,23.128837112844
113.29785455187,23.128837112844
113.29799477736,23.128925682952
113.29851579456,23.1291903128
113.29878636418,23.129297410883
113.29878636418,23.129297410883
113.29878636418,23.129297410883
113.29890655746,23.129356152774
113.29902684056,23.129394870895
113.29916715589,23.129453363485
113.29938760006,23.129530882743
113.29942766448,23.129540437633
113.29952791538,23.129579321872
113.29960813406,23.129598431643
113.2996682307,23.129627760982
113.30019939875,23.129791606349
113.30040987173,23.129859155116
113.30074062782,23.129965172545
113.30123182127,23.130139153941
113.3012619145,23.130148791872
113.30165285706,23.130273835658
113.30165285706,23.130273752572
113.30165285706,23.130273752572
113.30173307574,23.130292696072
113.30179326221,23.130301918565
113.30179326221,23.13030200165
113.30179326221,23.13030200165
113.30335739177,23.130631186052
113.30630598977,23.131188271877
113.30633608301,23.131187856453
113.30636617624,23.131197411223
113.30666710859,23.131252745791
113.3071185071,23.131345717783
113.30732915975,23.131392411466
113.30751978018,23.131429384211
113.30806154823,23.131540717808
113.30813179572,23.131549607875
113.30817194998,23.13155899645
113.3083625704,23.131605939312
113.30875387228,23.131679552334
113.30895455374,23.1317262459
113.30918532842,23.131772440943
113.30961678456,23.131885269773
113.30981746601,23.131931963267
113.30993783895,23.131969932875
113.31002811865,23.13198846071
113.31015855261,23.132026264133
113.310479607,23.132130867395
113.31063007317,23.132188361766
113.3110414971,23.132331349827
113.31116187003,23.132379289426
113.31132239723,23.132436534437
113.31173382115,23.132579439146
113.31185419409,23.132627378656
113.31196459584,23.132675484317
113.31216527729,23.132752004684
113.31216518746,23.1327519216
113.31216518746,23.1327519216
113.31290781662,23.133089075962
113.31290781662,23.133089075962
113.31290781662,23.133089075962
113.31307840484,23.133156041463
113.31334933378,23.133271278542
113.31341958127,23.133300025483
113.3137607577,23.133474002504
113.31385103741,23.133492447046
113.31390125269,23.133521526273
113.31404174767,23.133579020041
113.31421233588,23.133656038388
113.31492487181,23.133963446662
113.31563740774,23.134280824185
113.31577790273,23.134338317624
113.31604883167,23.134453470593
113.31616929444,23.134501326342
113.31695207786,23.134807403333
113.31703238637,23.134835983776
113.3170324762,23.134836233024
113.3170324762,23.134836233024
113.31764467141,23.135015359148
113.31824680559,23.135144718633
113.31917008399,23.135238435638
113.31974212494,23.135278398277
113.31974212494,23.135278481359
113.31974212494,23.135278481359
113.31986258771,23.13525638144
113.31998305048,23.135224394708
113.32005329797,23.135223231554
113.32010351325,23.135232370621
113.32054512023,23.135254719792
113.3206053067,23.135253722803
113.32080598815,23.135250316424
113.3210769171,23.135215754135
113.32126762736,23.135182521156
113.32149840204,23.13514862351
113.3215385563,23.135118049154
113.32159874277,23.135067119574
113.32165892924,23.135036212869
113.32171911571,23.135025245972
113.32173914792,23.135015026818
113.32175918013,23.13501477757
113.32179933439,23.135004143001
113.32182942762,23.135003727589
113.32191970733,23.135002232102
113.32193973954,23.135001982855
113.32196983277,23.135011454267
113.32202004805,23.135020593349
113.32206020231,23.135029898595
113.32212038878,23.135058894403
113.32216054303,23.135088222534
113.32221075831,23.135117384494
113.32224085155,23.135156848675
113.32227094478,23.135196312844
113.32229097699,23.135216003382
113.32230103801,23.135245829973
113.32232107023,23.135275490393
113.32234110244,23.135315120691
113.32235116346,23.13534494726
113.32235116346,23.135394962829
113.32235116346,23.135454948253
113.32235116346,23.135494910826
113.32234119227,23.135535039552
113.32233122108,23.135565198401
113.3223112787,23.135615546215
113.32229133632,23.135655924151
113.32227139393,23.135686249136
113.32224139053,23.135726793215
113.32221138712,23.135747314496
113.32219144474,23.135767669609
113.32217150236,23.13578802472
113.32215155998,23.135798326897
113.32212155657,23.135818848167
113.32208149215,23.135849505443
113.32208041418,23.135848093048
113.32208041418,23.135848093048
113.32210044639,23.136037769209
113.32210044639,23.136287762474
113.32210044639,23.136287762474
113.32210044639,23.136287762474
113.3222510024,23.136285186939
113.32237137534,23.136283192977
113.32237137534,23.136283192977
113.32237137534,23.136283192977
113.32253199236,23.136580459206
113.32312406552,23.137680537854
113.32324452829,23.137928534083
113.32340514532,23.13820585729
113.32374641158,23.138700268794
113.32376644379,23.13872992844
113.32397718627,23.139096477925
113.32424820504,23.139572027015
113.32424811521,23.139572027015
113.32424811521,23.139572027015
113.32499056471,23.139520019109
113.32537180557,23.139503984718
113.32576310745,23.139487867246
113.32577316847,23.139607751284
113.32577316847,23.139607668204
113.32577316847,23.139607668204
113.32650546712,23.139546272303
113.32787969489,23.139485707172
113.32798003562,23.139474325245
113.32837115784,23.139458706247
113.32855171724,23.139446161201
113.32858181048,23.139445828881
113.32870218342,23.139434197711
113.32879246312,23.139433034594
113.32920361755,23.139407279855
113.32950446007,23.139393156287
113.32986548905,23.139368315419
113.33011620612,23.139355022645
113.3302867045,23.139352862569
113.33051729953,23.139339902113
113.33069776911,23.139337575877
113.33074789455,23.139327024736
113.33077798779,23.139326692416
113.33099861162,23.139323950781
113.33137958299,23.13929919298
113.33241218517,23.139246520327
113.33249240385,23.139245606448
113.33350479416,23.139194013814
113.33401593,23.139178477863
113.33421634196,23.13916643127
113.33441675392,23.139154384675
113.33461716587,23.139142338079
113.33470735575,23.139141507279
113.3347874846,23.13914075956
113.33488773549,23.139129793002
113.33496786435,23.139169006749
113.33506811524,23.139168092869
113.33511824069,23.139157707874
113.33566935112,23.139142421159
113.33637065823,23.139116001724
113.33679142453,23.139102376605
113.33762280628,23.139075541762
113.33803342173,23.139062415119
113.33834387611,23.139050119275
113.33904491373,23.139015225656
113.33960563603,23.13898166131
113.33992606161,23.138969780858
113.34013635493,23.138948595435
113.34061685854,23.138905975339
113.34066689416,23.138905809179
113.34079705863,23.138905227618
113.34083712305,23.138895091842
113.34123758765,23.138943029069
113.3413876945,23.13895233404
113.3416179302,23.138991298598
113.34195820833,23.139079778843
113.34220847625,23.139148735237
113.34306914275,23.139375626444
113.34311917837,23.139385429864
113.3432192496,23.139415089357
113.34347939888,23.139484294816
113.34366948033,23.139533810345
113.34396969403,23.139613068383
113.34446996037,23.139811960988
113.34451999598,23.13983190008
113.34508026913,23.140110963972
113.34518034036,23.140150842062
113.34613056793,23.140550037705
113.34622057814,23.140589998743
113.34638056635,23.140649981816
113.34640059857,23.1406599513
113.34653058337,23.140709964863
113.34701063784,23.140880110531
113.34701054801,23.140876205823
113.34701054801,23.140876205823
113.34744047703,23.140996503999
113.34835028085,23.141227629055
113.34892007603,23.141348757698
113.34905006084,23.141399020237
113.34915004224,23.141419291404
113.34926996603,23.141439562569
113.34968974419,23.141540669108
113.35164831969,23.141988129003
113.35172826888,23.142008483158
113.3520679182,23.142050188397
113.35214786739,23.142050603788
113.35231764713,23.142041548269
113.35242750989,23.142042129816
113.35295688133,23.14201521249
113.35339633239,23.141947919152
113.35365594268,23.141899650699
113.35371585965,23.1418900967
113.35379571901,23.141880708858
113.35399541233,23.14184216054
113.35422510905,23.141803861446
113.35433497181,23.141784753434
113.35447474815,23.141765811576
113.35555298425,23.141584119141
113.35583253693,23.141526462688
113.35583262676,23.141525631903
113.35583262676,23.141525631903
113.35592245731,23.141436322506
113.3563017219,23.141339619053
113.35646144061,23.141301070578
113.35712016804,23.141187169738
113.35712025788,23.14118700358
113.35712025788,23.14118700358
113.35787869722,23.140974321954
113.35805826849,23.140856183809
113.35813803802,23.140757070643
113.35821780755,23.140627965872
113.35824772112,23.140508331994
113.35824772112,23.140368426684
113.35822786857,23.14025826361
113.35816804142,23.140057710086
113.35812815666,23.139957350131
113.35795855658,23.139615726933
113.35792873283,23.139575516362
113.35782902092,23.139384599066
113.35776919378,23.139194096894
113.35770936663,23.139003594448
113.35763947846,23.138562937065
113.35760956489,23.137892726281
113.35760956489,23.137842794736
113.35766939203,23.13721345626
113.35773919037,23.13651424317
113.3578589345,23.136385549674
113.35792882266,23.13574631751
113.35795873624,23.135536701197
113.35814845836,23.133958710918
113.35818843296,23.133649225548
113.35818735499,23.133647314629
113.35818735499,23.133647314629
113.35818744482,23.133447332689
113.35819750584,23.133107520558
113.35819759567,23.132757654395
113.35819759567,23.132677727585
113.35819759567,23.132527843917
113.35819759567,23.132357936782
113.35819759567,23.132148065859
113.35819759567,23.132088162023
113.35818771431,23.13191817124
113.35817783295,23.131798197164
113.3581579804,23.13169808021
113.35812815666,23.131597880096
113.35808836172,23.131527590419
113.35807848036,23.131507566993
113.35804865662,23.131467353963
113.35801883288,23.131427140922
113.35797903794,23.131396814962
113.35793924301,23.131356518814
113.35789944807,23.131336163023
113.35783971076,23.131305670874
113.35777997344,23.131275178717
113.3577101751,23.131244603468
113.35762043438,23.131203808764
113.35752072247,23.131172901159
113.35741103937,23.131131940263
113.35690205947,23.13121718544
113.35690035269,23.131214859062
113.35690035269,23.131214859062
113.35695020864,23.131415342878
113.35696017983,23.131475413187
113.35696017983,23.131475413187
113.3569656595,23.131481395291
