113.31828462425,23.251965929586
113.318287409,23.251964103386
113.318287409,23.251964103386
113.31867880071,23.251867314738
113.31893975846,23.251812777707
113.31963226218,23.25166070477
113.32042510662,23.251466960939
113.3210272408,23.251316630804
113.32102733063,23.251316215756
113.32102733063,23.251316215756
113.32015471666,23.249761438476
113.32004449457,23.249563458313
113.32000443015,23.249494227443
113.31985405381,23.249236977168
113.31979395717,23.249148155562
113.31874096345,23.247466842592
113.31814933944,23.246617461759
113.31798899191,23.246380377938
113.31696609142,23.244958779213
113.31688596257,23.244850280509
113.31653508444,23.244366642505
113.31629451822,23.244021055252
113.31597373333,23.243556922591
113.31568304166,23.243132220267
113.31515169395,23.24236184196
113.31501137863,23.242154469962
113.3149413108,23.242065809617
113.31493978369,23.242064398356
113.31493978369,23.242064398356
113.31433818849,23.241235155584
113.31352621014,23.240109704832
113.31335589141,23.239882820368
113.31293494545,23.23930037387
113.31238365536,23.238550146449
113.31198274161,23.23799724844
113.31174226522,23.237661523654
113.31117103275,23.23689152849
113.31072008338,23.236239415864
113.31046963581,23.235893807318
113.31042966121,23.235834614603
113.31023931028,23.23555799416
113.30984854738,23.235004751533
113.30968828968,23.23477752621
113.30936768444,23.234322991371
113.30925755218,23.234174966263
113.30912738772,23.233987257236
113.30898716223,23.233779706032
113.30872674346,23.233424128551
113.30862667222,23.233265890868
113.30857663661,23.233186771955
113.30832627886,23.232831026834
113.30829627546,23.232781629245
113.30752490052,23.231724267328
113.30735467162,23.231477111079
113.30731469703,23.231427796005
113.30714446813,23.231190601862
113.30697423924,23.230953407293
113.30618301175,23.229795987987
113.30554207077,23.228905977859
113.30544199953,23.228767577424
113.30527177064,23.228540258338
113.30525182825,23.228510618823
113.30519182145,23.228431580083
113.305071718,23.228263456556
113.30505177562,23.228223854094
113.30499176881,23.228154861097
113.30484166196,23.227937171766
113.30451126519,23.227492161184
113.3030893374,23.225522556226
113.30269893383,23.224977989268
113.30264898804,23.224908745496
113.30254891681,23.224770174817
113.30224861327,23.224344332678
113.30210856745,23.22414631437
113.30141759085,23.223425392377
113.30123748059,23.223137786328
113.30116750259,23.223018725211
113.30089738213,23.222542230587
113.30079740072,23.222343545354
113.30067738711,23.22218512833
113.30034717,23.221729221674
113.30029722422,23.221649929789
113.3001772106,23.221491428905
113.30008720039,23.221372615389
113.3000072512,23.221263682147
113.29997733762,23.221204150757
113.2998672952,23.221065493162
113.29920677116,23.220133162349
113.29913679316,23.220024062027
113.29897680495,23.219775970548
113.29885679133,23.219617384385
113.29836640635,23.218982788738
113.29807625367,23.218605915695
113.29779616202,23.21815888093
113.29729589568,23.217484008345
113.29724594989,23.217404547849
113.29685590564,23.216758400225
113.29646577156,23.216162151457
113.29633587658,23.215903424653
113.2962059816,23.215644697343
113.29616609684,23.215555105836
113.29592615944,23.215057328005
113.29569628306,23.21451944353
113.29556647791,23.214170622865
113.29554662536,23.214110839179
113.295466766,23.213841646188
113.29526716251,23.213103479991
113.29504752682,23.212355428621
113.29487783691,23.211726942626
113.29480803857,23.211467625892
113.29474821142,23.211188214241
113.29472835887,23.21107844225
113.29468847411,23.210908885033
113.29453881641,23.210270178811
113.29440910109,23.209691255214
113.29421937897,23.208922757622
113.29418955523,23.208783090697
113.29417967386,23.208713257179
113.29414985012,23.208563542628
113.29412002638,23.208343828121
113.29409011281,23.20822417241
113.29408175856,23.208216366968
113.29408175856,23.208216366968
113.29386203304,23.207338002661
113.29383211946,23.207238274977
113.29366233972,23.206549562341
113.29365245836,23.206509704254
113.29362254479,23.206370034778
113.29357277866,23.206020445252
113.2935328939,23.20578079736
113.29351295152,23.205711045294
113.29339320739,23.205001980231
113.29325343105,23.204202980001
113.29309353267,23.20368406737
113.29299355127,23.203434782645
113.29281353085,23.203095980533
113.29262353923,23.202817132457
113.29243345778,23.202618251471
113.29170304557,23.201832108127
113.29136294711,23.201463822402
113.29103281983,23.201125347401
113.29077276039,23.200776491371
113.29059273996,23.200477293238
113.29047281618,23.200227836381
113.29020278554,23.199668881907
113.29017287197,23.199609091658
113.29011295499,23.199479379942
113.2899330244,23.199100043029
113.28957298355,23.198341282893
113.2891829393,23.19753244328
113.2890729867,23.197222774319
113.28877295266,23.196223507746
113.28864296786,23.195753892199
113.28800274552,23.19415502768
113.28771268267,23.193565486665
113.28729254518,23.192825961503
113.28726263161,23.192766085113
113.28722274684,23.192706208696
113.28675257374,23.19186652421
113.28663264996,23.191656664541
113.28644265834,23.191286772568
113.28635264813,23.191056814508
113.28632273455,23.190986888576
113.28628275996,23.190846953554
113.28627925657,23.1908437147
113.28627925657,23.1908437147
113.28615915312,23.190543663608
113.28603913951,23.190213714583
113.28599916491,23.190093793314
113.28596925134,23.190013818058
113.28594930895,23.189863916227
113.28567909866,23.189023798449
113.2854989884,23.188463716964
113.28531887815,23.187913599033
113.28463814223,23.185832531364
113.28451803879,23.185432392562
113.28441796755,23.185152261461
113.28431798615,23.18488209592
113.28426804036,23.18473202217
113.28418800134,23.184481871191
113.28408793011,23.184191688819
113.28404795551,23.184091694517
113.2839879487,23.183901588863
113.28395803513,23.18384162538
113.28375789266,23.183251124809
113.28361784683,23.182900809722
113.28347780101,23.182620507154
113.28338788062,23.182470347785
113.28326786701,23.182270024291
113.28298786518,23.181819212268
113.28295795161,23.181779180617
113.28294807025,23.181759247841
113.28292812786,23.181729265617
113.28288815327,23.181659168647
113.28286821089,23.181639152799
113.28253817344,23.181088009838
113.28228817502,23.180697075668
113.28226823264,23.180657043678
113.28218819362,23.180456800492
113.28175781545,23.179374933891
113.28170786966,23.179254753629
113.28170490525,23.179251929766
113.28170490525,23.179251929766
113.28164489844,23.17916164915
113.28103432019,23.177618563675
113.28092427776,23.177358017245
113.28077417091,23.176977287971
113.28067409968,23.176706773509
113.28043380296,23.175935426348
113.28042383176,23.175865409365
113.28042329278,23.17586499408
113.28042329278,23.17586499408
113.28040308091,23.175624876243
113.28036274699,23.175114655539
113.2803624775,23.174694633536
113.2803624775,23.174674699692
113.28036238767,23.174504763551
113.28036238767,23.174474862741
113.28036238767,23.174344960255
113.28034217579,23.173994870761
113.28030157238,23.173234554585
113.28025144694,23.172994348916
113.28023141472,23.172844261681
113.28017140792,23.172663940821
113.28014140451,23.172563854747
113.2800813977,23.172423567998
113.28003145192,23.172303298364
113.27997144511,23.172122976767
113.27985143149,23.171872303591
113.2798114569,23.171792151199
113.27949130081,23.171100097651
113.27898106329,23.170076629205
113.2789311175,23.169996392666
113.27877112929,23.169675279899
113.27812084593,23.168360420482
113.27786078648,23.167828409534
113.27770070844,23.167427136473
113.277698822,23.167425059917
113.277698822,23.167425059917
113.2776688186,23.16734482177
113.27694828775,23.165558638256
113.27684830634,23.165297818893
113.27673835375,23.165036915951
113.27672838256,23.164996879224
113.27667843677,23.164886487438
113.27665849439,23.164836399938
113.27663855201,23.164776261688
113.27659866724,23.164695938871
113.27657872486,23.164655818977
113.2765688435,23.164635800557
113.27651889771,23.164535459221
113.27641900614,23.164334610191
113.27611906193,23.163711876586
113.27605914495,23.163601400664
113.27588918555,23.163199865596
113.27584912113,23.162969526456
113.27585909232,23.162929655234
113.27587894487,23.16283994494
113.27595862457,23.162690759908
113.27596859576,23.162670907322
113.27609822124,23.162512169588
113.27647721634,23.16222559392
113.27693607079,23.161879625657
113.27737498286,23.161543292138
113.27739492525,23.161513554532
113.27753461175,23.161404738096
113.27820295105,23.160819868987
113.27844234947,23.160541679379
113.27850208679,23.160362172427
113.27863162244,23.160053080988
113.27866144618,23.159923330483
113.27876061911,23.159223988025
113.27881038524,23.159054364319
113.27887012255,23.158894791574
113.27894989208,23.158755404084
113.27896983447,23.158735633975
113.27928900241,23.158297783457
113.27931891599,23.158258076963
113.27971794329,23.157720542911
113.27993739933,23.157401892426
113.28013682315,23.157043118973
113.28026635881,23.156733853649
113.28028630119,23.156654024368
113.28033606732,23.156414370099
113.28035591987,23.156274564652
113.28036553174,23.1558445976
113.28037514361,23.155364621139
113.28038484531,23.155054687336
113.280394547,23.154744752808
113.28040433853,23.154494877431
113.28040433853,23.154404912211
113.28041413006,23.154124964646
113.28042392159,23.153885056588
113.28042383176,23.153685105184
113.28043371313,23.153575202394
113.28043371313,23.153535245272
113.28047350806,23.153365531209
113.28053333521,23.153195899999
113.28073284886,23.152796991666
113.28078270482,23.152677285704
113.28083256077,23.152537642456
113.28086238451,23.152387864317
113.28088196757,23.151907958403
113.28087199638,23.151838011783
113.28084208281,23.151737909966
113.28079213702,23.151567695167
113.28060187592,23.150846709706
113.28053189792,23.150586359804
113.28016152656,23.14925419767
113.2800114197,23.148693366364
113.28000153834,23.148663376651
113.27999156715,23.148573407471
113.28000144851,23.148403520903
113.2800213909,23.148293696805
113.28010116043,23.148104204332
113.28019108081,23.148124723696
113.28018829606,23.148118659269
113.28018829606,23.148118659269
113.28017823504,23.148118576195
113.28017823504,23.148118576195
113.28019647064,23.148122231466
