113.32182394796,23.144009987528
113.32183122423,23.144002759835
113.32183122423,23.144002759835
113.32199184126,23.144100042883
113.3220119633,23.144179713575
113.32199202092,23.144250079621
113.32195195649,23.144290787234
113.32187173781,23.144302168748
113.3217614259,23.144304079513
113.32160098853,23.144286882627
113.32160053938,23.144286716473
113.32160053938,23.144286716473
113.32160062921,23.144326676384
113.32160062921,23.144326676384
113.32160062921,23.144326676384
113.32166081568,23.144405682327
113.32165084449,23.144445891432
113.32162102074,23.144836434192
113.32152130883,23.146008304794
113.32151142747,23.146148453378
113.32150154611,23.146288601813
113.32143138845,23.146309786063
113.321381263,23.146310616818
113.32130104432,23.146302060043
113.32127104092,23.146272651317
113.3212704121,23.146272568242
113.3212704121,23.146272568242
113.32129035449,23.146122201491
113.32140021725,23.14508026322
113.32146013423,23.144529300363
113.32150010882,23.144048618292
113.32153011223,23.143768150381
113.32155014444,23.143627916203
113.32155014444,23.143547995948
113.32155005461,23.143547497484
113.32155005461,23.143547497484
113.32150990035,23.143368133658
113.32157987835,23.142707002645
113.32157987835,23.142706919567
113.32157987835,23.142706919567
113.32168992078,23.141754928314
113.32177993099,23.140573382928
113.32180993439,23.140252946536
113.32181990558,23.140122844321
113.32178990218,23.140103403749
113.3217699598,23.140083797016
113.32175001742,23.140054220751
113.3217299852,23.140014674949
113.32172001401,23.13998493251
113.32171004282,23.139935167912
113.32171004282,23.139885237136
113.32173007503,23.139844943568
113.32175010725,23.139804649987
113.32178020048,23.139774242865
113.32183032593,23.139733450785
113.32188054121,23.139712680882
113.32191063444,23.13970221285
113.32197082091,23.139691246339
113.32203100738,23.139700218939
113.32206110061,23.139699803541
113.32208113283,23.139709440777
113.3221313481,23.139738601721
113.32217150236,23.139757959266
113.32217114304,23.139756629993
113.32217114304,23.139756629993
113.32231154819,23.139754303764
113.32355579115,23.139663580819
113.32422799316,23.139612652985
113.32433839491,23.139600938749
113.32471963577,23.139574851725
113.3250005359,23.1395704485
113.32499056471,23.139520683747
113.32537180557,23.139504649356
113.32576310745,23.139488531884
113.32576310745,23.139487784166
113.32576310745,23.139487784166
113.32650546712,23.13944624428
113.32702711313,23.139418412549
113.32753869812,23.13940079963
113.32759888459,23.139399968832
113.32767910327,23.139388836137
113.32773928974,23.139388005338
113.32783963047,23.139386592981
113.32783954063,23.139386177582
113.32783954063,23.139386177582
113.32786963387,23.139355687284
113.32794985255,23.139274601334
113.32801003902,23.13922383951
113.32801003902,23.13922367335
113.32801003902,23.13922367335
113.32802989157,23.138433331674
113.32801992038,23.138383566493
113.32790951863,23.137255246089
113.32785939319,23.136316093352
113.3278394508,23.13580646894
113.3278094474,23.135187007609
113.32779956604,23.134777244312
113.32778968468,23.13440744265
113.32777980332,23.134077686041
113.32781995757,23.133847213185
113.32781923893,23.133846382352
113.32781923893,23.133846382352
113.32786936438,23.133815641529
113.32789945761,23.133815309196
113.32794958306,23.133834584523
113.32794958306,23.13383450144
113.32794958306,23.13383450144
113.32799970851,23.134043788112
113.32802980174,23.134433364526
113.32801983055,23.134733542799
113.32804992379,23.135153109963
113.32809007804,23.135552486821
113.32810013906,23.135612306009
113.3281302323,23.13635190158
113.32815035434,23.136971606712
113.32815017468,23.136971523631
113.32815017468,23.136971523631
113.3282604866,23.136969945085
113.32830064085,23.136969446597
113.32855135792,23.136945934577
113.32904282086,23.136939038824
113.32911297853,23.136928155166
113.32913301074,23.136927989004
113.32937366678,23.136914695985
113.32937366678,23.136914114415
113.32937869729,23.13691502831
