113.24157831678,23.140321320765
113.24157993373,23.140326554757
113.24157993373,23.140326554757
113.24071226044,23.140365851228
113.2404131247,23.14038230091
113.23981467357,23.140405313846
113.23905650372,23.140426831353
113.23897673419,23.140426083641
113.23834818983,23.140439459386
113.23800898967,23.14044602264
113.23800827102,23.140445856482
113.23800827102,23.140445856482
113.23813798634,23.140587174055
113.23827776268,23.140728574556
113.23866708828,23.141142639551
113.23889669517,23.141385063038
113.23892660874,23.141425356138
113.23927595976,23.141789156585
113.23927586993,23.141789322741
113.23927586993,23.141789322741
113.23931584452,23.141899733777
113.2393457581,23.141970101034
113.23957527515,23.142212689164
113.23963519213,23.142273336127
113.23963528196,23.142273336127
113.23963528196,23.142273336127
113.23968513792,23.142323930628
113.23977496847,23.142414984063
113.24041366369,23.143102452101
113.24104238771,23.14378011348
113.24104247754,23.143780030403
113.24104247754,23.143780030403
113.24111227588,23.143830956636
113.24110239452,23.143870833607
113.24109251316,23.143890689011
113.24107266061,23.143910461336
113.24104283686,23.143920098266
113.24100304193,23.143929569041
113.24100259278,23.143929569041
113.24100259278,23.143929569041
113.24094276563,23.143868839759
113.24092291308,23.143858704363
113.24081322998,23.143747464188
113.24058380275,23.143514765058
113.24042417386,23.143352930506
113.24036434671,23.143272262388
113.24036434671,23.14322233287
113.24022475004,23.143080768874
113.23994537702,23.142787588029
113.23974586337,23.142585376776
113.23948643274,23.142312548944
113.2394166344,23.142241849557
113.23941573609,23.142240935698
113.23941573609,23.142240935698
113.23932590554,23.142139912772
113.2392660784,23.142079348826
113.23812828464,23.140877285848
113.23802857273,23.140766375487
113.23788888622,23.140625058105
113.23770931495,23.140433311528
113.23729007577,23.139949291423
113.23716036045,23.139798169782
113.23707061973,23.13967737204
113.23690101965,23.139405867499
113.2368411925,23.139295371305
113.23676142297,23.139114755524
113.23673159923,23.139044552912
113.23668174328,23.138894177961
113.23668174328,23.13886426911
113.2366518297,23.138714060115
113.23662191613,23.138543828586
113.23662191613,23.138463905265
113.23661203477,23.138383898815
113.23661203477,23.137884002801
113.23661203477,23.137784056605
113.23663188732,23.134794276267
113.23663188732,23.134744343555
113.23663188732,23.134644394991
113.23663188732,23.13406447582
113.23663188732,23.13375457528
113.23663197715,23.133114665761
113.23664203817,23.132434872754
113.23664203817,23.132384939153
113.23664060088,23.132382778963
113.23664060088,23.132382778963
113.23664060088,23.13235278556
113.23658077374,23.132292300226
113.23655094999,23.132262140634
113.23655077033,23.132261974465
113.23655077033,23.132261974465
113.23656083135,23.131932046351
113.23644117706,23.131871062319
113.23639141094,23.131820713083
113.23637155838,23.131780583233
113.23636167702,23.131760559845
113.23635179566,23.131730566301
113.23635179566,23.13171062599
113.2363419143,23.131650638872
113.2363419143,23.131600704976
113.23634200413,23.131390832855
113.23634209396,23.131090896269
113.23634209396,23.131010968455
113.23634209396,23.130871053122
113.23634209396,23.130761131412
113.23635206515,23.130741274041
113.23635206515,23.13070139312
113.23637200754,23.130641654801
113.23638197873,23.130601856935
113.23639194992,23.130572029299
113.23640192111,23.130542201657
113.23647180928,23.130482878693
113.23649175166,23.130463104366
113.23649130251,23.130461525743
113.23649130251,23.130461525743
113.23656128051,23.130062216637
113.2366012551,23.129942656311
113.23663125851,23.129843036471
113.23664131953,23.129613220942
113.23664131953,23.129563286279
113.23664158902,23.12875344478
113.23664158902,23.128673515557
113.23665191953,23.127853781267
113.23664230766,23.127213843273
113.23664248733,23.126883985687
113.23665254835,23.126744149088
113.23665272801,23.126414290334
113.23665308733,23.125604429607
113.23665317716,23.12535449929
113.23669333142,23.124994974368
113.23670330261,23.124955174808
113.23684325861,23.124596562783
113.23691323661,23.124467276098
113.23715308418,23.123999649423
113.23718308758,23.123950045004
113.23728297915,23.123751128606
113.23736292834,23.123601982657
113.23784253366,23.122696883334
113.23863187471,23.121205238257
113.23874164764,23.121146492756
113.23880156462,23.121127215584
113.23883147819,23.121127547949
113.23883129853,23.121125387577
113.23883129853,23.121125387577
113.2389011867,23.121166102289
113.23943972085,23.121511927571
113.23969906165,23.121664814962
113.23976885999,23.1217056126
113.24055667392,23.122184713864
113.24062647226,23.122225511343
113.24077604013,23.122307272443
113.24094555038,23.122409307566
113.24119483016,23.12255238926
113.24129454207,23.122603656008
113.24139425398,23.122644868809
113.24158379644,23.122667220101
113.24185310843,23.122650768221
113.24289038181,23.12259451607
113.24289029198,23.12259443298
113.24289029198,23.12259443298
113.2428506767,23.122213961752
113.24281115126,23.121813547635
113.24280135973,23.121693481328
113.24280144956,23.121623601856
113.24282148177,23.121493979909
113.24285139535,23.121444457644
113.24288139875,23.121384964429
113.24298120049,23.121286418347
113.24319077517,23.121099380009
113.24327063453,23.121030580411
113.24382938056,23.120538512685
113.2440388654,23.120411548612
113.24423837905,23.120294472341
113.24451766224,23.120138592063
113.24461737415,23.120090149487
113.24468717249,23.120061233499
113.24479685559,23.120032899147
113.24486665393,23.120014037274
113.24498630822,23.119985869097
113.245235588,23.119929615816
113.24539512706,23.119902112357
113.24597345615,23.119750884778
113.24606319687,23.119732355233
113.24610308163,23.119723048913
113.2463623326,23.119597081166
113.24645207332,23.119558526371
113.24662158357,23.119471279485
113.2469306905,23.1193561966
113.24723979742,23.119291135258
113.24727968219,23.119281828907
113.24730959576,23.119282327462
113.24761861286,23.119257316642
113.24764852643,23.119257815196
113.247877774,23.119271442355
113.24809705037,23.119284986419
113.24809696054,23.119282493647
113.24809696054,23.119282493647
113.24846571495,23.119308418478
113.24846571495,23.119308418478
113.24846571495,23.119308418478
113.24841612849,23.118957684989
113.24835657083,23.118736824618
113.24827716063,23.11840569956
113.24818786906,23.118064353214
113.24816810634,23.117974113989
113.24804899103,23.117542360828
113.24800946558,23.117211897538
113.24798970286,23.117081689624
113.24794029606,23.116681010736
113.24793050453,23.116610962436
113.24785136381,23.11598991575
113.24785046551,23.115989001711
113.2478754384,23.115943632117
