113.33454395398,23.131747266308
113.33454700821,23.131750922031
113.33454700821,23.131750922031
113.33454700821,23.131750922031
113.33453721668,23.130991111121
113.33450748277,23.129981540432
113.33449760141,23.12968176683
113.33449760141,23.129561873817
113.33451763362,23.129551737327
113.33454772686,23.129531547431
113.33456775907,23.129521410939
113.33458779128,23.129521244767
113.33462785571,23.129540853063
113.3346378269,23.129560710613
113.33463773707,23.129560129012
113.33463773707,23.129560129012
113.33463773707,23.129610146762
113.33464770826,23.129780057418
113.33466738115,23.131029745679
113.3346872337,23.131829520046
113.33469711507,23.132399395805
113.33469711507,23.132439359299
113.33470708626,23.132769286151
113.33470708626,23.132849295989
113.33469711507,23.133069385108
113.33470708626,23.133159281728
113.33468714387,23.133369483385
113.33468714387,23.133499509145
113.33468714387,23.133539472308
113.33470708626,23.134179213611
113.33473708966,23.134958862994
113.33482727953,23.136587936548
113.33483734056,23.136847815464
113.33487749481,23.137437442943
113.33487749481,23.137517449964
113.33489761685,23.137857250793
113.3349177389,23.138237095578
113.33492779992,23.138507023986
113.33493786094,23.138586947281
113.33496804401,23.13916668051
113.33496804401,23.139276678331
113.33488800499,23.139317470551
113.33488764566,23.139317387471
113.33488764566,23.139317387471
113.33479745579,23.13931830135
113.33422631315,23.139344305345
113.3339156791,23.1393576812
113.33360504506,23.139371140134
113.33351494501,23.139382106671
113.33316424654,23.139396064081
113.33146016099,23.139476568398
113.33114943712,23.139490525798
113.33095899635,23.139502987761
113.33093905397,23.139503237
113.33077870643,23.139505313994
113.33074870303,23.139515698962
113.32967585676,23.139560063537
113.32958566688,23.139561309732
113.32949547701,23.139572525493
113.32881366313,23.139602101865
113.32868340883,23.13961398226
113.32849296806,23.13962669345
113.32849153077,23.13962669345
113.32849153077,23.13962669345
113.32837115784,23.139618468562
113.32823084251,23.139620462475
113.32810049839,23.139612403746
113.32787996438,23.139605757371
113.32780980672,23.139606754327
113.32579364984,23.139737438606
113.32579320068,23.139737355527
113.32579320068,23.139737355527
113.32564273451,23.139759703938
113.32429842032,23.139841288068
113.32423832368,23.139842285023
113.32355615047,23.139883492466
113.32237218381,23.139943309701
113.32224183968,23.139945552846
113.32202112602,23.139959260959
113.32196102938,23.139960257912
113.32189087172,23.139971473639
113.32172037333,23.139984350954
113.3215900292,23.139996563632
113.32121884937,23.140032952422
113.32054655752,23.14008454473
113.32052661514,23.140084877048
113.32028586926,23.140109053146
113.32007521662,23.140132730764
113.31872048208,23.140246466352
113.31862023119,23.14025826361
113.31728552886,23.140411877102
113.31673360996,23.140471694097
113.31636234029,23.140518301488
113.31622193514,23.140530763354
113.31571017049,23.140589832585
113.31570819422,23.140589832585
113.31570819422,23.140589832585
113.31523649399,23.140628215109
113.31450392585,23.140681136449
113.31444382921,23.140682216476
113.3143335173,23.140684127293
113.31428339185,23.140695010643
113.31422329521,23.14068612119
113.31417316976,23.140687035059
113.31397257814,23.140690607456
113.31313966927,23.140695176801
113.31241716215,23.140687865849
113.31205595351,23.140684210372
113.31165459061,23.14069110593
113.30866440106,23.140681302607
113.30628685586,23.140778920409
113.30616657276,23.140790717619
113.30360900714,23.140708054046
113.30320800356,23.140693681379
113.30309778147,23.140705146281
113.30280708981,23.140719103552
113.30280547286,23.140718605078
113.30280547286,23.140718605078
113.3027353152,23.140729571504
113.30228418617,23.140795536198
113.30143205357,23.140926468541
113.30041966326,23.141118879034
113.30037968866,23.141119377506
113.30030962083,23.141140230268
113.30009923768,23.141172714044
113.2999790444,23.14120411779
113.29992900879,23.141204699341
113.2996885324,23.141247484856
113.29959843236,23.141268503754
113.29955845777,23.141278971662
113.29824567409,23.141503117633
113.29799522652,23.141535684399
113.2979151875,23.141546484601
113.29712378034,23.14170416744
113.29622224093,23.141862348561
113.29598194421,23.141904386159
113.29584180855,23.141935540497
113.29552138297,23.141998181463
113.29467014867,23.142214849194
113.29423959084,23.142317949013
113.2942377044,23.142317949013
113.2942377044,23.142317949013
113.29427776883,23.142447716762
113.29438808074,23.142966952641
113.29440820279,23.143336813502
113.29429816036,23.143527642029
113.29429816036,23.143527642029
113.29429816036,23.143527642029
113.29428818917,23.143617697712
113.2942085993,23.144628327632
113.29420868913,23.144878387771
113.29418883658,23.145028506704
113.29418892641,23.145228554249
113.29421901965,23.145388392685
113.29431927054,23.145587692003
113.29436939599,23.1456673618
113.29441952144,23.14574703155
113.29447961807,23.145826618177
113.29456980795,23.145965936195
113.29456980795,23.14603596899
113.29456971812,23.146035885914
113.29456971812,23.146035885914
113.29458975033,23.146145794959
113.29458984016,23.146235765787
113.29453001301,23.146546218675
113.29446012484,23.146806742667
113.29441026889,23.147007119827
113.2942903451,23.147278027272
113.29420042472,23.147538715975
113.29420051455,23.147628685857
113.29429088409,23.148068066981
113.29429106375,23.148338058441
113.29429115358,23.148518080134
113.29429133324,23.148838081172
113.29428154171,23.149068195667
113.29428163154,23.149178185271
113.29427184001,23.149378309624
113.29427201967,23.149658350294
113.2943023824,23.150128212514
113.2943023824,23.150168253737
113.2943023824,23.150218263711
113.29430247223,23.150338304188
113.29430184341,23.150338387261
113.29430184341,23.150338387261
113.29424174678,23.150338802626
113.29400145005,23.150330578403
113.29292015971,23.150327587776
113.29236958826,23.150310807036
113.29181910665,23.150303745833
113.29113855039,23.150297016922
113.29061816201,23.150279239303
113.29027797371,23.150270599711
113.29014798891,23.150271015076
113.28984786504,23.150252074431
113.28984705656,23.150251409847
113.28984705656,23.150251409847
113.28980708197,23.150261544754
113.28977716839,23.15027167966
113.28959714797,23.15028222993
113.28959696831,23.150282146857
113.28962867849,23.150564594728
