113.31448479194,23.114273421988
113.31448452245,23.114273837466
113.31448452245,23.114273837466
113.31448452245,23.114273837466
113.31453437841,23.114592924009
113.31452440722,23.114653085032
113.31452431739,23.114653085032
113.31452431739,23.114653085032
113.31454425977,23.114812711039
113.31457426317,23.114912175976
113.3147240107,23.115749357014
113.31481402091,23.116087717916
113.31481411074,23.116087717916
113.31481411074,23.116087717916
113.31465349372,23.116110485785
113.31368997123,23.116287393653
113.31201391281,23.116586532771
113.31189353987,23.116608635801
113.31146208373,23.116696050757
113.31098041232,23.116784296595
113.3105689884,23.116871295966
113.30958561336,23.117037732998
113.3095154557,23.11704886757
113.30885322487,23.117149743425
113.30851213827,23.117165281956
113.30822135678,23.117110107699
113.30799085158,23.116973916927
113.30788071933,23.116805817935
113.30782071252,23.116666884747
113.30781945489,23.116666469277
113.30781945489,23.116666469277
113.30770905315,23.116698211202
113.3074984005,23.116741586282
113.30725765463,23.116795348094
113.30711724948,23.116827505459
113.30689662564,23.116880934861
113.30665587977,23.116924642257
113.30631488299,23.116999842209
113.30570295728,23.117139107424
113.30501081289,23.117289340857
113.30437894479,23.11742843958
113.30422856845,23.117460596791
113.30418850402,23.117471149673
113.30384750725,23.117545933848
113.30363694444,23.1175988644
113.30343644265,23.117641657532
113.30320584763,23.117674811812
113.30308556452,23.117696416101
113.30298540345,23.117707799897
113.30293536784,23.117708464645
113.30037879036,23.117780838979
113.29958702388,23.117810004745
113.29932651528,23.117842909703
113.2990860389,23.117915533244
113.29810374182,23.118295850612
113.2978031688,23.118378860529
113.29747259237,23.118412097718
113.29697169722,23.118426888264
113.2966311496,23.118430045797
113.29636075964,23.118432455492
113.29635815456,23.118432621678
113.29635815456,23.118432621678
113.29616780362,23.118454225843
113.29520616757,23.118562163523
113.29484567757,23.118594985203
113.29466547748,23.118646336573
113.29460547068,23.118696773902
113.29456540625,23.118777041508
113.2945649571,23.118777041508
113.2945649571,23.118777041508
113.29460493169,23.118936745647
113.29462469441,23.119266539901
113.2946446368,23.119366333869
113.29475423007,23.120095384277
113.29504357427,23.121572916366
113.29515343704,23.12205201811
113.29522341504,23.122261406466
113.29525332861,23.122491151643
113.2952632998,23.122521064186
113.29539319478,23.122929951362
113.29555318299,23.12336858345
113.29555318299,23.123368666539
113.29555318299,23.123368666539
113.29558318639,23.123408383486
113.29596316962,23.124425066792
113.29616322226,23.12492326868
113.29634324268,23.125391639896
113.29633327149,23.125411747333
113.29631332911,23.125421884139
113.29629338673,23.125432020945
113.29626338332,23.125442323927
113.29624344094,23.125442490104
113.29624308162,23.125442573192
113.29624308162,23.125442573192
113.29620310703,23.125332896249
113.29597314081,23.124785008704
113.29585321703,23.124446171447
113.29585294754,23.124446005268
113.29585294754,23.124446005268
113.29498150136,23.124513058222
113.29466107579,23.124545462984
113.29434065021,23.124577784648
113.29373977366,23.124751939289
113.29351950915,23.124833366476
113.29300891229,23.124966557982
113.29300846314,23.124966557982
113.29300846314,23.124966557982
113.29290839191,23.124997134678
113.29274822404,23.125038097469
113.2927481342,23.12503801438
113.2927481342,23.12503801438
113.29268794774,23.125288360737
113.29278792914,23.125557733885
113.29278792914,23.125557733885
113.29278792914,23.125557733885
113.29313817846,23.125755650514
113.29371875331,23.126081938115
113.29373878552,23.126091825606
113.29373878552,23.126091742518
113.29373878552,23.126091742518
113.29393901782,23.126240387139
113.29402911786,23.126299795089
113.29402911786,23.126299795089
113.29403037549,23.12629680392
