113.33349293653,23.121735192957
113.33348925348,23.121743418954
113.33348925348,23.121743418954
113.33345925007,23.121743751318
113.33345916024,23.121743751318
113.33345916024,23.121743751318
113.33350955518,23.121323227727
113.33350955518,23.121323227727
113.33350955518,23.121323227727
113.33341936531,23.121324224821
113.33341945514,23.121244291121
113.33341936531,23.12124420803
113.33341936531,23.12124420803
113.3335196162,23.121233156901
113.33433150472,23.121164440465
113.33433150472,23.121164274282
113.33433150472,23.121164274282
113.33433186404,23.120594350249
113.33431255048,23.11978478636
113.33433258269,23.119754623923
113.33437264711,23.119734266352
113.33440274035,23.119734017075
113.33443283358,23.119743738855
113.3344528658,23.119753543725
113.33451296244,23.119772904189
113.3345128726,23.11977257182
113.3345128726,23.11977257182
113.33447271835,23.119892972234
113.3344722692,23.120592854601
113.33447190987,23.121192774574
113.33447137089,23.122052682835
113.33447119123,23.122402660329
113.33448089293,23.12296252269
113.33448071327,23.123352464016
113.3344905048,23.123742321106
113.33449041497,23.124092294142
113.33449041497,23.124122289414
113.33452041837,23.124171976858
113.33454045058,23.124211776653
113.33458051501,23.124251327168
113.33460054722,23.124281156226
113.33463055063,23.124310819098
113.33466055403,23.124340481963
113.33470061846,23.124370061733
113.33473071169,23.124389753879
113.33477077612,23.124409362933
113.33480086935,23.12441908437
113.33483096259,23.124438776509
113.3348509948,23.124448581033
113.33491109144,23.1244779946
113.33491055245,23.124477828422
113.33491055245,23.124477828422
113.3350609288,23.124466279028
113.3367642957,23.124310403651
113.33725512983,23.124266283243
113.33733525869,23.124265701617
113.33934836133,23.124090881622
113.33963887333,23.123899111135
113.33987925989,23.123687731212
113.34008973287,23.123296627613
113.3400898227,23.123296129073
113.3400898227,23.123296129073
113.34008991253,23.123126127021
113.34010006338,23.122836225659
113.34013060577,23.122126218069
113.34015072781,23.121936189647
113.34015090748,23.121726302233
113.34017120918,23.121326302099
113.34017120918,23.121325886644
113.34017120918,23.121325886644
113.34025142786,23.121175408508
113.34029149229,23.121105279489
113.34031197365,23.120515330118
113.34036317707,23.11896532951
113.34037332792,23.118835372594
113.34037341775,23.11872544091
113.3403835686,23.11859548376
113.34038374826,23.118355594491
113.34038374826,23.11833565217
113.34039398895,23.118025714879
113.34040404997,23.118005772508
113.34040422963,23.117815904372
113.34040422963,23.117785990767
113.34040422963,23.117746105951
113.34041429065,23.11765611579
113.34041429065,23.11762620215
113.34045534321,23.116456241149
113.34048615509,23.11558632525
113.34056870937,23.112906493082
113.34056870937,23.112905080443
113.34056870937,23.112905080443
113.34049873137,23.112805530906
113.3404988212,23.112665679468
113.34049900086,23.112445805786
113.34049918052,23.112295899257
113.34050951103,23.111956032941
113.34050978053,23.111636192184
113.34049010764,23.111406428212
113.34046046355,23.111076780619
113.34045076185,23.110826989132
113.3404611822,23.110407095729
113.34047151271,23.110067224577
113.34059224497,23.109446812059
113.34064255008,23.109226683749
113.34064237042,23.109225437268
113.34064237042,23.109225437268
113.34052271613,23.108756261097
113.340623506,23.108105926665
113.34064371788,23.107955932136
113.34063401618,23.10774610571
113.34062413482,23.107696245916
113.34058433988,23.107556555294
113.34051445172,23.107467056823
113.34039452793,23.107387862676
113.34039398895,23.107387280977
113.34039398895,23.107387280977
113.33998346333,23.107409634839
113.33981332426,23.107410632037
113.33924263077,23.107434315492
113.33917265278,23.107444786071
113.3391427392,23.107444952271
113.33908273239,23.10744536777
113.3390427578,23.107445617069
113.3388425255,23.107457001745
113.33776096567,23.10744511847
113.33774102328,23.10744528467
113.33754079099,23.107436974687
113.3366493126,23.107464480729
113.33536689165,23.10750644613
113.33417421143,23.107798624672
113.33408411139,23.107819565771
113.33391379266,23.107841420963
113.33383366381,23.107852307008
113.33383231635,23.107852223908
113.33383231635,23.107852223908
113.33358177894,23.107874993189
113.33335136358,23.107877569276
113.33194812054,23.107874245293
113.3318580205,23.107855464791
113.33024367567,23.108096204034
113.33016354682,23.108107256256
113.32993295179,23.108140329819
113.32932120574,23.108238719465
113.32841858837,23.108381484041
113.32818799334,23.108414806833
113.32785705759,23.108459680405
113.32694419953,23.108603275734
113.32637233825,23.108752023047
113.32564992095,23.109003231119
113.324927324,23.109364627542
113.32471658153,23.109468002194
113.32438537629,23.109643340046
113.32406423207,23.109818511469
113.32395392015,23.109870281726
113.32389373368,23.109921220981
113.32371308445,23.110094148387
113.32363286576,23.110165446598
113.32343200465,23.110468671314
113.32336166733,23.110639769855
113.3231504757,23.11120317194
113.32305004515,23.111394794583
113.32295976544,23.111486284741
113.32284945353,23.111558080788
113.32281945012,23.111558579371
113.32272917042,23.111580101558
113.32270922804,23.111580433947
113.3226491314,23.111581431114
113.32256891272,23.11158276067
113.32250881608,23.111583757837
113.32244871944,23.111564894762
113.32236859059,23.111546364074
113.32226833969,23.111518111002
113.32213799556,23.111460441478
113.32209793114,23.111441245997
113.32190749037,23.111334632083
113.32180732931,23.111266409105
113.32180355642,23.11126591052
113.32180355642,23.11126591052
113.3203794727,23.110310702043
113.32028928283,23.11025236721
113.31982809278,23.109940582879
113.31895565847,23.109356068383
113.31865490578,23.109151479392
113.31835406327,23.10897688878
113.31801315633,23.108773047095
113.31781265454,23.108656708448
113.31747165776,23.108522835777
113.31744165436,23.108513445573
113.31721096951,23.108467657928
113.31691003716,23.108413061749
113.31622768429,23.108385223507
113.31578616714,23.108393034835
113.31562563994,23.108405915216
113.31545514156,23.108418961794
113.31535489066,23.108420706877
113.31535345337,23.108419792786
113.31534716523,23.108423366052
