113.27804053742,23.135560795043
113.2780475442,23.135563702921
113.2780475442,23.135563702921
113.27795780348,23.136013010795
113.27794792212,23.136172943426
113.27792806957,23.136422770272
113.27792806957,23.136762740069
113.27793804076,23.136882792734
113.27796804416,23.13711301107
113.27798798654,23.13725316906
113.27800792893,23.137393326901
113.27801790012,23.137463364226
113.2781378239,23.138254293249
113.27815785612,23.138534440506
113.27815785612,23.138564432511
113.27816782731,23.138614529945
113.2781777985,23.138774625599
113.2781777985,23.138864601431
113.27822792395,23.140115034861
113.2782380748,23.140835164846
113.27823816463,23.141055157628
113.27824822565,23.141395281702
113.27826825786,23.141705413615
113.27827831889,23.141895496787
113.27827831889,23.141925488031
113.27835835791,23.142356081802
113.27835835791,23.142386072943
113.27825864599,23.142455359928
113.27825828667,23.142455443006
113.27825828667,23.142455443006
113.27821831208,23.142475215545
113.27821831208,23.142475215545
113.27821831208,23.142475215545
113.27825828667,23.142455443006
113.27825828667,23.142455443006
113.27825828667,23.142455443006
113.27821822225,23.142285216283
113.27815830527,23.14190480155
113.27812830186,23.141394617073
113.2781281222,23.141394450916
113.2781281222,23.141394450916
113.27774867796,23.141381573738
113.27771885421,23.141381407581
113.27734956082,23.141378499831
113.27666082998,23.141372767409
113.27621176706,23.141368862716
113.27607208055,23.141367699616
113.27571284818,23.141354407043
113.27542350398,23.141341696018
113.27536367683,23.141341197546
113.27524402253,23.141340117524
113.27489485118,23.14132674187
113.27452573745,23.141313033899
113.27423648307,23.141300073634
113.27404694061,23.141258118923
113.27384742696,23.141176037192
113.27376765743,23.141135245544
113.27357811497,23.141053246816
113.27304937234,23.140887338393
113.27288983329,23.14083558024
113.27277017899,23.140804259486
113.27262061112,23.140722592869
113.27254084159,23.140661695959
113.27247113309,23.140610934666
113.27229165165,23.140498860974
113.27202242949,23.140395676661
113.27158360724,23.140320323814
113.2706561068,23.140358457178
113.2705863983,23.140367512812
113.27043692026,23.140375571495
113.26998821666,23.140429572966
113.26991850815,23.140468620169
113.26915081626,23.140567982788
113.26886174155,23.140613925512
113.26871226351,23.140631787508
113.26850295833,23.140658788193
113.26837342267,23.140676899419
113.26831368536,23.140686038111
113.26826391923,23.140695342959
113.26821415311,23.140664686804
113.26821082938,23.140662526749
113.26821082938,23.140662526749
113.26821082938,23.140542477508
113.26821082938,23.14049254696
113.26821082938,23.140372663723
113.26823050227,23.139152972316
113.26823050227,23.139073049362
113.26824038363,23.138753273984
113.26824038363,23.138693373132
113.26824038363,23.138463489863
113.26824038363,23.138423611265
113.2682402938,23.138422863541
113.2682402938,23.138422863541
113.26820040903,23.138282291385
113.26818055648,23.13824208041
113.26814076155,23.138201620181
113.26810096661,23.13818109928
113.26808111406,23.138170880369
113.26802137674,23.138160079892
113.26795166824,23.138159166006
113.2679118733,23.138148697851
113.26788204956,23.138138312776
113.26788142075,23.13813756505
113.26788142075,23.13813756505
113.26777173764,23.138145956191
113.26757240365,23.138172957383
113.26746281038,23.138191318191
113.26673518292,23.138280297453
113.26673491342,23.138280380533
113.26673491342,23.138280380533
113.2666551439,23.138319179128
113.26659540658,23.138328234902
113.2661070877,23.138410650718
113.2654593196,23.138520483006
113.26541952467,23.138529871087
113.26541916534,23.138529788006
113.26541916534,23.138529788006
113.26536930939,23.138559032289
113.26533948565,23.138588525807
113.26531963309,23.138648177465
113.26531963309,23.138688139076
113.26536948905,23.138828960042
113.26548914334,23.139080858883
113.26555894168,23.139231981342
113.26566862478,23.139473743686
113.26569853836,23.139524256175
113.26577830789,23.139795511235
113.26591790456,23.1401176934
113.26591781473,23.14011777648
113.26596731137,23.140097006637
