113.34235921191,23.109304214826
113.34235391191,23.109307455674
113.34235391191,23.109307455674
113.34205369821,23.109328645831
113.34152333863,23.109340944431
113.34141329621,23.109351497958
113.34108298927,23.109393130368
113.34108271978,23.109393130368
113.34108271978,23.109393130368
113.34107265876,23.109433183892
113.34107265876,23.109433183892
113.34107265876,23.109433183892
113.34109242148,23.10967300619
113.34108227063,23.109942992729
113.34105163841,23.110673008982
113.34093090615,23.111413491486
113.34089075189,23.111593646408
113.34085059764,23.111833797191
113.34084053662,23.111933846039
113.34080029253,23.112213965795
113.34077019929,23.112394119629
113.34075016708,23.112534220644
113.34067021789,23.112504721332
113.3405902687,23.112475222014
113.34050025849,23.112445805786
113.34047034491,23.112436083472
113.34046899746,23.112435751085
113.34046899746,23.112435751085
113.34034889401,23.112396446338
113.34029894822,23.112376835508
113.3396484852,23.112140840552
113.33941833933,23.112062397065
113.33843712022,23.111979300101
113.33756576388,23.112065970234
113.33689455,23.112281523511
113.33601277331,23.112549344232
113.33526116109,23.112786501812
113.33472011169,23.112841927156
113.3335475535,23.112954522799
113.3334875467,23.11295518757
113.3334175687,23.112876079793
113.3334164009,23.112875830504
113.3334164009,23.112875830504
113.33324626184,23.112607761152
113.33305609056,23.112410074201
113.33300614477,23.112370769446
113.33270575141,23.112094389383
113.33258564796,23.11198594786
113.33249563775,23.111867119116
113.33241586822,23.111568218652
113.33238613431,23.111298734004
113.33236628176,23.111199100164
113.33218706981,23.110011631878
113.33203786126,23.108923788592
113.3319979765,23.108764404799
113.33196824259,23.108554912047
113.33194830021,23.108505218756
113.33194830021,23.108475303053
113.33185882898,23.107856628185
113.33184903745,23.107736881649
113.33184777982,23.107735468955
113.33184777982,23.107735468955
113.33177816114,23.107186428451
113.33158798987,23.106928901329
113.33097696246,23.106456891626
113.33043609271,23.106024186891
113.33027583501,23.105906433121
113.33014576037,23.105698265474
113.33012599765,23.105458685298
113.33016740953,23.104198451556
113.33016758919,23.10405859105
113.33017782988,23.10386861986
113.33017791971,23.103818675508
113.33016821801,23.103628953281
113.33015833665,23.103549175128
113.33015851631,23.103399258553
113.33014863495,23.103349480229
113.33006877559,23.103060699101
113.33002880099,23.102991308435
113.32955853806,23.102068035155
113.32955746009,23.102066705504
113.32955746009,23.102066705504
113.329296682,23.102070278941
113.32921655315,23.102071359283
113.32788274913,23.102090473016
113.32730109631,23.102099115746
113.32649872983,23.102111331912
113.32595714144,23.102119725332
113.32566635995,23.102104351246
113.32543576492,23.102068118258
113.32531548181,23.102050084864
113.32500457828,23.102005126022
113.32462351708,23.101941385826
113.32462243911,23.101941053413
113.32462243911,23.101941053413
113.3242613203,23.101897008671
113.32309765534,23.101756314707
113.32233517362,23.10171925059
113.32231523124,23.101719583004
113.32224507358,23.101720746452
113.32215488371,23.101712353007
113.3218840446,23.101697061977
113.32182394796,23.101698059218
113.32177382251,23.101698890253
113.32147289017,23.101694153357
113.32142276472,23.101694984391
113.32140282234,23.101695316805
113.32126241718,23.101687837496
113.32003820644,23.101659166809
113.31866343968,23.101643377153
113.31853309555,23.10164570405
113.31850309215,23.10164620267
113.3184529667,23.101647116808
113.31835271581,23.101638972669
113.31736934077,23.101616451629
113.31724896783,23.101608639902
113.31607488253,23.101529525364
113.31536243643,23.101472267018
113.31481060735,23.10144210042
113.31446952075,23.101418249688
113.31438930207,23.101409773121
113.31391778151,23.101368138208
113.31287422,23.101276474869
113.31266356735,23.101260269649
113.31217192475,23.101218884
113.31153987699,23.101159880342
113.31112863273,23.101077025864
113.31095813434,23.101040044662
113.31075763255,23.100953533538
113.31061731723,23.100885970057
113.31050709515,23.10080793544
113.31039687306,23.100719928293
113.31033677642,23.10067106311
113.30976536429,23.100190803829
113.30953485909,23.100004733016
113.30777049724,23.098563859629
113.30732951907,23.098220966359
113.30718929358,23.098113261456
113.30700891383,23.098006221311
113.30698897145,23.097996581045
113.30676843745,23.097880149849
113.30663818315,23.097832280891
113.30659811872,23.097822973036
113.30594639807,23.097573073508
113.3058562082,23.097544485038
113.30567582846,23.097487308081
113.30543526224,23.097400960856
113.30517466381,23.097314945999
113.30476368904,23.097181061894
113.30450309061,23.097124882055
113.30429261763,23.097117984233
113.30417233452,23.09712970222
113.30402195818,23.097141835737
113.30383142758,23.097194525106
113.30348045962,23.097279376554
113.30329999004,23.097321843811
113.30326998664,23.097332232081
113.30296914412,23.097416335486
113.30022149706,23.098210910581
113.30005117834,23.098252878906
113.29965026459,23.098367481454
113.2989987236,23.098544662283
113.29856780645,23.098669237218
113.29776597895,23.098897361129
113.29757562801,23.098929190409
113.29701454639,23.099024511992
113.29679419205,23.099066563165
113.2957722797,23.099255460861
113.29523140996,23.099339812363
113.29488089115,23.099402473444
113.29480085212,23.099423083448
113.29455049438,23.099464968286
113.29405975008,23.099558461179
113.29328864463,23.099693506353
113.29246759339,23.099838274627
113.29180688969,23.099971657427
113.29151664718,23.100033071643
113.29122640467,23.100094402726
113.2909662554,23.100135539412
113.29087624518,23.100145927462
113.29075623157,23.100156398616
113.29068625357,23.100156647929
113.29050614331,23.10017734092
113.29046616872,23.100177507129
113.29043625514,23.100177590234
113.29034624493,23.10016803323
113.29032630255,23.100158226912
113.29031839746,23.100154154797
113.29031839746,23.100154154797
113.29021832623,23.100134542159
113.29021832623,23.100134542159
113.28999833121,23.100085344343
113.289838343,23.100025924658
113.28944829875,23.099887223222
113.28926836815,23.099817830897
113.28862841531,23.099579486683
113.28823846088,23.09943031357
113.2880785625,23.099370644278
113.28779865051,23.099261111997
113.2873887537,23.099111689212
113.28561945117,23.098482000798
113.28538966462,23.098391914472
113.28530980526,23.098361913385
113.28518997131,23.098311883856
113.28515008654,23.098291938524
113.28510023059,23.098271993189
113.28507031701,23.098252047851
113.28487053387,23.098151905586
113.28481061689,23.098131877124
113.28452100319,23.097951537725
113.28416150133,23.097700973591
113.28380199946,23.09741026874
113.28363221972,23.097329905108
113.28351238577,23.09731968305
113.28346252981,23.097319599944
113.28340261283,23.097329406471
113.28329275007,23.097359075367
113.2831528839,23.09743860792
113.28315054831,23.097436613374
113.28315054831,23.097436613374
113.28293019397,23.097975804608
113.28288024818,23.098095643053
113.28266995486,23.098614803222
113.28212935461,23.099722592988
113.28205937661,23.099882320052
113.28160887639,23.100840179782
113.28158893401,23.100880069678
113.28154895942,23.100969905004
113.28141888478,23.101239244411
113.28098850661,23.102156955543
113.28083839976,23.102476154315
113.28075836074,23.102665711984
113.28070841495,23.102755463
113.28062855559,23.102765019817
113.28062756745,23.102764936714
113.28062756745,23.102764936714
113.28053764707,23.10271449333
113.28004851972,23.102461860609
113.27997872138,23.102421555673
113.27922019221,23.102026982171
113.27922001255,23.102026732861
113.27922001255,23.102026732861
113.27913979387,23.102326153426
113.27909981927,23.102485877359
113.27904978366,23.102645517997
113.27895977344,23.102864826192
113.27881972762,23.103223829352
113.27870986485,23.103313081376
113.27840030877,23.103440809727
113.27816064086,23.103558981195
113.27815992222,23.103558981195
113.27821121546,23.10364507511
