113.25972408807,23.124535326111
113.25964216261,23.124902828813
113.25964216261,23.124902828813
113.25942297607,23.124938972478
113.25942297607,23.124938972478
113.25942297607,23.124938972478
113.25942288624,23.125018903952
113.25942288624,23.125068923415
113.25944273879,23.125169294639
113.25955206257,23.125711198233
113.25957191512,23.125831510168
113.25960173886,23.125972012436
113.25965141516,23.126212884989
113.25970109145,23.126463727655
113.25989009493,23.127187006024
113.26005915603,23.127889924128
113.26012877471,23.128181143835
113.26020836457,23.12849255296
113.26030780699,23.128904246665
113.26034760193,23.129064935647
113.26039736805,23.129275808484
113.2604969003,23.129627511724
113.26060640375,23.129969409917
113.26064619868,23.130090133418
113.26066614106,23.130120459676
113.26075570212,23.130391983233
113.26079549706,23.130522676595
113.26087517675,23.130754069167
113.26100462258,23.131266288632
113.26102456496,23.131376625347
113.26102456496,23.131376459178
113.26102456496,23.131376459178
113.26111412602,23.131988045288
113.2611340684,23.132118404739
113.26115392095,23.132298780799
113.26116389215,23.132398980384
113.26119371589,23.132759482242
113.26122353963,23.133119983121
113.2613031295,23.134071371722
113.26133295324,23.13435186015
113.26133295324,23.134811889798
113.26134292443,23.135062051539
113.26133304307,23.135341873213
113.26133304307,23.135701868577
113.26132316171,23.135941726474
113.26131328035,23.136311523856
113.26130339899,23.136361372897
113.26125363287,23.136700512036
113.26121383793,23.136869832037
113.26114421925,23.137168592413
113.26098494969,23.13790585304
113.26090535982,23.138274481817
113.26089547846,23.138324330119
113.26086565472,23.138423777425
113.26086466658,23.138423611265
113.26086466658,23.138423611265
113.26086475641,23.13850361769
113.2608747276,23.138573820589
113.26092458356,23.138614696106
113.26116371248,23.138648842107
113.26116371248,23.138648842107
113.26116371248,23.138648842107
113.26124339218,23.138650171392
113.26152240587,23.138625081144
113.26172173987,23.138608631244
113.26185127552,23.138600904775
113.26242924529,23.138560860057
113.26262857928,23.138544327068
113.26352553733,23.138489494026
113.2635254475,23.138488995544
113.2635254475,23.138488995544
113.26389420191,23.138455098742
113.26479115996,23.138379827873
113.26489087187,23.138361550172
113.26490084307,23.13834177702
113.26491081426,23.138332056604
113.26493075664,23.138302479949
113.26498061259,23.13827340177
113.26502049736,23.138254127088
113.26506038212,23.138254791732
113.26510026689,23.138255456376
113.26515012284,23.138266256845
113.26519000761,23.138286860813
113.26521992118,23.138307298618
113.26524983476,23.138337789157
113.26526977714,23.138368113529
113.26527974833,23.138428263768
113.26527974833,23.138478278173
113.26526986697,23.138518156755
113.26525001442,23.138547816443
113.26523016187,23.138577476124
113.26522980254,23.138576811481
113.26522980254,23.138576811481
113.26526968731,23.138647429743
113.26528962969,23.138697776386
113.26528962969,23.138707746016
113.26533948565,23.13881857502
113.26577821806,23.139795594315
113.26598761307,23.140268897757
113.26623698268,23.140812816616
113.26624695387,23.140852943732
113.26625692506,23.140873131904
113.26645634889,23.141256208114
113.26654608961,23.141447621186
113.26673554224,23.141670520696
113.26686516772,23.141762488442
113.26759297485,23.142013467849
113.26782231224,23.14212686951
113.26819124632,23.142372282004
113.26824110227,23.142412990193
113.26828098704,23.142443562866
113.26834081418,23.14248443719
113.26834081418,23.142564441164
113.26834099385,23.142564524242
113.26834099385,23.142564524242
113.26834099385,23.142674519244
113.26834117351,23.143184532639
113.26834135317,23.143564528312
113.26832159045,23.143884292082
113.26831188875,23.144224159665
113.26825242092,23.144763326935
113.26813312595,23.145371611319
113.26810339204,23.145471219491
113.26790441737,23.146118380013
113.26788456482,23.146178111358
113.26788456482,23.146258113103
113.2678548309,23.14642767012
113.26785501056,23.146717686054
113.26786507159,23.146837812777
113.26797547333,23.148049541393
113.26798553436,23.148229729626
113.26799559538,23.148329917168
113.26812611917,23.149822004757
113.26812531069,23.14982208783
113.26812531069,23.14982208783
113.26816555478,23.150402768786
113.26828619721,23.15182472026
113.2682961684,23.151874895753
113.26829625823,23.15201495506
113.26835626504,23.152255863365
113.26859647193,23.153459484542
113.26878664321,23.154392368579
113.26901696874,23.155545796259
113.26906727385,23.15607661052
113.26907733487,23.15620678014
113.26908730606,23.156256953973
113.26911748913,23.156547446804
113.26911775862,23.156547280666
113.26911775862,23.156547280666
113.26918800611,23.157048352304
113.26927792649,23.157219639953
113.26930810956,23.157500079388
113.26935832484,23.157840825794
113.2694185113,23.158241712568
113.26951858254,23.158633128406
113.26969860296,23.159195745112
113.26969851313,23.159195828179
113.26969851313,23.159195828179
113.26974854875,23.159366531579
113.26990853696,23.159788761963
113.27007858619,23.160361175627
113.27015889471,23.160862315902
113.27014919301,23.161052205456
113.27014928284,23.161152217167
113.2701494625,23.161302234593
113.27010984722,23.161521778061
113.27010966756,23.161521861127
113.27010966756,23.161521861127
113.27010975739,23.161601853605
113.2700900845,23.161761589219
113.27004076753,23.162210974391
113.27000124209,23.16252047612
113.2698930861,23.163919288651
113.26989272678,23.163919371715
113.26989272678,23.163919371715
113.27012260316,23.164492598163
113.27014263538,23.164542851921
113.2701526964,23.164602990277
113.27025276763,23.164984419659
113.27025276763,23.164984419659
113.27025276763,23.164984419659
113.27023300491,23.165164252599
113.27022312355,23.165204123149
113.27022321338,23.165284113402
113.27022330321,23.165354135983
113.27022339304,23.165434126146
113.27021360151,23.165494014908
113.27020380998,23.165593940201
113.27019401845,23.165673847155
113.27018422692,23.165723685149
113.27017434556,23.16576355553
113.27016455403,23.165813393489
113.27012493876,23.165952856612
113.2701150574,23.165992726924
113.27008532348,23.16610237022
113.27005558957,23.166221980985
113.27001588447,23.166351476128
113.269966298,23.166490855622
113.26993656409,23.166570429784
113.26993530646,23.166570512847
113.26993530646,23.166570512847
113.26988554034,23.166699841524
113.26984583524,23.166819285624
113.26980613013,23.166908744034
113.26976642503,23.166978184319
113.26974666231,23.167027938758
113.26966707244,23.167136833635
113.26956754019,23.16726549726
113.26946800794,23.167394160761
113.26937844688,23.167522907198
113.26929885701,23.167621834214
113.26924918072,23.167711125958
113.26917965187,23.167890207637
113.26907032809,23.168138728748
113.26895103312,23.168397133727
113.2689312704,23.168456855025
113.26882194662,23.168705375073
113.26882068899,23.168705375073
113.26882068899,23.168705375073
113.26862171432,23.169122675066
113.26844268203,23.169510154873
113.26839300573,23.169609495708
113.26815432596,23.17008609811
113.26803494116,23.170294413853
113.26796541231,23.170433456954
113.26791573602,23.170522746801
113.26773679356,23.170980159054
113.26762746978,23.171268626147
113.26761758842,23.171308494858
113.26760770706,23.171348363556
113.26754823923,23.171647544534
113.26752847651,23.17173724886
113.26739004763,23.172855391565
113.26724164756,23.173993375714
113.26722197467,23.174193130334
113.26718244923,23.17447262018
113.26718253906,23.174522620976
113.26717274753,23.17460252254
113.26713322209,23.174861994648
113.2671135492,23.175021714262
113.26704437967,23.175570723008
113.26682663042,23.177267652281
113.26675737106,23.17774663572
113.26672772698,23.177986251373
113.26671793545,23.1780961339
113.26670814392,23.178156016932
113.26669835239,23.178235916302
113.26668856086,23.178315815625
113.26665891678,23.178495381285
113.26664912525,23.178565230766
113.266619571,23.17888482697
113.26658004555,23.179234239089
113.26654052011,23.179573683731
113.26639212004,23.180951552599
113.26628324541,23.181900023011
113.26628324541,23.181940054624
113.26627336405,23.181999935916
113.26619404368,23.182538783271
113.26608498939,23.183267153903
113.2660653165,23.183486910093
113.26603576225,23.18383647616
113.26606594531,23.184267016703
113.2660759165,23.184337195343
113.26610591991,23.184557697218
113.26614598433,23.18489837397
113.26617598774,23.185098859585
113.26621605216,23.185379489106
113.26624605557,23.185579973992
113.26624264201,23.185579558738
113.26624264201,23.185579558738
113.26629258779,23.185710363751
113.26631253017,23.185760692502
113.26647242855,23.186513213019
113.26647242855,23.18651329607
113.26647242855,23.18651329607
113.26651240315,23.186763858456
113.26654240655,23.186924311151
113.26659235234,23.187215068876
113.26661238455,23.187345373973
113.26662235574,23.18741555098
113.26666233034,23.187726156456
113.26667230153,23.187756303419
113.26667239136,23.187756469518
113.26667239136,23.187756469518
113.26665244898,23.18782614801
113.26665244898,23.187886192736
113.2666925134,23.188346866925
113.26678252362,23.189018317236
113.26685250162,23.189639436881
113.26685250162,23.189669417311
113.2669024474,23.190090222249
113.26696245421,23.19077121418
113.26695257285,23.190811077014
113.26691286775,23.190960479485
113.26698284575,23.191561575662
113.26698284575,23.191581590008
113.26700278813,23.191691876476
113.2670726763,23.192362977615
113.26710258987,23.192613445871
113.26712253225,23.192843733409
113.26717238821,23.193144526696
113.2671823594,23.193234714721
113.26723221535,23.193575452164
113.26727210012,23.193736062685
113.26799999707,23.19661697038
113.26810968018,23.197018570121
113.26818944971,23.197309720867
113.26835887012,23.197792202578
113.2689968467,23.199331315773
113.26914632473,23.199683414255
113.26933568754,23.200126027289
113.26951507915,23.200718528533
113.2696446148,23.201190285508
113.26964470463,23.201190036385
113.26964470463,23.201190036385
113.26967452837,23.201300480918
113.26976417926,23.2016117181
113.26977415046,23.201641861897
113.26978412165,23.201701983389
113.26983388777,23.202072676625
113.26986380135,23.202223062854
113.26999315734,23.20314472491
113.26998237767,23.205214392907
113.26998228784,23.205674342406
113.26998228784,23.205874298287
113.26998183869,23.206884203726
113.26997132851,23.20799391167
113.26997132851,23.20817385221
113.26998085055,23.208853920613
113.26998085055,23.209023895648
113.26998085055,23.209093895074
113.26998076072,23.2093338691
113.26996081834,23.20952360604
113.26996081834,23.209613616816
113.26996081834,23.209743567691
113.26995066749,23.210163395332
113.26993054544,23.210543032627
113.26993054544,23.210593019783
113.2699695319,23.211843356825
113.26997932343,23.212033422298
113.27003789295,23.213683966264
113.27005756584,23.214024152785
113.27007705907,23.214594338968
113.27008694043,23.214664501507
113.27026435577,23.217066445812
113.27027423713,23.217126560284
113.27027423713,23.217176544949
113.27027423713,23.217196555416
113.27029399985,23.217416753383
113.27032355411,23.217847101517
113.27034331683,23.217997303728
113.27041212703,23.219038003579
113.2704605457,23.220538343883
113.27043979484,23.221447922081
113.27027926764,23.222505615403
113.27027926764,23.222525625062
113.27026929645,23.222575441629
113.27010912858,23.223283166947
113.27006915398,23.223412606209
113.26989892509,23.224170143004
113.26986892169,23.22429974745
113.26985904033,23.224339600168
113.26982903692,23.224499176976
113.26968890126,23.225137150174
113.26928807734,23.227101198225
113.26927810615,23.227151013064
113.26923813156,23.227320383378
113.26917803492,23.227639446569
113.26888725343,23.229335043193
113.26882715679,23.229714127232
113.26870678385,23.230492300496
113.26862656517,23.231031033144
113.26861659398,23.2310808465
113.26853637529,23.231619576746
113.26846621763,23.232058512832
113.26842615321,23.232357888489
113.26838617861,23.232587276532
113.26838563963,23.233227120116
113.26837423115,23.234856644169
113.26837360234,23.235606477497
113.2684425922,23.236537287696
113.26854131597,23.237698549723
113.26867022281,23.238500252895
113.26871980928,23.238820949403
113.26878924829,23.239251891891
113.2688289534,23.239432453967
113.26914695355,23.240786786187
113.2691668061,23.240877024698
113.26919662984,23.240947422315
113.26922645359,23.241067795513
113.26924639597,23.241128065087
113.27015170826,23.244360084408
113.27022141677,23.244591028844
113.27040053889,23.245223343009
113.2703970355,23.245223509036
113.2703970355,23.245223509036
113.27054633387,23.245745412904
113.27077522212,23.246798345802
113.2707951645,23.246878618723
113.27082498824,23.24698902504
113.27105387648,23.248021859207
113.27116337993,23.248593226699
113.27140223936,23.249906208688
113.27150177161,23.250447435367
113.27153159535,23.250627816097
113.27165106999,23.251469285203
113.27174072088,23.251950406883
113.27217909397,23.256245726322
113.27242864324,23.258668744034
113.272538506,23.259750044165
113.27269849421,23.261301964527
113.2727084654,23.261382062611
113.2729387011,23.263644875621
113.27298873672,23.264105451501
113.27312905204,23.265497212551
113.2735093946,23.267741778073
113.27367944383,23.268543796557
113.27388955749,23.269526248021
113.27403957451,23.270067975115
113.27439961536,23.271291936491
113.27441964757,23.271352192247
113.27454963238,23.27168359841
113.2750095648,23.272878496202
113.27624976538,23.276070895871
113.27663001811,23.277114457235
113.27767097453,23.28002367077
113.2779313933,23.280925867455
113.27807170862,23.281437007144
113.27823196632,23.281978353281
113.27861302752,23.283581465066
113.2789246497,23.28564406203
113.27895483276,23.285864311683
113.27909613622,23.287365551383
113.27916764134,23.288956315662
113.27921893458,23.290346901247
113.2792495668,23.29104720909
113.27931083124,23.292407898482
113.27934155329,23.293238229927
113.27937227533,23.294028558528
113.27938233636,23.294068639115
113.27938242619,23.294118677594
113.27938251602,23.294168716055
113.27938269568,23.29431874834
113.2795262449,23.298530370224
113.27953639575,23.298770513415
113.2795465466,23.299010656168
113.27963844326,23.301621661681
113.27963844326,23.301651699642
113.27969961786,23.303482342808
113.27971991957,23.304042516848
113.27985179082,23.307973708147
113.27986194167,23.308453793658
113.27989221456,23.309344013258
113.27991233661,23.309724194682
113.27991233661,23.309804180332
113.27991233661,23.309864169538
113.27992239763,23.30996423446
113.28002282818,23.312074955973
113.28002309768,23.312074707059
113.28002309768,23.312074707059
113.28014338078,23.31434544348
113.28014338078,23.314445422021
113.28021335878,23.315795830118
113.28023330117,23.316265930836
113.28029321814,23.317336303908
113.28031316053,23.317746413535
113.28037289784,23.319146733706
113.28038286903,23.319226796589
113.28040272158,23.320026841982
113.28056109285,23.324497399006
113.28062020135,23.326337513575
113.28066951832,23.327567671374
113.2807185658,23.328997752667
113.28086516926,23.333497869188
113.28088484215,23.333857905031
113.2809823083,23.336677930439
113.2810211151,23.337947892685
113.28107941513,23.339657830286
113.28114732702,23.341737714177
113.28124614063,23.342847945413
113.28125602199,23.342937948056
113.28137459832,23.344208264502
113.28137459832,23.344208430404
113.28137459832,23.344208430404
113.28153341873,23.345228971532
113.28189184263,23.346460279551
113.28247960392,23.348172262927
113.28277873966,23.348773222773
113.28312773135,23.34949420506
113.28314767373,23.349524232078
113.28342713657,23.349884970495
113.28432544208,23.351156878632
113.28483451182,23.351877598984
113.28487439658,23.351937651922
113.28492434237,23.352007741298
113.28496431696,23.352047804202
113.28508415092,23.352167909896
113.28511415432,23.352197936302
113.28511424415,23.352197853356
113.28511424415,23.352197853356
113.28665259234,23.353748268288
113.2868324331,23.353918222246
113.28744193339,23.354537735319
113.28764180637,23.354707522365
113.28800175738,23.354867024114
113.28836161857,23.355166369306
113.28841165419,23.355196312082
113.28917153082,23.355674566133
113.29159201501,23.357225437634
113.29235243063,23.357711480871
113.29429402816,23.358799099768
113.29497476407,23.359173995673
113.29628637995,23.359903049022
113.29804903502,23.36086623923
113.29959160524,23.36204954434
113.30095388554,23.363543278659
113.30149475529,23.364336418955
113.30171510963,23.364643621646
113.30202556402,23.365229577267
113.30235596078,23.366075206551
113.30241605742,23.366244398103
113.30254622189,23.366672601041
113.30264638295,23.366971255797
113.30286664747,23.367718262923
113.30294677632,23.36798714132
113.30315706964,23.368744260778
113.30391838356,23.371463518487
113.3040987633,23.37211098013
113.30418895318,23.372439644269
113.30458986692,23.373863846017
113.30677733067,23.381851213751
113.30679745271,23.38194094085
113.30681757476,23.382010599554
113.30722944783,23.383514306326
113.30735000043,23.383942452845
113.3074404598,23.384371095517
113.30752085814,23.384639856826
113.30752067848,23.38463960805
113.30752067848,23.38463960805
113.30767141415,23.385107223219
113.30787236509,23.385724101184
113.30833445344,23.386756757849
113.30865586715,23.387431591637
113.30889697235,23.38786768599
113.30946946245,23.388808364511
113.30950961671,23.388887721514
113.30950970654,23.388887804436
113.30950970654,23.388887804436
113.30953979977,23.38893730925
113.30976087276,23.389393714563
113.3099015474,23.389701438977
113.31035366457,23.390524023999
113.31112746493,23.392001181349
113.31130838366,23.392348121021
113.31133856673,23.392407574979
113.31148939222,23.392755094015
113.31170049402,23.393241585949
113.31185131951,23.393569036209
113.31220336544,23.394553123377
113.31220336544,23.394553123377
113.31220336544,23.394553123377
113.31228385362,23.39479176423
113.31231403668,23.394881233708
113.31235428077,23.394990520717
113.31247501303,23.395308513885
113.3124749232,23.395308513885
113.3124749232,23.395308513885
113.31241491639,23.395479574819
113.31233478754,23.395570950951
113.31225465869,23.395642343692
113.31206412809,23.395695660197
113.31191366191,23.395718296902
113.3114622634,23.395836040874
113.31131188705,23.395868627744
113.31076014781,23.395978079765
113.31029868827,23.396085873333
113.31005803222,23.396139935919
113.30965684898,23.39624665142
113.30941619294,23.396320697167
113.30898491646,23.396397810834
113.30869404514,23.396462569696
113.30866404173,23.39645311706
113.30858382305,23.396454443746
113.30855381965,23.396444991109
113.30852381624,23.396435538472
113.3084736908,23.396426417506
113.30843362637,23.396417130703
113.30841359416,23.39639756208
113.30838359075,23.396378159291
113.30834352633,23.396328906043
113.30834146022,23.3963282427
113.30834146022,23.3963282427
113.30831127716,23.39624872437
113.3082711229,23.396099388981
113.30827103307,23.396099306063
113.30827103307,23.396099306063
113.30821066694,23.395940269077
113.30795878208,23.394604118592
113.30795869225,23.394604035673
113.30795869225,23.394604035673
113.30798851599,23.394293503525
113.30799848718,23.394203370291
113.30812865165,23.393911328237
113.30816871608,23.393840763747
113.30829897037,23.393648722006
113.30861993493,23.393463562323
113.30949272857,23.393219280495
113.30964319474,23.393176825494
113.30964319474,23.393176327975
113.30949021331,23.392433611989
