113.28193020027,23.112096300612
113.2819367579,23.112099292101
113.2819367579,23.112099292101
113.28185689854,23.112118986068
113.28185680871,23.112118986068
113.28185680871,23.112118986068
113.28189669348,23.112199091459
113.28204653084,23.112259669051
113.28211641901,23.112279944672
113.28229625977,23.112280609446
113.28229625977,23.112280692543
113.28229625977,23.112280692543
113.28296594653,23.112123057817
113.2837956215,23.111925536337
113.28480540672,23.11171762742
113.28580549024,23.111458779532
113.28635561254,23.111319092869
113.28684572802,23.111189128466
113.28718582649,23.111109022466
113.28748595036,23.11102883332
113.28752592495,23.11101886161
113.28779604542,23.110948644126
113.28791614887,23.110918562778
113.28823630495,23.110838207322
113.28889673916,23.11066702594
113.29107881308,23.110090076577
113.2911188775,23.110069966817
113.29113890971,23.110049940153
113.29117897414,23.110009886815
113.29119900635,23.109979888353
113.29120906737,23.109949972983
113.29122909959,23.10989994782
113.2912491318,23.109849922639
113.29125919282,23.109809952339
113.29125919282,23.109770065126
113.29124940129,23.109650237217
113.29124949112,23.109648409051
113.29124949112,23.109648409051
113.29099006049,23.108909661777
113.2908704062,23.10858034038
113.29087022654,23.108580257281
113.29087022654,23.108580257281
113.29070062646,23.1081010238
113.29033151272,23.107062692507
113.2901320889,23.106433623499
113.2900524092,23.106164045326
113.28996284814,23.105794496307
113.28991317185,23.105564805325
113.28989331929,23.105484945235
113.28988352776,23.105395112963
113.28983385147,23.105155366038
113.28982397011,23.105105505271
113.2897942362,23.10493572922
113.28977447348,23.104745925488
113.2897348582,23.104406206046
113.28972506667,23.104276317977
113.28971554463,23.103906514397
113.2897157243,23.10372659835
113.2897263243,23.103186765645
113.28972497684,23.103185519108
113.28972497684,23.103185519108
113.28973548702,23.102685573556
113.28973557685,23.102615684077
113.28974590736,23.102285765346
113.2897963023,23.101885789725
113.28981642434,23.101735871272
113.28989682269,23.10141575658
113.2899771312,23.101185642505
113.29003731767,23.101025584593
113.29012759737,23.100775441779
113.29013765839,23.100735468747
113.29017781265,23.10063541146
113.29021796691,23.100505353494
113.29021796691,23.100504439348
113.29021796691,23.100504439348
113.29023799912,23.100444355017
113.29032827882,23.100194128004
113.29033833984,23.100164210428
113.29035837206,23.100104209048
113.29036843308,23.100084263985
113.29038855512,23.100014290032
113.29041864836,23.099944316041
113.29042870938,23.099924370954
113.2906895773,23.099273577739
113.29068948747,23.0992729129
113.29068948747,23.0992729129
113.29072973155,23.099082768653
113.29083016211,23.098692506706
113.29087031637,23.098542418438
113.29120134195,23.097761225375
113.29136177931,23.097420657003
113.29142187595,23.097330486851
113.29143193697,23.097300568631
113.29155230991,23.097030140854
113.29161249638,23.096899996251
113.29165265064,23.096809908852
113.29165265064,23.096809244
113.29165265064,23.096809244
113.29127239791,23.096681010632
113.29100236728,23.09659225279
113.29100227745,23.096592169684
113.29100227745,23.096592169684
113.29111258936,23.096351742012
113.29136330643,23.095830827748
113.29147370818,23.095530478359
113.29147361835,23.095530312145
113.29146122173,23.095525741244
