113.31459258861,23.107359691819
113.31459178013,23.107353459327
113.31459178013,23.107353459327
113.31460238014,23.106783475983
113.3146131598,23.106043549357
113.31461324963,23.105923634984
113.31461396828,23.105213869314
113.31460435641,23.10487423417
113.31460435641,23.104873818663
113.31460435641,23.104873818663
113.31461450726,23.104743681747
113.31461468692,23.104603821815
113.3146154954,23.103814104892
113.31461576489,23.103544272094
113.31460615302,23.103234632673
113.31457632928,23.103015325089
113.31455647672,23.102905795815
113.31454659536,23.102866072733
113.31442694107,23.102168423776
113.31441705971,23.102128700473
113.31439720716,23.101969142317
113.3143873258,23.10187939077
113.31438741563,23.101819473268
113.31438759529,23.101599581622
113.31438777495,23.101409690017
113.3143870563,23.101408443463
113.3143870563,23.101408443463
113.31391544591,23.101366725446
113.3128718844,23.101275062107
113.31266123176,23.101258856886
113.31216958915,23.101217471237
113.3115375414,23.101158467578
113.31112629714,23.101075613099
113.31095579875,23.101038631896
113.31075529696,23.100952120772
113.31061498164,23.10088455729
113.31050475955,23.100806522672
113.31039453747,23.100718515524
113.31033444083,23.100669650341
113.30976302869,23.100189391055
113.3095325235,23.10000332024
113.30776816165,23.098562446838
113.30732718347,23.098219553564
113.30718695798,23.098111848659
113.30700657824,23.098004808513
113.30698663586,23.097995168247
113.30676610185,23.09787873705
113.30663584755,23.097830868092
113.30659578313,23.097821560237
113.30594406248,23.097571660706
113.30585387261,23.097543072236
113.30567349286,23.097485895278
113.30543292665,23.097399548052
113.30517232822,23.097313533194
113.30476135345,23.097179649087
113.30450075502,23.097123469248
113.30429028204,23.097116571426
113.30416999893,23.097128289413
113.30401962259,23.09714042293
113.30382909199,23.0971931123
113.30347812403,23.097277963749
113.30329765445,23.097320431006
113.30326765105,23.097330819276
113.30296680853,23.097414922682
113.30021916147,23.098209497786
113.30004884274,23.098251466111
113.29964792899,23.098366068661
113.29899638801,23.098543249492
113.29856547085,23.098667824428
113.29776364336,23.098895948341
113.29775987047,23.098893538291
113.29775987047,23.098893538291
113.29775987047,23.098893538291
113.29775987047,23.098893538291
113.29775834335,23.098883233248
