113.24771374341,23.078969738031
113.24771024002,23.07897223156
113.24771024002,23.07897223156
113.24772021121,23.078972397796
113.24772021121,23.078972397796
113.24772021121,23.078972397796
113.24693284643,23.078499956284
113.24653426828,23.078253843846
113.24648450215,23.078223173267
113.24626531561,23.078099909054
113.24601621549,23.077966171824
113.24588667983,23.077884300303
113.24560766614,23.077700193093
113.24560703733,23.077699694382
113.24560703733,23.077699694382
113.24524807445,23.078214362747
113.24524807445,23.078214362747
113.24524807445,23.078214362747
113.24560703733,23.077699694382
113.24567683567,23.077580834965
113.24567683567,23.077580751846
113.24567683567,23.077580751846
113.24595593919,23.077774999665
113.24607559348,23.077866845454
113.24625498509,23.077969579673
113.24654405981,23.078133987506
113.24700255494,23.07841110318
113.24758061453,23.078760198289
113.24766038406,23.078811481945
113.24777994853,23.078883378772
113.24847757258,23.079354655278
113.24875658628,23.079519227632
113.24955383242,23.079982356417
113.24971328164,23.080075031851
113.24993246819,23.080208683842
113.25021148188,23.080363364243
113.25021157171,23.080363364243
113.25021157171,23.080363364243
113.25093901951,23.080735643742
113.25173608599,23.081149314111
113.25231396592,23.081489342378
113.25239364562,23.081530734173
113.25337001388,23.082127838474
113.25351949192,23.082220429296
113.2536987937,23.082323575728
113.25383830054,23.082406026324
113.25383821071,23.08240610944
113.25383821071,23.08240610944
113.25393783279,23.082467864238
113.25412710577,23.082601181361
113.25560140477,23.083497328283
113.25560140477,23.083497328283
113.25560140477,23.083497328283
113.25569105566,23.083528911908
113.25574091161,23.083539799945
113.25579076757,23.083540714208
113.25584062353,23.083531654696
113.25588050829,23.083522428954
113.25594033544,23.083503561894
113.25601013378,23.083464913503
113.25603007616,23.083445381516
113.25607993211,23.083406317533
113.25611981688,23.083367087309
113.25614973045,23.083317717054
113.25616967283,23.083298185045
113.25622949998,23.083199361349
113.25627935594,23.083110345156
113.25628932713,23.083060642345
113.25647904925,23.08171417115
113.25647904925,23.081694223326
113.25651902385,23.081415036593
113.25670865614,23.080098553946
113.25673856971,23.079839145732
113.25676848329,23.079729763585
113.2568681952,23.079371611227
113.25692802234,23.07923280511
113.25708747157,23.078855783694
113.25761567521,23.077645334914
113.25772526848,23.077397392284
113.25832318063,23.076018114652
113.25839288914,23.075859439454
113.2584427451,23.075750386511
113.25850248241,23.075631525351
113.2585124536,23.075601768484
113.25852242479,23.075572011611
113.25881131985,23.074907218052
113.25905044877,23.07435155847
113.25954846935,23.073170410494
113.25962814905,23.072981891324
113.25970782874,23.072783397306
113.25996681022,23.072157989592
113.26009625605,23.071860329731
113.26021573068,23.071572477632
113.26061403934,23.070549487956
113.26080322248,23.070132875297
113.26085298861,23.069993810166
113.26100237681,23.069666470389
113.26112185145,23.069438628795
113.26116164638,23.069299396691
113.26118158876,23.069249854964
113.26152007028,23.068495754449
113.26152007028,23.068491930737
113.26152007028,23.068491930737
113.26166936866,23.068114546368
113.26177878227,23.067706487923
113.26184840094,23.067397762491
113.26190804843,23.067148886379
113.26191792979,23.066989119972
113.26191801962,23.066988704347
113.26191801962,23.066988704347
113.26184822128,23.066777483219
113.26183825009,23.066617383864
113.26176764328,23.064836078515
113.26175758226,23.064475974129
113.26173728055,23.06366565257
113.26173719072,23.063435722513
113.26174698225,23.063095897464
113.26172695004,23.06282556635
113.26165706187,23.062504443529
113.26165697204,23.062224468353
113.26167682459,23.062124880841
113.26183564501,23.061197582862
113.26190517385,23.060838798691
113.26189520266,23.06064868259
113.26189511283,23.060348752484
113.26189484334,23.059888797378
113.26189484334,23.0597588658
113.26192439759,23.059339392929
113.26192439759,23.05922949514
113.26196365354,23.058520145131
113.2619735349,23.058440423031
113.26206273664,23.05789192704
113.2622414096,23.057114901039
113.26234067236,23.056666573177
113.26241011138,23.056347763182
113.26254916907,23.055880146098
113.26255914026,23.055840408961
113.26295690994,23.054867011677
113.26312588121,23.054429899196
113.2631358524,23.054410113545
113.26317564733,23.054300876751
113.26320547108,23.054221484656
113.26324526601,23.054142258781
113.26338441353,23.053784619456
113.26352365089,23.053446931233
113.26378218321,23.052791171843
113.26390147819,23.052493136114
113.26478648877,23.050447354301
113.26481631252,23.05037793617
113.26487596,23.050248992933
113.26533337717,23.049186183317
113.26559190949,23.048570225394
113.2661985352,23.047169531955
113.26631783018,23.046891436686
113.26677524734,23.045808397647
113.26733219676,23.044516670649
113.26769026133,23.043681950779
113.26789911737,23.043185023926
113.2682273582,23.042409741169
113.26846621763,23.041983229802
113.26873499064,23.041517058799
113.26893405514,23.041169944499
113.26965090294,23.040049860761
113.27032813546,23.039168968811
113.27123479521,23.038210664826
113.27162340218,23.037805591001
113.27197221421,23.03743992601
113.27200212778,23.037410410034
113.27204201255,23.037370999959
113.27250050768,23.036936573787
113.272968974,23.036502063054
113.27490311559,23.034712871607
113.27519228014,23.034445808673
113.27574078548,23.033941114804
113.27611978058,23.03359464593
113.27823466124,23.031631970467
113.27955193644,23.03041086493
113.28049021654,23.029546372649
113.28295669398,23.027266836682
113.28422537085,23.02609009361
113.28577413938,23.024252035399
113.28604390052,23.023822222971
113.2862837481,23.02343232228
113.28684348226,23.022512238606
113.28770316063,23.020811501474
113.28800301501,23.019731160825
113.28835290501,23.018470613743
113.28835290501,23.018440677788
113.2883628762,23.018400763171
113.28852286441,23.01782050307
113.28877295266,23.015310088167
113.28884302049,23.014650066306
113.28886305271,23.014440092685
113.28898324598,23.013189890423
113.28915392403,23.010829658889
113.28948593775,23.006339182704
113.28955645473,23.005439189832
113.2895766666,23.005079257514
113.28963712256,23.004409205323
113.28970763955,23.003669208315
113.28998871934,23.002308544531
113.29005896683,23.002008399909
113.29005788886,23.002000831831
113.29005788886,23.002000831831
113.29007837023,23.001430812972
113.29008861091,23.001160938881
113.29042035514,22.999160194275
113.29041101276,22.998490445033
113.29022156013,22.997751330054
113.29007172277,22.997492010922
113.28990194303,22.997222711046
113.28967206665,22.997033585361
113.28967161749,22.997032836842
113.28967161749,22.997032836842
113.28955160388,22.996963224549
113.28894156461,22.996754969637
113.28856158138,22.996675875933
113.28832164397,22.996626390363
113.2882217524,22.996606679299
113.28787186241,22.996507292245
113.28754191479,22.996417802249
113.28747202662,22.996387944513
113.28731212824,22.996328145854
113.28707228067,22.996188421481
113.28698236029,22.996138603054
113.28583306822,22.99547881902
113.28541346972,22.995228644163
113.28536361376,22.995198702992
113.28529372559,22.99515869825
113.28502405428,22.994978468837
113.28474441177,22.994798156011
113.28371549264,22.994166227496
113.28349585695,22.994015771845
113.28315629746,22.993814914535
113.28305649572,22.993744718368
113.28297672619,22.993694566345
113.28287692445,22.993634350624
113.2825374548,22.993393321127
113.2805206691,22.992094515626
113.28051851317,22.992092519501
113.28051851317,22.992092519501
113.28038861819,22.992121795994
113.28024884185,22.992131028069
113.2801290079,22.992170368344
113.28004914854,22.992219855565
113.27999929258,22.992239567277
113.2799393756,22.992289220816
113.27991943322,22.992319079468
113.27988951965,22.992358918718
113.27981963148,22.992458475204
113.27935969906,22.9930855047
113.27899983787,22.99354302894
113.27895995311,22.993592765166
113.27881002592,22.99385167602
113.27875010894,22.993951231392
113.27873016656,22.993991070155
113.27868022077,22.994070664474
113.2786503072,22.994130464145
113.27860036141,22.994220122016
113.27857044784,22.99427992162
113.27841045963,22.994598713773
113.27840057826,22.994628655079
113.27837066469,22.994708415358
113.2782607121,22.994917588335
113.27823079852,22.994987368034
113.27810081372,22.995276383683
113.27807090014,22.995356143575
113.27803101538,22.99543582025
113.27799113061,22.995515496877
113.27790121023,22.995674766818
113.27786132547,22.995764423652
113.2777514627,22.995943570801
113.27770151692,22.996033144284
113.27758168296,22.996182183783
113.27757862872,22.996182017444
113.27749257106,22.996117228531
