113.28963766155,23.131647564739
113.28963263104,23.13164116722
113.28963263104,23.13164116722
113.28962283951,23.131041294502
113.289623109,23.130291449789
113.28962319883,23.130141563424
113.2896134073,23.129681683744
113.2896134073,23.129631749107
113.28961349713,23.129441814524
113.28961358696,23.129191891438
113.28961358696,23.129122015916
113.28960388526,23.128602144204
113.28959418356,23.12816228312
113.28967422258,23.128122152163
113.28967386326,23.128121321294
113.28967386326,23.128121321294
113.2898039379,23.128090911492
113.29020422283,23.127989711609
113.29052446875,23.127968607519
113.29058447555,23.127978411781
113.29113486734,23.128086175539
113.29123493857,23.12810570096
113.29134507083,23.128125226377
113.29179548121,23.128213049179
113.29194558806,23.128222271816
113.29254619513,23.128249025769
113.29254628496,23.128248859595
113.29254628496,23.128248859595
113.292496429,23.127749174631
113.29247657645,23.127609422031
113.29238683573,23.127020083198
113.29234704079,23.126780375339
113.29230715603,23.126630651181
113.29230679671,23.12663031883
113.29230679671,23.12663031883
113.29211662543,23.126511337025
113.2913461488,23.126065237394
113.29097604693,23.125876959469
113.29083609093,23.125817634419
113.29069613493,23.125758309342
113.29043607548,23.125649380455
113.29008600583,23.125510705793
113.28969596157,23.125292099726
113.28964601579,23.125262353985
113.28960613102,23.125232525148
113.289316158,23.125033444495
113.28865635261,23.124365159468
113.28853651865,23.124225486392
113.2884466881,23.124085730079
113.28831688296,23.123876095334
113.28832694398,23.123756197073
113.28832550669,23.123755033818
113.28832550669,23.123755033818
113.28858574579,23.123474522977
113.28861583903,23.123404561353
113.28861583903,23.123344653568
113.28861592886,23.123274774966
113.28858610512,23.123174900848
113.28853615933,23.123135100742
113.28853597967,23.123134685292
113.28853597967,23.123134685292
113.28845594065,23.123074860475
113.28714639088,23.122066808251
113.28696655011,23.121946991445
113.28684671616,23.121857170315
113.2867968602,23.121817286723
113.28642711766,23.121567432361
113.2862772803,23.121447532014
113.28613741413,23.121367598388
113.28609752936,23.121307689683
113.28600769881,23.121177735062
113.28599781745,23.121167847205
113.28596799371,23.121007979569
113.28594814116,23.120888078716
113.28595847167,23.120428250045
113.28578923091,23.119598410642
113.28558998675,23.118788508305
113.28535094765,23.117778512365
113.2853310951,23.117678634109
113.28529130017,23.117548675934
113.28527144762,23.117488765505
113.28523165268,23.117388803937
113.28522177132,23.117358890237
113.28522015437,23.117356979083
113.28522015437,23.117356979083
113.28514038484,23.117096978881
113.28490098642,23.11657681076
113.28488113387,23.116536842486
113.28451202014,23.115786500308
113.28425258951,23.115376178506
113.28414281657,23.115236080492
113.28372366722,23.114665300043
113.28359395191,23.114505092191
113.28359332309,23.114504427428
113.28359332309,23.114504427428
113.28356331969,23.114494372883
113.28334359416,23.114393827391
113.2833037094,23.11436382992
113.28305416013,23.114113213663
113.28281467188,23.11384257084
113.28220589023,23.113150547014
113.28206629356,23.112960090256
113.28200646641,23.112879985325
113.28183695616,23.112659364129
113.28176724765,23.112559149634
113.28169753915,23.112458935064
113.28154797128,23.112208398306
113.28122898299,23.111587081726
113.28122790503,23.111586250754
113.28122790503,23.111586250754
113.28116807788,23.111465925901
113.28101859984,23.111225358965
113.280879093,23.110994763306
113.28062999288,23.110493683791
113.28037083174,23.110072459763
113.28017140792,23.109801476307
113.27983238742,23.109349669788
113.27967284836,23.109208817524
113.2795133093,23.109037966436
113.27930391429,23.108836784011
113.2791742888,23.108726013054
113.27909451927,23.108655545061
113.27859569022,23.108262236574
113.2783562918,23.108070609409
113.27835503418,23.108069529117
113.27835503418,23.108069529117
113.27805482047,23.108727093342
113.27795483907,23.108936253427
113.27774481524,23.109404514877
113.27769486946,23.109514121888
113.2773447998,23.110251203837
113.27717502006,23.110369784733
113.27717457091,23.110369784733
113.27717457091,23.110369784733
113.27742421001,23.110271895255
113.27742421001,23.110271895255
113.27742968967,23.110284775454
