113.23449966936,23.128133036544
113.23450532869,23.128135695324
113.23450532869,23.128135695324
113.23451538971,23.127995860044
113.23441585746,23.127485289693
113.23438612355,23.127255220816
113.23437633202,23.127025234628
113.23437642185,23.126785360602
113.23437615235,23.126784862076
113.23437615235,23.126784862076
113.23463576265,23.126646770216
113.23542456472,23.126652835626
113.23566414279,23.126674770803
113.23646282622,23.126461650457
113.23653271439,23.126442374058
113.23661257375,23.126423180744
113.23665254835,23.12641362563
113.23665254835,23.126413293279
113.23665254835,23.126413293279
113.23665290767,23.125603349457
113.2366529975,23.125353419138
113.23669315176,23.124993894213
113.23670312295,23.124954094653
113.23684307895,23.124595482625
113.23691305694,23.124466195938
113.23715290452,23.12399856926
113.23718290792,23.123948964841
113.23728279949,23.123750048441
113.23736274868,23.12360090249
113.23784235399,23.12269580316
113.23863169505,23.121204158071
113.23871164424,23.121065146397
113.23877156121,23.12097590631
113.238821507,23.120886499979
113.23901131895,23.120618696085
113.23910123934,23.120509762978
113.23912127155,23.120460074162
113.23914121393,23.120420356333
113.23936093946,23.120102862549
113.23943082763,23.120033730067
113.23976032609,23.119697539623
113.23976032609,23.119695794688
113.23976032609,23.119695794688
113.23979023966,23.119666130784
113.24045902811,23.119164086899
113.24098804023,23.118760589145
113.24105783857,23.118741560906
113.2413472726,23.118505244896
113.24172653719,23.118190156229
113.24191616948,23.118042665892
113.24191625931,23.118042250426
113.24191625931,23.118042250426
113.24200608986,23.117953423771
113.24218575096,23.117815821278
113.24226561032,23.117746936885
113.24233549849,23.117687940572
113.24246521381,23.117589724118
113.24306402426,23.117097892913
113.24344328885,23.116763190722
113.24351317702,23.116704277067
113.24377260765,23.116498037519
113.24388238058,23.116419679701
113.24397221113,23.116341072555
113.2439721213,23.116340241613
113.2439721213,23.116340241613
113.2439721213,23.116270276227
113.24399206368,23.116220668919
113.24400203487,23.116210863787
113.24407192304,23.116111981484
113.24417172479,23.116003460149
113.24441121303,23.115777027523
113.2444510978,23.115737723765
113.24445127746,23.115737225197
113.24445127746,23.115737225197
113.24445127746,23.115667176399
113.24453113682,23.115588402618
113.24476065388,23.115371857573
113.24490034038,23.115243974512
113.24529945752,23.114859992209
113.24561880513,23.114534923439
113.24595800529,23.114250155231
113.24606777822,23.114171962278
113.24616749014,23.114123600619
113.24624725967,23.114114875576
113.24624725967,23.114114210811
113.24624725967,23.114114210811
113.24626720205,23.114114460098
113.24633700039,23.114125511819
113.24639682753,23.114156423396
113.24671563616,23.114341311038
113.24671563616,23.114341394134
113.24671563616,23.114341394134
113.24692485151,23.114484567623
113.24700453121,23.114525782946
113.24700453121,23.114525866042
113.24700453121,23.114525866042
113.2470941821,23.114557276098
113.24712409567,23.114567746115
113.24723368895,23.114599488542
113.24727357371,23.114610124746
113.24884848293,23.114575640174
113.2499148614,23.114573479695
113.25119045522,23.114565253253
113.25151932487,23.114561015389
113.25236633714,23.114555780381
113.25258552368,23.114559602768
113.25343253595,23.11455453395
113.25480757219,23.11454896656
113.25554490135,23.114552124184
113.25554490135,23.114551376326
113.25554490135,23.114551376326
113.25559484714,23.114482324047
113.25562476071,23.11441293935
113.25564470309,23.114373385902
113.25567461667,23.114324027171
113.25571459126,23.114234865645
113.25574450484,23.114175452294
113.25583442522,23.113947188441
113.2558543676,23.113887608769
113.25601426598,23.113400666513
113.25615422198,23.112923361653
113.25623417117,23.112684874772
113.25626417457,23.112605517544
113.25629417798,23.112526160269
113.25636406615,23.112397526595
113.2564139221,23.112318501583
113.25649378146,23.112190033902
113.25666347137,23.111853241906
113.25684313247,23.111536558597
113.25720245468,23.110873191451
113.25724233944,23.110803971063
113.25725231063,23.110784276901
113.25728222421,23.110724945102
113.25781150581,23.109554673967
113.2578314482,23.109515119071
113.25783153803,23.109513124706
113.25783153803,23.109513124706
113.25787160245,23.10932382611
113.25831087385,23.108471895986
113.25833081623,23.108422368862
113.25848065359,23.108065207946
113.25851065699,23.107975876017
113.25862069942,23.10756802306
113.25878077746,23.106941033951
113.25881096052,23.106661734071
113.25882102155,23.106592012885
113.25883108257,23.106522291662
113.25887132665,23.106173186395
113.25888138768,23.106113437033
113.25891148091,23.105954049866
113.25893151312,23.105864467214
113.25895145551,23.105814939117
113.25900140129,23.105675911324
113.25900131146,23.105674581709
113.25900131146,23.105674581709
113.25901128265,23.105634776354
113.2590214335,23.105495083563
113.2590314047,23.105445389126
113.2590314047,23.105445222924
113.2590314047,23.105445222924
113.25908144031,23.105276112117
113.25911144372,23.10516675091
113.25915141831,23.105027556235
113.25917145052,23.104967972559
113.25935111163,23.104701299965
113.25948082694,23.10454373934
113.25958062868,23.104385596815
113.25979011353,23.104129393891
113.2597900237,23.104128812178
113.2597900237,23.104128812178
113.26004945433,23.103783440213
113.26008933909,23.103744216006
113.26012922386,23.103685047266
113.26026891037,23.103517596262
113.26029882394,23.103468233495
113.26045845283,23.103251170062
113.26057819695,23.103093358409
113.26070791227,23.102935712773
113.26075785805,23.102856682128
113.2608176852,23.102777817641
113.26094740052,23.102610199288
113.26156606352,23.101751162297
113.26170575003,23.101563680911
113.2618853213,23.1013269188
113.26188550096,23.101325755348
113.26188550096,23.101325755348
113.26204512985,23.101118577765
113.26209498581,23.101049518499
113.26234444525,23.100703889213
113.26244424699,23.100595687698
113.26250416397,23.100496793764
113.26275362341,23.100161135566
113.2630529388,23.099776361693
113.26348205934,23.099223714764
113.26374148997,23.098918137422
113.26395088499,23.09877170604
113.26400074094,23.098702645553
113.26425020038,23.098376872376
113.26431011736,23.098297922124
113.26434003094,23.098258530086
113.26442986149,23.098140104584
113.26463943616,23.097873667595
113.26501870075,23.097369962271
113.26546776367,23.096807332551
113.26557753661,23.096649180813
113.26561742137,23.096609871393
113.26573716549,23.096441912828
113.26588691302,23.096234395199
113.2659168266,23.096194919442
113.2660964877,23.095957898439
113.26623617421,23.095780215516
113.26704455933,23.094702893436
113.26709441529,23.094643720667
113.26709459495,23.094641642971
113.26709459495,23.094641642971
113.26649686246,23.094172581487
113.26649686246,23.094172581487
113.2664613794,23.094212639602
