113.27926223291,23.109412243047
113.27932214989,23.109555837346
113.27932214989,23.109555837346
113.27983166877,23.109349171196
113.27983166877,23.109349088098
113.27983166877,23.109349088098
113.27967203988,23.109208152734
113.27951250082,23.109037301645
113.27930310581,23.10883611922
113.27917348033,23.108725348262
113.27922351594,23.108665766246
113.27926349054,23.108616156095
113.27926313122,23.1086156575
113.27926313122,23.1086156575
113.27919333288,23.108525245653
113.27866459025,23.108131770581
113.27840524945,23.107980030992
113.27832547992,23.10792950649
113.27828568499,23.107909313303
113.27823582903,23.107889037014
113.27826583244,23.107859370471
113.27828586465,23.107829620822
113.27829592567,23.107789816113
113.27829538669,23.107789151316
113.27829538669,23.107789151316
113.27832539009,23.107749346595
113.27833536128,23.10772948578
113.27834533248,23.107699653002
113.27888566324,23.106603813136
113.27935610584,23.105567215254
113.27938610924,23.105497493493
113.27956630932,23.105098774066
113.27962640596,23.10496921908
113.27964643818,23.104919441345
113.27970644498,23.104809913642
113.27973644839,23.104740191483
113.27984658064,23.104520969487
113.27987658405,23.104471274685
113.27999677733,23.10418216359
113.28028710967,23.103544022787
113.28049740299,23.103055380537
113.28062756745,23.102766183256
113.28062756745,23.102764936714
113.28062756745,23.102764936714
113.28053764707,23.10271449333
113.28004851972,23.102461860609
113.27997872138,23.102421555673
113.27922019221,23.102026982171
113.27844172066,23.101661743016
113.27750371004,23.101204756366
113.27740399813,23.101154063078
113.27719451329,23.101042454673
113.27685531313,23.100869681685
113.27594748558,23.10042175067
113.27563828882,23.100278977535
113.27513963943,23.100034235105
113.2748405037,23.099901350996
113.27443168486,23.099707218625
113.27432209159,23.099646136677
113.27413263896,23.099564195407
113.27394327616,23.09947228151
113.27359428447,23.099308564916
113.27352457596,23.099267843498
113.27356455055,23.099208423448
113.27356302343,23.099206761348
113.27356302343,23.099206761348
113.27367297603,23.098988028848
113.27373289301,23.098888801296
113.27379280998,23.098789573669
113.273872849,23.098580563811
113.27429262717,23.097845328508
113.27477250197,23.096920606643
113.27477250197,23.096920108005
113.27477250197,23.096920108005
113.27421375595,23.096884289135
113.27349538103,23.096906395446
113.27328589618,23.096924014006
113.27328580635,23.096924014006
113.27328580635,23.096924014006
113.27327601482,23.096703948042
113.27330601823,23.096584357661
113.27335596401,23.096495018008
113.27354577597,23.096267305505
113.27361575397,23.096118211779
113.27384554052,23.095790853228
113.27384554052,23.0957905208
113.27393528124,23.095733509302
