113.28275664134,23.145713053529
113.28275457524,23.145710062799
113.28275457524,23.145710062799
113.28323427038,23.145671681746
113.28346414676,23.14565240814
113.28414380471,23.145584119737
113.2842537573,23.145574399852
113.28468359649,23.145535271077
113.28523344929,23.145486090095
113.28544338329,23.145426358439
113.28544329346,23.145425859982
113.28544329346,23.145425859982
113.28559322065,23.145445964382
113.28567316984,23.14545601658
113.28576318005,23.145476037899
113.28587313265,23.145496142291
113.28600311745,23.145526215796
113.28600320729,23.145526215796
113.28600320729,23.145526215796
113.28628329894,23.145686303101
113.28632327354,23.145706324385
113.28645334818,23.145776357317
113.286593394,23.145866328396
113.28672346864,23.145956299414
113.28683351107,23.146056239448
113.28711369256,23.146416122638
113.28711369256,23.146416205713
113.28711369256,23.146416205713
113.28736396047,23.146835985123
113.28750409613,23.14705588487
113.28785443528,23.147555497065
113.28795459634,23.147725384721
113.28818492188,23.148215108552
113.28821492528,23.148275088175
113.28829514396,23.148604975611
113.28837545248,23.148984872667
113.28843563894,23.149264831095
113.28844569997,23.14931484141
113.28844569997,23.14931484141
113.28844569997,23.14931484141
113.28849573558,23.149344747902
113.28856589324,23.149504664446
113.28859589665,23.149554591598
113.28875606452,23.149724310543
113.28892620358,23.149843936101
113.28917638167,23.149943374764
113.28922641728,23.149953260475
113.28950659877,23.150022543504
113.28975677686,23.150041816474
113.28982684469,23.150041650328
113.28989691252,23.150051452958
113.29017709401,23.15006050793
113.29017718384,23.150060258711
113.29017718384,23.150060258711
113.29032729069,23.150029770868
113.29062750439,23.150038659695
113.29256946124,23.150109437995
113.29267959349,23.150158783407
113.29275972235,23.150208294947
113.29275972235,23.150208294947
113.29275972235,23.150208294947
113.29318021915,23.150205802756
113.29424165694,23.150218762149
113.29430175358,23.150218429857
113.29518308112,23.150221835852
113.2953032744,23.150240859574
113.29551365755,23.150239281187
113.29582420176,23.150246674685
113.29592436283,23.150245927028
113.29692615313,23.150247006977
113.29750726696,23.150271513514
113.29764758228,23.150280153105
113.29772771114,23.150289374207
113.29798821973,23.150306736461
113.29831897582,23.150343371638
113.29846935217,23.15038183441
113.29872995059,23.150439071646
113.29884017268,23.150467897937
113.29918098979,23.150574231174
113.29968224426,23.15078864192
113.29981258839,23.150847125069
113.30032399372,23.151081223555
113.30123667212,23.151610228119
113.30136710608,23.151698616867
113.30148747902,23.151777119982
113.3015676977,23.151826132485
113.3025909575,23.152512970195
113.30267126602,23.152581919599
113.30275157453,23.152640817315
113.30301244245,23.152807375593
113.30313281539,23.152905732104
113.30366461225,23.153268504177
113.30366461225,23.153268338035
113.30366461225,23.153268338035
113.30504944002,23.1542187513
113.30516990279,23.154297003709
113.30550110803,23.154502104551
113.30550110803,23.154502104551
113.30550110803,23.154502104551
113.30566172506,23.154669740402
113.30619370158,23.155071799755
113.30635431861,23.155169323885
113.30639447286,23.155208699025
113.30668561368,23.155424265246
113.3070270596,23.155849000284
113.30710745795,23.155967789616
113.30716773425,23.156076859728
113.30724813259,23.156235605176
113.30734865298,23.156414037822
113.30743911234,23.156592636366
113.30795177529,23.157674689187
113.30817284828,23.158061205682
113.30839383144,23.158357675446
113.30847422978,23.158456360106
113.30858472136,23.158574565626
113.30863493663,23.158613773618
113.30873536719,23.158692189566
113.30873518753,23.158692355702
113.30873518753,23.158692355702
113.30894610966,23.158878925663
113.30899632494,23.158938152849
113.30933777087,23.159242595118
113.30937792512,23.159291937128
113.31000072033,23.160011713683
113.31008111867,23.160100429092
113.31026185774,23.160257425315
113.31044259681,23.160384434293
113.31055308839,23.160472567985
113.31117552428,23.160772105808
113.31151688037,23.160916309022
113.31205900775,23.161116997105
113.31223974681,23.16119391638
113.31257104189,23.161298164355
113.31297258445,23.161421185166
113.31350474063,23.161631923455
113.31373569498,23.161737915466
113.31415735959,23.161900558216
113.31457902419,23.162073168638
113.31460911743,23.16207275331
113.31483998194,23.162088701904
113.31531168217,23.162120349889
113.31585362988,23.162060791864
113.31594390958,23.162039277871
113.31600409605,23.162028313209
113.31662617262,23.1618373452
113.31700732365,23.161640645371
113.31707757114,23.161609495667
113.31865248036,23.160791543347
113.31890328725,23.160657141843
113.32016720311,23.159974915046
113.32020735736,23.159944263351
113.32060863043,23.159767330668
113.32062866265,23.159757030354
113.32072900337,23.159715330689
113.32073906439,23.159705279572
113.32077921865,23.159744570296
113.32079934069,23.159774225232
113.32083949495,23.159753624605
113.3208896204,23.159732857841
113.32090965261,23.159722557524
113.32145142066,23.159533247534
113.32215371591,23.159341279119
113.32378908109,23.159113923696
113.32397970152,23.1591108502
113.32434091017,23.159124971667
113.32434091017,23.159123310318
113.32434091017,23.159123310318
113.32441115766,23.159132115467
113.32456171366,23.159159693854
113.3253545581,23.159427004556
113.32555523955,23.15949387368
113.32573588879,23.1595710431
113.32598678552,23.159677119829
113.32618746697,23.159764007986
113.32632796195,23.159841841785
113.32640827047,23.159870582962
113.3264083603,23.159870666029
113.3264083603,23.159870666029
113.3268699995,23.160103668698
113.32725142002,23.16030792988
113.32735176074,23.160376459893
113.32760265747,23.160542759244
113.32766293377,23.16059185157
113.32826533745,23.16118311778
113.32840592226,23.161311122663
113.32857660031,23.161508736707
113.3287674004,23.161736088019
113.3287674004,23.161736004953
113.3287674004,23.161736004953
113.32884761908,23.161774879745
113.32889774453,23.161774215219
113.32895793099,23.161783352455
113.32895793099,23.161783352455
113.32895793099,23.161783352455
113.32906842257,23.161881785366
113.3293193193,23.162098337512
113.32938956679,23.162157397127
113.32981105174,23.162451698021
113.33059356567,23.16285132486
113.33068384537,23.162900167135
113.3306839352,23.16290008407
113.3306839352,23.16290008407
113.33121564223,23.163213239042
113.33129586091,23.163252196466
113.33148648134,23.163369816251
113.33256983779,23.163996704685
113.3332117669,23.164419335625
113.33326189235,23.164458791079
113.33387381807,23.164952107849
113.33404440628,23.165140330264
113.33407449952,23.165169983991
113.33422505552,23.165348404599
113.33433545727,23.165467268474
113.33473682017,23.165913152414
113.33479700664,23.16597254258
113.33507781694,23.166199720101
113.33535862724,23.166396994597
113.33573968844,23.166653326408
113.33628109717,23.167028354071
113.33708310433,23.167541430062
113.3370830145,23.167541430062
113.3370830145,23.167541430062
113.33716305352,23.167440758679
113.33744314518,23.167068473246
113.33772323684,23.166706237352
113.33788331488,23.166495008763
113.33793335049,23.166424654534
113.33809333871,23.166153453997
113.33818343875,23.166112836166
113.33920499177,23.166135595443
113.33950538514,23.166123717427
113.33977577509,23.166132023732
113.33977559543,23.166131359228
113.33977559543,23.166131359228
113.3398154802,23.165941061642
113.34000547181,23.165679910779
113.34027541262,23.165278298951
113.34032535841,23.165198059503
113.34034521096,23.165047963428
113.34034521096,23.165047714237
113.34035599062,23.165043394923
