113.29592580011,23.124319294203
113.29592319503,23.124315472097
113.29592319503,23.124315472097
113.29596316962,23.124425149882
113.29616322226,23.124923351769
113.29634324268,23.125391722984
113.29645328511,23.125630685557
113.29652335294,23.1257700248
113.29661336315,23.125999182283
113.29719375834,23.127463686999
113.29738383979,23.128031836693
113.29741384319,23.128141511405
113.29748391102,23.128290818424
113.29755397885,23.128440125274
113.29768414332,23.128648838854
113.29773417894,23.128738323039
113.2977343586,23.128738323039
113.2977343586,23.128738323039
113.29781448745,23.128767486395
113.29783451966,23.128807284812
113.29785455187,23.128837112844
113.29785455187,23.128837112844
113.29785455187,23.128837112844
113.29799477736,23.128925682952
113.29851579456,23.1291903128
113.29878636418,23.129297410883
113.29878636418,23.129297410883
113.29878636418,23.129297410883
113.29890655746,23.129356152774
113.29902684056,23.129394870895
113.29916715589,23.129453363485
113.29938760006,23.129530882743
113.29942766448,23.129540437633
113.29952791538,23.129579321872
113.29960813406,23.129598431643
113.2996682307,23.129627760982
113.30019939875,23.129791606349
113.30040987173,23.129859155116
113.30074062782,23.129965172545
113.30123182127,23.130139153941
113.3012619145,23.130148791872
113.30165285706,23.130273835658
113.30165285706,23.130273752572
113.30165285706,23.130273752572
113.30173307574,23.130292696072
113.30179326221,23.130301918565
113.30179326221,23.13030200165
113.30179326221,23.13030200165
113.30335739177,23.130631186052
113.30630598977,23.131188271877
113.30633608301,23.131187856453
113.30636617624,23.131197411223
113.30666710859,23.131252745791
113.3071185071,23.131345717783
113.30732915975,23.131392411466
113.30732915975,23.131422405087
113.30732915975,23.131462368876
113.30731918855,23.131482558478
113.30730921736,23.13149269482
113.3073090377,23.13149269482
113.3073090377,23.13149269482
113.3066268645,23.131363331772
113.3063460542,23.131307747996
113.30630598977,23.131298442488
113.30627598637,23.131298940998
113.30627580671,23.131298691743
113.30627580671,23.131298691743
113.30624571347,23.131429134957
113.30619558802,23.131589903965
113.30617555581,23.131680217011
113.3061555236,23.131790553383
113.30614555241,23.131910693634
113.306115549,23.132041136246
113.30605536253,23.132312074281
113.30601529811,23.132462705951
113.30600532692,23.132502835594
113.30597532351,23.132663270964
113.30592519806,23.132854031772
113.30591522687,23.132934207727
113.30588522347,23.133034656083
113.30585522007,23.133135104362
113.30582521666,23.13325557573
113.30580527428,23.133315894457
113.30575514883,23.13352667745
113.30569505219,23.133757566281
113.30567501998,23.134007896177
113.30565498777,23.134328181499
113.30565498777,23.134358174456
113.30562498436,23.134748580774
113.30562498436,23.135098607848
113.30563495555,23.135378429445
113.30563324877,23.13537826328
113.30563324877,23.13537826328
113.30473045174,23.135461594836
113.30473045174,23.135461594836
113.30469326189,23.135427863425
