113.27985511455,23.141559195606
113.27985574336,23.141566091118
113.27985574336,23.141566091118
113.27985574336,23.141636126238
113.27985583319,23.141636126238
113.27985583319,23.141636126238
113.27967608226,23.14173507259
113.2791569515,23.141991784443
113.27889743104,23.142120057105
113.27875774454,23.142189094996
113.27866800382,23.142228473993
113.27862811905,23.142258215928
113.27848843254,23.142327253747
113.27843857659,23.142346860148
113.27835880706,23.142386322177
113.27825909515,23.142455609162
113.27825828667,23.142455443006
113.27825828667,23.142455443006
113.27821822225,23.142285216283
113.27815830527,23.14190480155
113.27812830186,23.141394617073
113.27811824084,23.140894566256
113.27811824084,23.140594651171
113.27811824084,23.140204677466
113.27810835948,23.140124672067
113.2781078205,23.14012425667
113.2781078205,23.14012425667
113.2781078205,23.139844195852
113.27809775948,23.13886418603
113.27809775948,23.138774293278
113.27808787812,23.138634303057
113.27808787812,23.138584371791
113.27807799676,23.138534357426
113.27805805437,23.138274315655
113.27792824923,23.13747341703
113.27791836787,23.137403462792
113.27789851532,23.137263388042
113.27787866276,23.137133282893
113.277838778,23.136913034357
113.27782889664,23.136763072395
113.27784883902,23.136153336111
113.27784785088,23.136152172965
113.27784785088,23.136152172965
113.2778678831,23.136002376306
113.27787785429,23.135912564695
113.27792780008,23.135713001583
113.27785800174,23.135592532447
113.27777823221,23.13553196551
113.27777805255,23.135531633181
113.27777805255,23.135531633181
113.27774804914,23.135531383934
113.27759839144,23.135510281044
113.27741882017,23.135498898775
113.27733905064,23.135488347328
113.27724930992,23.135487682669
113.27705967763,23.135476217316
113.27695996572,23.135475469576
113.27670053509,23.135453286607
113.2765409062,23.135461927165
113.27606183987,23.135447720094
113.27581238043,23.135435506996
113.27571266852,23.135434676173
113.27565284137,23.135444147555
113.27473477314,23.13544506146
113.27446546115,23.135442319745
113.27414620337,23.135399033862
113.27410640844,23.135438581041
113.27380718287,23.135495326238
113.27372741334,23.135494495415
113.27322867412,23.135498898775
113.27301927911,23.135466579772
113.27274996712,23.135403520308
113.27253060091,23.135351012272
113.27218151939,23.135336888272
113.27205189391,23.135335392789
113.2719821854,23.135334645048
113.2719821854,23.135264689681
113.27197993963,23.135263111115
113.27197993963,23.135263111115
113.27195002606,23.134962767876
113.27193017351,23.134562641496
113.27185058364,23.133621724934
113.27183073109,23.133361590444
113.27181087854,23.133101455443
113.27179102599,23.132891336445
113.27177117343,23.132621147351
113.2717613819,23.132331100574
113.27179138531,23.132011558188
113.2718013565,23.131941767236
113.27185130229,23.131782494178
113.27185085313,23.131781580248
113.27185085313,23.131781580248
113.27106285954,23.131751669793
113.27066401189,23.131726578239
113.27063418815,23.131736216055
113.27051462369,23.131724750377
113.27045488637,23.131724002616
113.27041509144,23.131723587192
113.26982679116,23.131705723997
113.26974711146,23.131704726981
113.26967740295,23.13170381305
113.26878008558,23.13165130355
113.26875026184,23.131650971211
113.26866061095,23.131629784618
113.2686307872,23.131619399033
113.26862961941,23.131618568186
113.26862961941,23.131618568186
113.26800152419,23.131579435291
113.26762279859,23.131543958113
113.26687522875,23.131512801333
113.26687495925,23.131512635164
113.26687495925,23.131512635164
113.26690469317,23.132123057465
113.26692463555,23.132223340266
113.26691475419,23.132403217678
113.26692463555,23.132643330794
113.26692463555,23.132763304105
113.26695445929,23.133273771052
113.26695445929,23.133353780585
113.26700413559,23.134534476409
113.26701410678,23.135044604206
113.26706396273,23.135465333538
113.26707393392,23.136125503689
113.26707393392,23.136255526745
113.26709387631,23.136765814084
113.2671038475,23.13695598742
113.26710366784,23.13695598742
113.26710366784,23.13695598742
113.26653539977,23.136867256513
113.26596731137,23.136888442269
113.26586768929,23.136886946804
113.26586759945,23.136886863722
113.26586849776,23.136881795758
