113.33464276758,23.097969073041
113.33464393538,23.097945720321
113.33464393538,23.097945720321
113.33398260286,23.097962757004
113.33398251303,23.097962757004
113.33398251303,23.097962757004
113.33397191303,23.09862269823
113.3339718232,23.098842677911
113.33397173337,23.099002655349
113.33397164354,23.099212578697
113.33404997578,23.10112132019
113.33403937577,23.101801273633
113.33402931475,23.101901330042
113.33402922492,23.102041275924
113.33394909607,23.102042106956
113.33394846725,23.102042273162
113.33394846725,23.102042273162
113.33367789763,23.102045181775
113.33232478004,23.102050832793
113.33201405617,23.102054572437
113.33153292374,23.102050666586
113.33045019611,23.102064627924
113.32975841103,23.102064046202
113.32964818895,23.102065542059
113.32955799907,23.102066788607
113.32929731082,23.102070445148
113.32921718196,23.102071525489
113.32788337794,23.102090639222
113.32730172513,23.102099281952
113.32649935864,23.102111498119
113.32595777025,23.102119891538
113.32566698876,23.102104517452
113.32543639374,23.102068284465
113.32531611063,23.10205025107
113.32500520709,23.102005292228
113.32462414589,23.101941552033
113.32462243911,23.101941053413
113.32462243911,23.101941053413
113.3242613203,23.101897008671
113.32309765534,23.101756314707
113.32233517362,23.10171925059
113.32231523124,23.101719583004
113.32224507358,23.101720746452
113.32215488371,23.101712353007
113.3218840446,23.101697061977
113.32182394796,23.101698059218
113.32177382251,23.101698890253
113.32147289017,23.101694153357
113.32142276472,23.101694984391
113.32140282234,23.101695316805
113.32126241718,23.101687837496
113.32003820644,23.101659166809
113.31866343968,23.101643377153
113.31853309555,23.10164570405
113.31850309215,23.10164620267
113.3184529667,23.101647116808
113.31835271581,23.101638972669
113.31736934077,23.101616451629
113.31724896783,23.101608639902
113.31607488253,23.101529525364
113.31536243643,23.101472267018
113.31481060735,23.10144210042
113.31446952075,23.101418249688
113.31446736482,23.101417003134
113.31446736482,23.101417003134
113.31446718516,23.101576977472
113.3144670055,23.101816897064
113.3144670055,23.10187689767
113.3144670055,23.101956843034
113.31449691907,23.102116318102
113.31456671741,23.102525018835
113.31462663438,23.102843884311
113.31465654796,23.103003358314
113.31467640051,23.103222998328
113.31469616323,23.103532554673
113.31469598357,23.103812525952
113.3146854734,23.104372549841
113.3146852039,23.104742435224
113.31461504624,23.104743681747
113.31461450726,23.104743681747
113.31461450726,23.104743681747
113.31461468692,23.104603738714
113.3146154954,23.10381402179
113.31461576489,23.103544188992
113.31460588353,23.10346449389
113.3146057937,23.103464161481
113.31461953777,23.10347056036
