113.27402511179,23.134613654354
113.27403517281,23.1346168115
113.27403517281,23.1346168115
113.27403517281,23.13455690878
113.27408502877,23.134557407277
113.2740851186,23.134557324194
113.2740851186,23.134557324194
113.27409508979,23.134687431871
113.27414494574,23.135397953792
113.27414485591,23.135397953792
113.27414485591,23.135397953792
113.27446420352,23.135441322757
113.27473360534,23.135444147555
113.27565176341,23.135443316732
113.27571168038,23.135433928433
113.27581148212,23.135434842338
113.2760610314,23.135447138518
113.27654018755,23.135461428671
113.27669990627,23.135452871196
113.27695942674,23.135475137247
113.27705922848,23.13547596807
113.2772489506,23.135487516505
113.27733878115,23.135488264245
113.27741864051,23.135498898775
113.27759830161,23.135510364126
113.27774804914,23.135531550099
113.27777796272,23.135531799345
113.27795771365,23.135553151479
113.27805751539,23.135563869085
113.27805760522,23.135563786003
113.27805760522,23.135563786003
113.27795771365,23.136013010795
113.27794783229,23.136172943426
113.27792797974,23.136422770272
113.27792797974,23.136762740069
113.27793795093,23.136882792734
113.27796795433,23.13711301107
113.27798789671,23.13725316906
113.2780078391,23.137393326901
113.27801781029,23.137463364226
113.27813773407,23.138254293249
113.27815776629,23.138534440506
113.27815776629,23.138564432511
113.27816773748,23.138614529945
113.27817770867,23.138774625599
113.27817770867,23.138864601431
113.27822783412,23.140115034861
113.27823798497,23.140835164846
113.2782380748,23.141055157628
113.27824813582,23.141395281702
113.27826816803,23.141705413615
113.27827822905,23.141895496787
113.27827822905,23.141925488031
113.27835826808,23.142356081802
113.27835826808,23.142386072943
113.27840821386,23.142506452826
113.27847810203,23.142616946343
113.2785479902,23.14271747044
113.27872783096,23.142918767637
113.27910745487,23.14326137925
113.27947710759,23.143603823824
113.27968695175,23.143795150428
113.28074614378,23.144781271447
113.28105596935,23.145102859959
113.28112594735,23.145163173295
113.28122592875,23.145273664596
113.28124596097,23.145303738152
113.28127596437,23.14532384257
113.28129599658,23.145353916115
113.28137594577,23.145444302861
113.28141592037,23.145524471201
113.28156584756,23.145625159244
113.28164579675,23.145675503237
113.28178566292,23.145726096438
113.28188555449,23.145756502195
113.28194547147,23.145766720522
113.28199541725,23.145766886673
113.28206539525,23.145787157173
113.28206512576,23.145787572552
113.28206512576,23.145787572552
113.28233488691,23.145758579091
113.28252469886,23.145739388573
113.28323418055,23.145671764822
113.28346405693,23.145652491216
113.28414371488,23.145584202813
113.28425366747,23.145574482928
113.28468350666,23.145535354153
113.28523335946,23.145486173171
113.28544329346,23.145426441515
113.28544329346,23.145425859982
113.28544329346,23.145425859982
113.28559322065,23.145445964382
113.28567316984,23.14545601658
113.28576318005,23.145476037899
113.28587313265,23.145496142291
113.28600311745,23.145526215796
113.28600320729,23.145526215796
113.28600320729,23.145526215796
113.28628329894,23.145686303101
113.28632327354,23.145706324385
113.28645334818,23.145776357317
113.286593394,23.145866328396
113.28672346864,23.145956299414
113.28683351107,23.146056239448
113.28711369256,23.146416122638
113.28711369256,23.146416205713
113.28711369256,23.146416205713
113.28736396047,23.146835985123
113.28750409613,23.14705588487
113.28785443528,23.147555497065
113.28795459634,23.147725384721
113.28818492188,23.148215108552
113.28821492528,23.148275088175
113.28829514396,23.148604975611
113.28837545248,23.148984872667
113.28843563894,23.149264831095
113.28844569997,23.14931484141
113.28844569997,23.14931484141
113.28844569997,23.14931484141
113.28849573558,23.149344747902
113.28856589324,23.149504664446
113.28859589665,23.149554591598
113.28875606452,23.149724310543
113.28892620358,23.149843936101
113.28917638167,23.149943374764
113.28922641728,23.149953260475
113.28950659877,23.150022543504
113.28975677686,23.150041816474
113.28982684469,23.150041650328
113.28989691252,23.150051452958
113.29017709401,23.15006050793
113.29017718384,23.150060258711
113.29017718384,23.150060258711
113.29032729069,23.150029770868
113.29062750439,23.150038659695
113.29256946124,23.150109437995
113.29267959349,23.150158783407
113.29275972235,23.150208294947
113.29275972235,23.150208294947
113.29275972235,23.150208294947
113.29318021915,23.150205802756
113.29424165694,23.150218762149
113.29430175358,23.150218429857
113.29518308112,23.150221835852
113.2953032744,23.150240859574
113.29551365755,23.150239281187
113.29582420176,23.150246674685
113.29592436283,23.150245927028
113.29692615313,23.150247006977
113.29750726696,23.150271513514
113.29750735679,23.150341544033
113.29750735679,23.150381585191
113.29750735679,23.150431595085
113.29750744663,23.150431345866
113.29750744663,23.150431345866
113.29692633279,23.150406839359
113.29615504768,23.150413734411
113.2953838524,23.150420131025
113.29512352346,23.150422207847
113.29473303006,23.150425198472
113.29430247223,23.150428355242
113.29424246542,23.150428770607
113.2940021687,23.150420546389
113.29350154304,23.15041398363
113.29291090716,23.150417638838
113.29291000886,23.150417472692
113.29291000886,23.150417472692
113.29278002405,23.15066826956
113.29278002405,23.15066826956
113.29302427332,23.150830427468
