113.27882206321,23.093830341748
113.27882808186,23.093835577574
113.27882808186,23.093835577574
113.27882817169,23.09375571043
113.2788482039,23.093655980318
113.27888826833,23.09352633106
113.27891827173,23.093436656916
113.27891827173,23.093436241373
113.27891827173,23.093436241373
113.27873870046,23.093275010601
113.27870887672,23.093254898295
113.27822990022,23.092931605024
113.27812021712,23.092860879322
113.27786078648,23.092728985345
113.27761132704,23.092627093625
113.27739178118,23.092565426658
113.27731201165,23.092544898698
113.27736204727,23.092405441467
113.27748179139,23.092446414316
113.27748125241,23.092445666333
113.27748125241,23.092445666333
113.2777008881,23.092507416465
113.27793049499,23.092599168964
113.27814006967,23.092710784464
113.27819998664,23.092741202373
113.27831973077,23.092822067434
113.2787987971,23.093125414863
113.27884865305,23.09316572262
113.27895842599,23.093276423448
113.27899831075,23.09330667501
113.27901825313,23.093316814268
113.27932762955,23.093578855646
113.27944737368,23.093689639239
113.28010610111,23.094233582844
113.28027579102,23.094334559143
113.28063511322,23.094666492213
113.28079483194,23.094797303867
113.28197286979,23.095752623947
113.28228242586,23.095993800666
113.28248211918,23.096164502324
113.28285159223,23.096455708542
113.28299136857,23.096596158801
113.28331098567,23.096827111893
113.28337090265,23.096877308194
113.28337090265,23.0968773913
113.28337090265,23.0968773913
113.28374046554,23.09716826353
113.28408011485,23.097418994881
113.28421998102,23.097509248079
113.28460957612,23.097829953927
113.28489936947,23.098000403909
113.28513921705,23.09812065786
113.28522913743,23.098160714784
113.28525914083,23.098170770566
113.2853590324,23.098220883254
113.28545901381,23.098260940148
113.285748897,23.098361165435
113.28583881738,23.098401222287
113.28616867516,23.098521309664
113.28745837238,23.098970742982
113.28763830297,23.099040551275
113.28774825557,23.099080441711
113.28774816574,23.099080524816
113.28774816574,23.099080524816
113.28815815237,23.09919994674
113.28854810679,23.099349203216
113.28878813403,23.099438707159
113.28892809002,23.099508348996
113.2893981733,23.09967713473
113.28952824794,23.099716775661
113.28969829717,23.099786251144
113.28984831419,23.099835781489
113.28988828878,23.099845670935
113.2899383244,23.099875505478
113.28998836002,23.099895367468
113.29001836342,23.099915229455
113.29004836683,23.099925118895
113.29008834142,23.09995495342
113.29010837363,23.099974898502
113.29013837704,23.099994760477
113.29015831942,23.100024678091
113.2901782618,23.100054595698
113.29019820418,23.100084513298
113.29021814657,23.100134459055
113.29021814657,23.100154487215
113.29022811776,23.100174432267
113.29023808895,23.100234350511
113.29024806014,23.100274323694
113.29024806014,23.100304324349
113.29024806014,23.100334324997
113.29023808895,23.100374381253
113.29023808895,23.100444355017
113.29023808895,23.100474355634
113.29023808895,23.100554301842
113.29022811776,23.100654276087
113.29021814657,23.100754250256
113.29010783465,23.101064560292
113.29005779903,23.101194700814
113.28997758035,23.101434953511
113.28989727184,23.101745178852
113.28985720741,23.101905235897
113.28983708537,23.102105265381
113.28982702435,23.10224529415
113.28981705316,23.102295322197
113.28981678367,23.102615268562
113.28980663281,23.102875214029
113.28979585315,23.103725102511
113.28979576332,23.103905101662
113.28980537519,23.104295015883
113.28981525655,23.104394987312
113.28987472437,23.104924676734
113.28990454811,23.105104508056
113.28998413798,23.105544196274
113.29004396513,23.105783942497
113.29013361602,23.106163546723
113.29021338555,23.106423235941
113.29040292801,23.107042416088
113.29070233324,23.107881059457
113.2907821926,23.108080664441
113.29141109628,23.109737573658
113.29144109969,23.109797404488
113.29146104207,23.109867290187
113.29162076079,23.110286437415
113.29166073539,23.110376266377
113.29173062355,23.110555924118
113.2917290066,23.110556007216
113.2917290066,23.110556007216
113.29177895239,23.110715721249
113.29183886937,23.110875351991
113.29194873213,23.111164780901
113.29195870332,23.111214722489
113.29216836783,23.111763497041
113.29257772565,23.112841013095
113.29266764603,23.113070442198
113.29271759182,23.113220098563
113.29274759522,23.113289899365
113.29279754101,23.113409557795
113.29286742918,23.11360907137
113.2930571513,23.114107812445
113.29306712249,23.114157752926
113.2930871547,23.114187584253
113.29352651593,23.115504560008
113.29389607882,23.116591933888
113.29418560268,23.117639746382
113.29422557728,23.117769455189
113.29437523497,23.118418246597
113.29441511974,23.118597893452
113.29442509093,23.118657803381
113.29444512314,23.118697687923
113.29444512314,23.118727684415
113.29446506553,23.118797565412
113.29455480625,23.119286814452
113.29457474863,23.119366666239
113.29479420466,23.120484835481
113.29500368951,23.121583053466
113.29503360308,23.121732783322
113.29512352346,23.122062072082
113.29524344725,23.122461072912
113.29525341844,23.122490985462
113.29526338963,23.122520898006
113.29539328461,23.122929785182
113.29555327282,23.12336841727
113.29555318299,23.123368666539
113.29555318299,23.123368666539
113.29558318639,23.123408383486
113.29596316962,23.124425066792
113.29616322226,23.12492326868
113.29634324268,23.125391639896
113.29645328511,23.125630602469
113.29652335294,23.125769941712
113.29661336315,23.125999099195
113.29661345298,23.125999182283
113.29661345298,23.125999182283
113.29677371069,23.126047705789
113.29687387175,23.126116752049
113.29697403281,23.126235817296
113.29708416507,23.126384794108
113.29745462626,23.126961174097
113.29765485856,23.127269179503
113.29765485856,23.12726926259
113.29765485856,23.12726926259
113.29778511286,23.127227968138
113.29808577571,23.127075004072
113.29833631312,23.126972557099
113.29856681831,23.126870276223
113.29879732351,23.126777882708
113.29904795074,23.126665298795
113.29922842032,23.126573403664
113.29969967139,23.126268221636
113.29993026642,23.126115671903
113.30014082923,23.126003336694
113.30077251766,23.125745929175
113.30077260749,23.125745098292
113.30077260749,23.125745098292
113.30093304486,23.125683114353
113.30112357545,23.125650876047
113.30134419929,23.12553820809
113.30167513504,23.125324171942
113.302026103,23.125229783221
113.302026103,23.125229450866
113.302026103,23.125229450866
113.30216632849,23.125457612221
113.30229667262,23.125436009196
113.30243707777,23.125384245011
113.30257748292,23.12532251017
113.30292854072,23.125147940834
113.30292854072,23.12514752539
113.30292854072,23.12514752539
113.30318895948,23.125673974628
113.30322902391,23.125813396914
113.30323890527,23.126023277862
113.30322884425,23.126173418147
113.30321878323,23.126343499381
113.3032087222,23.126533604577
113.30319866118,23.126733680032
113.30318860016,23.126903760548
113.3031584171,23.127294105725
113.30315805777,23.127294188812
113.30315805777,23.127294188812
113.30293743394,23.127367139529
113.30293743394,23.127367139529
113.30293743394,23.127367139529
113.30316793913,23.127673980771
113.30384948352,23.128594500239
113.30404001412,23.128741812672
113.30425057693,23.128798809993
113.30443113634,23.128766323185
113.3046618212,23.128673100125
113.30503300103,23.128507757816
113.3050329112,23.128507508556
113.30503461798,23.128523544276
