113.2754624006,23.082078301527
113.27540077685,23.081978230187
113.27540077685,23.081978230187
113.27542080906,23.081838512518
113.27549078706,23.081469311404
113.27560073965,23.08088051579
113.27561071084,23.080810697955
113.27562068203,23.080770885149
113.27562068203,23.08077038645
113.27562068203,23.08077038645
113.27658887571,23.080889326133
113.27765696096,23.08112828569
113.27796642721,23.081190706012
113.2782360087,23.081242736777
113.27831586806,23.081303328489
113.27835575282,23.081343639832
113.27836572401,23.081383701814
113.27836572401,23.081423680668
113.27836572401,23.08150363834
113.27836581384,23.08150363834
113.27836581384,23.08150363834
113.27858553937,23.081325271159
113.2791548854,23.080879269043
113.27921480238,23.080839788724
113.27935466855,23.080730822982
113.27949453471,23.080611800041
113.27953450931,23.080582127406
113.27959442629,23.080532589882
113.27964437207,23.080592932568
113.27958454493,23.080642553186
113.27958427544,23.080641971369
113.27958427544,23.080641971369
113.2794045245,23.080780859131
113.27920483119,23.080939528455
113.27911500064,23.08100893064
113.2786856106,23.081345967084
113.27861581227,23.081395504304
113.27791675092,23.081990281972
113.27741747272,23.082406275671
113.27731767097,23.082485484713
113.27648898414,23.083158385649
113.27627940946,23.08331647033
113.27609974836,23.083454856608
113.27585019909,23.08364252978
113.27549087689,23.083959113375
113.27507163771,23.084314926172
113.27495189358,23.084433696454
113.27489206644,23.084503096815
113.27476235112,23.084671735385
113.27451280185,23.084979090888
113.2744529747,23.085058464624
113.27439314756,23.085127864659
113.27430340684,23.085246883556
113.27415374914,23.08543530222
113.27395414565,23.085693120357
113.27395234904,23.085693037244
113.27395234904,23.085693037244
113.27310371983,23.086783397972
113.27289414515,23.087040964156
113.27189585824,23.088388877396
113.27175617173,23.088577125382
113.27105746971,23.089518195091
113.27102764596,23.08954778262
113.2710177646,23.089567646155
113.27099791205,23.089597399895
113.27090817133,23.089716248567
113.27088831878,23.089746002274
113.27086846623,23.089775755974
113.27084861368,23.089795453252
113.27083873231,23.089805343446
113.27080890857,23.089854960624
113.27079902721,23.089874824112
113.27076920347,23.089904411562
113.27074935092,23.089934165226
113.27071952717,23.089973809066
113.27071952717,23.090003812047
113.27070964581,23.090013702225
113.27068979326,23.090033399468
113.27062996611,23.090112603964
113.27056016778,23.090201698577
113.27027073374,23.090577773595
113.27014101843,23.090756045248
113.27009116247,23.090815385969
113.27003133532,23.090904563221
113.26990162001,23.091072778117
113.26989173865,23.091092641423
113.2698319115,23.091171845288
113.26971225721,23.091330169766
113.26967246227,23.091379620155
113.26866438383,23.09276522088
113.2685846143,23.092864037462
113.26805569202,23.093556250131
113.26768648845,23.094030715826
113.26670850324,23.09530575607
113.2666486761,23.095404820085
113.26606989786,23.096145720166
113.26596021475,23.096273954051
113.26581055706,23.096481554725
113.26568093157,23.09664951324
113.26563107561,23.096718741007
113.26555130609,23.096827444319
113.26505247704,23.097449328606
113.26441387165,23.098308808951
113.26410458506,23.098713698558
113.26399490196,23.098861875213
113.26399076975,23.098861709003
113.26399076975,23.098861709003
113.26382090018,23.099238839869
113.26318229479,23.100088003685
113.26314249986,23.100147340237
113.26302284557,23.1003053216
113.26290319127,23.100463302776
113.26268373524,23.100719512773
113.26263396911,23.100788655315
113.26259417418,23.100837935975
113.26233483338,23.101143508899
113.26220520789,23.101281294883
113.26213549938,23.101350104718
113.26203578747,23.101458388722
113.26202590611,23.101468194943
113.26176656531,23.101783655719
113.26148728213,23.102128783576
113.26145745839,23.102188285423
113.26109831584,23.102652000018
113.26091874457,23.102928815252
113.26059948679,23.103353136734
113.26044991893,23.103560477036
113.25991111528,23.104310888326
113.25977151861,23.104488393633
113.2596618355,23.104636397641
113.25958206597,23.104754983553
113.25949232525,23.104883375328
113.25946250151,23.10494287594
113.25939270317,23.105041600361
113.25934284722,23.105170656669
113.25928302007,23.105309601891
113.25926307769,23.105409240151
113.25922319292,23.105538545405
113.25917306747,23.105907596532
113.25910308948,23.106196288367
113.25909311828,23.106256120793
113.25909042337,23.106256037693
113.25909042337,23.106256037693
113.25907039115,23.106315703891
113.25905044877,23.106375370062
113.25903050639,23.106435036207
113.25901056401,23.106504674375
113.25894067584,23.106763365723
113.25891076227,23.106882780737
113.25869067742,23.107858705675
113.25858081465,23.108226670061
113.25850095529,23.108455193049
113.25848110274,23.10850480326
113.25835138742,23.10879240916
113.25818178734,23.109089321504
113.25792235671,23.109564645787
113.2577926414,23.109812279093
113.2575430023,23.110427704025
113.25738337341,23.1107547772
113.25732363609,23.110843691771
113.25726389877,23.110932606281
113.25715412584,23.111150571227
113.25689469521,23.111635859795
113.25664523577,23.112081343166
113.25653555267,23.112279362994
113.25652567131,23.112299140032
113.25649584756,23.112338611002
113.25637619327,23.112546435849
113.25636631191,23.112586239132
113.25630648476,23.112765146014
113.25620668302,23.113063295916
113.25608684907,23.113421108152
113.25599701851,23.113679453638
113.25595713375,23.113788724735
113.25591724899,23.113918021827
113.25589739643,23.113967629996
113.25584754048,23.114096677627
113.25582768793,23.114146285729
113.25573794721,23.114344634859
113.25573794721,23.114364660875
113.25571809465,23.114414268878
113.2556982421,23.114463876862
113.25568836074,23.114513651018
113.25566841836,23.114603310928
113.25566446581,23.114603477119
113.25566446581,23.114603477119
113.25561452003,23.114752550089
113.2555744556,23.115031749849
113.25552441999,23.115360805955
113.25547420471,23.115919783991
113.2554238996,23.116578805019
113.25542354028,23.116578888113
113.25542354028,23.116578888113
113.25539326738,23.117058257171
113.25538329619,23.117218046472
113.25534314193,23.117627282365
113.25534296227,23.117627282365
113.25534296227,23.117627282365
113.2560901728,23.117680628352
113.25625950338,23.117693674018
113.25628941696,23.117694172578
113.25637906785,23.117695751353
113.25648866112,23.117697745595
113.25660822558,23.117679963604
113.25660831541,23.117679880511
113.25660831541,23.117679880511
113.25713642922,23.117639247822
113.25899942502,23.1179123757
113.25925849633,23.117946942498
113.25935811841,23.117958741739
113.25955736257,23.118002282593
113.25964701346,23.118023886829
113.25980646269,23.118046654365
113.26002564923,23.11808047329
113.260065534,23.118071249947
113.26012536115,23.118072330159
113.26015527472,23.118062940629
113.26014530353,23.118142793153
113.2601452137,23.118142543873
113.2601452137,23.118142543873
113.26010505944,23.118441761902
113.26001513906,23.118810112412
113.25991524749,23.119178295714
113.25964575583,23.119853420419
113.25954604392,23.120091645141
113.25949618797,23.120270708088
113.2593863252,23.120778730373
113.25937644384,23.120818531186
113.25938641503,23.120848693381
113.25938641503,23.120898714416
113.25939629639,23.120988868561
113.25940617775,23.121049026684
113.25945585405,23.121219862309
113.25948567779,23.121320402628
113.25958512021,23.12165210205
113.25963479651,23.121812965999
113.25964467787,23.121883094644
113.25966453042,23.122023434912
113.25966390161,23.122023518003
113.25966390161,23.122023518003
113.25977349488,23.122025429089
113.25987311696,23.122027173993
113.26007236112,23.122080684392
113.26021186797,23.122133114592
113.26067009361,23.122311094607
113.26070000718,23.122331617964
113.2610984955,23.122538513167
113.2613375346,23.122742582979
113.26151683638,23.122855668762
113.26200497559,23.123143991372
113.26219424856,23.123207222846
113.2629614913,23.123380216029
113.26297146249,23.123380382209
113.26297137266,23.123380465299
113.26297595402,23.123380382209
