113.30167495538,23.131772191689
113.30168250114,23.131773271789
113.30168250114,23.131773271789
113.30185299953,23.131611173648
113.30185299953,23.131611090563
113.30185299953,23.131611090563
113.30172274523,23.131292792716
113.30169274183,23.131213280448
113.30158260957,23.130874791954
113.30154263497,23.130635423403
113.301552696,23.130545358901
113.30157281804,23.130385170225
113.3013824671,23.130297681203
113.30138219761,23.13029718269
113.30138219761,23.13029718269
113.30126182467,23.130258631004
113.30122185008,23.130249242338
113.30115178225,23.130220162393
113.30059052097,23.130027071396
113.30053051416,23.130007878601
113.29983899858,23.129776069297
113.29962861543,23.129708520489
113.29954848657,23.129679523511
113.29939828989,23.129631333677
113.2993583153,23.129611891567
113.29922815083,23.129573422768
113.29898776427,23.129466158735
113.29898668631,23.129465244789
113.29898668631,23.129465244789
113.29890655746,23.129426111258
113.29872626754,23.129348176508
113.29847581996,23.129250882634
113.29838571992,23.129201944869
113.29832571311,23.129162645088
113.29816545541,23.129084377838
113.29784494001,23.12891770666
113.29764470771,23.128809777405
113.2976147043,23.128790169001
113.2963427037,23.128032169041
113.29608237476,23.127874553027
113.29605246119,23.127864914931
113.2960025154,23.12782544858
113.29493119625,23.127124274972
113.29493002846,23.127123111747
113.29493002846,23.127123111747
113.29466969952,23.126965162303
113.29461975373,23.126935583112
113.29442958246,23.12682707063
113.29430956884,23.12675802474
113.2941494908,23.126659233386
113.29386930931,23.126481259205
113.29296848855,23.12596711023
113.29259829685,23.12569939968
113.29258832565,23.125759472579
113.29256838327,23.12581954545
113.29248843408,23.125770107889
113.29248744595,23.125769443182
113.29248744595,23.125769443182
113.2917669151,23.125333228603
113.29159686586,23.12522413319
113.29159677603,23.12522413319
113.29159677603,23.12522413319
113.29097640625,23.124846909973
113.29085639263,23.124787501373
113.29049635178,23.12455900651
113.2899362583,23.124161092152
113.28960631068,23.123892214704
113.2895863683,23.123882327049
113.28947650554,23.123772731905
113.28928660375,23.123653332089
113.28901666295,23.123464136752
113.28858673393,23.123175233208
113.28853678814,23.123135433102
113.28853597967,23.123134685292
113.28853597967,23.123134685292
113.28845594065,23.123074860475
113.28714639088,23.122066808251
113.28696655011,23.121946991445
113.28684671616,23.121857170315
113.2867968602,23.121817286723
113.28642711766,23.121567432361
113.2862772803,23.121447532014
113.28613741413,23.121367598388
113.28609752936,23.121307689683
113.28600769881,23.121177735062
113.28599781745,23.121167847205
113.28596799371,23.121007979569
113.28594814116,23.120888078716
113.28595847167,23.120428250045
113.28578923091,23.119598410642
113.28558998675,23.118788508305
113.28535094765,23.117778512365
113.2853310951,23.117678634109
113.28529130017,23.117548675934
113.28527144762,23.117488765505
113.28523165268,23.117388803937
113.28522177132,23.117358890237
113.28522015437,23.117356979083
113.28522015437,23.117356979083
113.28517020859,23.117296985474
113.28502064072,23.116936940152
113.28497078476,23.116846949443
113.2849309,23.116797009974
113.28491104745,23.116757041766
113.28489119489,23.116747070486
113.28487134234,23.116727127923
113.28484142877,23.116707185358
113.284801544,23.116697214074
113.28476165924,23.116687242789
113.28471180328,23.116677271503
113.28465188631,23.116687159695
113.28455199473,23.116726961735
113.28389218934,23.11696560754
113.28389093171,23.116964776601
113.28389093171,23.116964776601
113.28319106189,23.117232837152
113.28310114151,23.117322578319
113.28301122112,23.117372268309
113.28245139713,23.117690267188
113.28245121747,23.117690267188
113.28245121747,23.117690267188
113.28233129368,23.117649883782
113.28222152075,23.117589557931
113.28212171901,23.117549257588
113.28196217995,23.117288759201
113.28193235621,23.117218711222
113.28178278834,23.116928215294
113.28173293238,23.116918077839
113.28160348656,23.116497705142
113.28157393231,23.116167737817
113.28157321366,23.116166989967
113.28157321366,23.116166989967
113.28154365941,23.11576688998
113.28152407635,23.115476972537
113.28151428482,23.115397035315
113.28146487802,23.114896969562
113.28146487802,23.114896969562
113.2814645187,23.114896720276
113.28146308141,23.114896637181
