113.29039223817,23.150024620333
113.29039726869,23.150029521649
113.29039726869,23.150029521649
113.29062741456,23.150038659695
113.29256937141,23.150109437995
113.29267950366,23.150158783407
113.29275963252,23.150208294947
113.29275972235,23.150208294947
113.29275972235,23.150208294947
113.29318021915,23.150205802756
113.29424165694,23.150218762149
113.29430175358,23.150218429857
113.29518308112,23.150221835852
113.2953032744,23.150240859574
113.29551365755,23.150239281187
113.29582420176,23.150246674685
113.29592436283,23.150245927028
113.29692615313,23.150247006977
113.29750726696,23.150271513514
113.29750735679,23.150341544033
113.29750744663,23.150341294814
113.29750744663,23.150341294814
113.29692624296,23.15031678829
113.29550377619,23.15030922865
113.29530354389,23.150310807036
113.29517346925,23.150331824497
113.29430220274,23.150338387261
113.29424219593,23.150338802626
113.2940018992,23.150330578403
113.29292060886,23.150327587776
113.29237003742,23.150310807036
113.2918195558,23.150303745833
113.29113899954,23.150297016922
113.29061861116,23.150279239303
113.29027842287,23.150270599711
113.29014843806,23.150271015076
113.28984831419,23.150252074431
113.28984705656,23.150251409847
113.28984705656,23.150251409847
113.28977698873,23.150241607231
113.28955690388,23.150232386126
113.28939691567,23.150212947037
113.28908682061,23.150133861484
113.28877663572,23.150004682774
113.28858655427,23.1498451822
113.28854657967,23.149795338231
113.28854604069,23.149794673645
113.28854604069,23.149794673645
113.28847597286,23.149654778138
113.28835577958,23.149295069892
113.28835577958,23.149265163389
113.28828562192,23.148955298389
113.28819552188,23.148645515738
113.28805529639,23.148255731873
113.28802529299,23.148115834741
113.28787518614,23.147816102147
113.28782524035,23.147726215467
113.28782452171,23.147725633945
113.28782452171,23.147725633945
113.28774448269,23.147685675059
113.28737420115,23.147166125368
113.28721412311,23.146966329974
113.28704416371,23.146836483574
113.28690411788,23.146646656716
113.28669400422,23.146366775832
113.28659402282,23.146226876706
113.28648407022,23.146136988947
113.2863040498,23.145997089578
113.28626416504,23.145967182331
113.28622428027,23.145927222914
113.28622338197,23.145926309081
113.28622338197,23.145926309081
113.28601335814,23.145796212436
113.28594346997,23.145756252968
113.2858735818,23.145716293488
113.28583369704,23.145696355281
113.28579381227,23.145686386177
113.28553393249,23.145666281814
113.2855333935,23.14566594951
113.2855333935,23.14566594951
113.2853334307,23.145705742854
113.28497365934,23.145745286958
113.28487376777,23.145755172982
113.28454399982,23.145794633995
113.28434421667,23.145814239884
113.28379454353,23.145873057532
113.28352478238,23.145902383271
113.28326499243,23.145921656841
113.28239570219,23.146008803248
113.28220598007,23.146028076803
113.28199622573,23.146047267279
113.28191636637,23.14601702774
113.28174658663,23.145976403733
113.28164678489,23.145956050187
113.28162693233,23.145946081102
113.28155704416,23.145925810627
113.28146721361,23.145905457073
113.28142732885,23.145885352744
113.2813675017,23.145855196244
113.28136579492,23.145854531637
113.28136579492,23.145854531637
113.2813557339,23.145784415671
113.28134576271,23.14570441364
113.28130578811,23.145554295473
113.28126590335,23.145494148467
113.28121604739,23.145423949234
113.28119610501,23.145403927907
113.28116619144,23.145373854373
113.28113627786,23.145343780833
113.2810663897,23.145263529308
113.28097655914,23.145173142438
113.2807467726,23.144942024262
113.28065694204,23.144851637174
113.27993757899,23.144177636655
113.2796079907,23.143875652074
113.27940829739,23.14368449174
113.27931846683,23.143613959239
113.27864922923,23.14299943597
113.27847953932,23.142818326771
113.27844962575,23.142778200249
113.27837982741,23.142677759277
113.27830993924,23.142557296471
113.27826008328,23.142457021486
113.27822019852,23.142286794765
113.27816028154,23.141906380037
113.27813027814,23.141396195566
113.27812021712,23.140896144755
113.27812021712,23.140596229673
113.27812021712,23.140206255973
113.27811033575,23.140126250575
113.2781078205,23.14012425667
113.2781078205,23.14012425667
113.2781078205,23.139844195852
113.27809775948,23.13886418603
113.27809775948,23.138774293278
113.27808787812,23.138634303057
113.27808787812,23.138584371791
113.27807799676,23.138534357426
113.27805805437,23.138274315655
113.27792824923,23.13747341703
113.27791836787,23.137403462792
113.27789851532,23.137263388042
113.27787866276,23.137133282893
113.277838778,23.136913034357
113.27782889664,23.136763072395
113.27784883902,23.136153336111
113.27784785088,23.136152172965
113.27784785088,23.136152172965
113.2778678831,23.136002376306
113.27787785429,23.135912564695
113.27792780008,23.135713001583
113.27785800174,23.135592532447
113.27777823221,23.13553196551
113.27777805255,23.135531633181
113.27777805255,23.135531633181
113.27774804914,23.135531383934
113.27759839144,23.135510281044
113.27741882017,23.135498898775
113.27733905064,23.135488347328
113.27724930992,23.135487682669
113.27705967763,23.135476217316
113.27695996572,23.135475469576
113.27670053509,23.135453286607
113.2765409062,23.135461927165
113.27606183987,23.135447720094
113.27581238043,23.135435506996
113.27571266852,23.135434676173
113.27565284137,23.135444147555
113.27473477314,23.13544506146
113.27446546115,23.135442319745
113.27414620337,23.135399033862
113.27410640844,23.135438581041
113.27380718287,23.135495326238
113.27372741334,23.135494495415
113.27322867412,23.135498898775
113.27301927911,23.135466579772
113.27274996712,23.135403520308
113.27253060091,23.135351012272
113.27218151939,23.135336888272
113.27205189391,23.135335392789
113.2719821854,23.135334645048
113.2719821854,23.135264689681
113.27197993963,23.135263111115
113.27197993963,23.135263111115
113.27195002606,23.134962767876
113.27193017351,23.134562641496
113.27185058364,23.133621724934
113.27183073109,23.133361590444
113.27181087854,23.133101455443
113.27179102599,23.132891336445
113.27177117343,23.132621147351
113.2717613819,23.132331100574
113.27179138531,23.132011558188
113.2718013565,23.131941767236
113.27185130229,23.131782494178
113.27185085313,23.131781580248
113.27185085313,23.131781580248
113.27106285954,23.131751669793
113.27066401189,23.131726578239
113.27063418815,23.131736216055
113.27051462369,23.131724750377
113.27045488637,23.131724002616
113.27041509144,23.131723587192
113.26982679116,23.131705723997
113.26974711146,23.131704726981
113.26967740295,23.13170381305
113.26878008558,23.13165130355
113.26875026184,23.131650971211
113.26866061095,23.131629784618
113.2686307872,23.131619399033
113.26862961941,23.131618568186
113.26862961941,23.131618568186
113.26800152419,23.131579435291
113.26762279859,23.131543958113
113.26687522875,23.131512801333
113.26655633029,23.131498012246
113.26635708613,23.131485051021
113.2658189113,23.131456719111
113.26532062123,23.131418915525
113.26487218712,23.131391829873
113.26468291415,23.131388838819
113.26431424957,23.131362916348
113.26403523588,23.131368316863
113.26398546975,23.131367569099
113.26298897945,23.131361088481
113.26243095207,23.131361670075
113.26160388218,23.131367486014
113.26102600225,23.131377456196
113.26102456496,23.131376459178
113.26102456496,23.131376459178
113.26111412602,23.131988045288
113.2611340684,23.132118404739
113.26115392095,23.132298780799
113.26116389215,23.132398980384
113.26119371589,23.132759482242
113.26122353963,23.133119983121
113.2613031295,23.134071371722
113.26133295324,23.13435186015
113.26133295324,23.134811889798
113.26134292443,23.135062051539
113.26132307188,23.135061802292
113.26126333457,23.135060888384
113.2612534532,23.135060805301
113.26125318371,23.135060306806
113.26125318371,23.135060306806
113.26103399717,23.135056568092
113.26052591557,23.135067701151
113.25977870505,23.134984701679
113.25977843556,23.134984618596
113.25977843556,23.134984618596
113.25979837794,23.13464497657
113.25982829151,23.134475570646
113.25982829151,23.134475487563
113.25982829151,23.134475487563
113.26051585455,23.134487534583
113.26054585795,23.133758147864
113.26051612404,23.133217689574
113.26051612404,23.133147816174
113.26051621387,23.132867906786
113.26051603421,23.13286757445
113.26034391888,23.132868903793
