113.27393528124,23.095733509302
113.27384554052,23.0957905208
113.27384554052,23.0957905208
113.2736158438,23.096117962459
113.27354595563,23.096267139292
113.27335623351,23.096494934902
113.27330637755,23.096584357661
113.27327646398,23.096704031148
113.27328625551,23.096924097113
113.27328580635,23.096924014006
113.27328580635,23.096924014006
113.2734952912,23.096906395446
113.27421375595,23.096884372241
113.27477250197,23.096920191111
113.27486233252,23.096921105282
113.27486233252,23.096921022175
113.27486233252,23.096921022175
113.27445252555,23.097666650839
113.27419264577,23.09818381815
113.27411278641,23.098342965326
113.27396294905,23.098631258081
113.2738731185,23.098790238511
113.27379325914,23.098949301856
113.27363345059,23.099237510189
113.27359356582,23.099307069027
113.27332389451,23.099683949314
113.27303419098,23.10020052704
113.2725546755,23.100954780097
113.27249484835,23.101054089209
113.27190529045,23.102166761713
113.27150563433,23.102881612936
113.27120595961,23.103407734993
113.27118601723,23.103447457914
113.27111612906,23.103576515771
113.27089640353,23.10399360531
113.27066670681,23.104420499543
113.27055693388,23.104609057217
113.27040709652,23.104897003962
113.27038724397,23.104916698998
113.2703473592,23.10498617176
113.27033738801,23.105046004732
113.27032750665,23.105085893365
113.27017775912,23.105343839567
113.27004795397,23.105582007232
113.26997815564,23.105701007804
113.26994833189,23.105740563836
113.26983855896,23.105939008627
113.26973875722,23.106097647906
113.26934934178,23.106712175956
113.26860015498,23.108061302272
113.26850035324,23.108229827836
113.26821082938,23.10872551446
113.26794115806,23.109291417631
113.26785132751,23.109490023311
113.26784135632,23.109539882431
113.26781153258,23.1095694655
113.26780775969,23.109569548599
113.26780775969,23.109569548599
113.26761794774,23.109916650576
113.26755812059,23.11003573036
113.26752820702,23.110115255321
113.26745831885,23.110304137298
113.26723859332,23.110830728528
113.26721865094,23.110900447489
113.26718873737,23.110999998455
113.26703890001,23.11138764821
113.2670382712,23.11138764821
113.2670382712,23.11138764821
113.26775574781,23.111718375294
113.2678453987,23.111759674573
113.26897160431,23.112215877022
113.26916096711,23.112288503642
113.2692905926,23.112340272937
113.26951984017,23.112433424377
113.26970920297,23.112516022477
113.26979894369,23.112547266816
113.27000824887,23.112630114135
113.27034717954,23.112764647435
113.27053663217,23.112847162232
113.27117469858,23.113105425739
113.2715934886,23.113270704148
113.27190277519,23.113224668855
113.27268097725,23.113114150849
113.27281069257,23.11309578657
113.27297032146,23.11306770002
113.27327969788,23.11301136071
113.27335955724,23.112992331646
113.2735791031,23.112954855184
113.27421779832,23.11285189873
113.2742777153,23.112822648778
113.27446734759,23.112764730531
113.27466695108,23.112726921619
113.27522596659,23.11260269226
113.27569515156,23.112537295219
113.27585487028,23.112538790959
113.27602465002,23.112480457105
113.27614448398,23.112441650951
113.27614430432,23.1124404045
113.27614430432,23.1124404045
113.27631444338,23.11199201394
113.27686456567,23.11086712532
113.27698457929,23.110628302354
113.27710468274,23.11033945396
113.27718472176,23.11017026629
113.27720475397,23.110130545381
113.27720475397,23.11013012989
113.27720475397,23.11013012989
113.27717493023,23.109959861675
113.2774350795,23.109422214878
113.27755509312,23.109203333008
113.27759515754,23.109073782027
113.27770519997,23.108844761511
113.2777452644,23.10875518081
113.2777452644,23.108745292027
113.2777452644,23.108744710334
113.27773511354,23.108747452602
