113.31334394395,23.143594602256
113.31335059141,23.14360158074
113.31335059141,23.14360158074
113.31292937595,23.144198987396
113.31286927932,23.144270018045
113.31277908944,23.144341630194
113.31230756888,23.144519829631
113.31162530585,23.144621598432
113.31142471423,23.14462500457
113.31073239017,23.144656822881
113.31067229353,23.144667872057
113.31056198161,23.144709742613
113.31048185276,23.144761083871
113.31047188157,23.14479124062
113.31047188157,23.144861274035
113.31056225111,23.144969771757
113.3105613528,23.144969771757
113.3105613528,23.144969771757
113.31051122735,23.145030666687
113.3104310985,23.145111998345
113.31000979322,23.145229052706
113.30993963556,23.145290196745
113.30988959994,23.145451032019
113.30989966096,23.145590848888
113.30989939147,23.145590931964
113.30989939147,23.145590931964
113.30964849474,23.145505114498
113.30964849474,23.145505114498
113.30964849474,23.145505114498
113.30964849474,23.145585116649
113.30963888287,23.14623535041
113.30955884385,23.146586759432
113.30950889807,23.146847615644
113.30931854713,23.147290820803
113.30925854032,23.147401808779
113.30919853351,23.147612818597
113.30911858432,23.147984161831
113.30896838764,23.148356667063
113.30884819436,23.148518661652
113.30867778581,23.148691455662
113.30836706193,23.149046513416
113.30836616363,23.14904659649
113.30836616363,23.14904659649
113.30890838083,23.149597872857
113.30909918092,23.149794756718
113.30927991999,23.149991806433
113.30973176766,23.150434419564
113.31001293729,23.150729743381
113.31008327461,23.150818548079
113.31017364414,23.150927040923
113.31037459508,23.1512236928
113.31047502564,23.151372060026
113.3105151799,23.15143137364
113.31071604101,23.151678014984
113.31078637833,23.151756850399
113.31086668684,23.151835519623
113.31092696314,23.151894500742
113.3110273937,23.151962785893
113.31113779545,23.152030904864
113.31136865996,23.152157007941
113.31150924477,23.152224628382
113.3116095855,23.152262924464
113.31162961771,23.152262675249
113.31168989401,23.152291667287
113.31173004827,23.152310939927
113.31184045002,23.152349069841
113.31192075853,23.152377729573
113.31203116028,23.152415859467
113.31208137555,23.152424997349
113.3122520536,23.152492036152
113.31255316561,23.152556831989
113.31264353514,23.152585242461
113.31279409114,23.152612656069
113.31290449289,23.152610828495
113.3129848014,23.152609499351
113.31319554388,23.152545866542
113.31319536422,23.152545534255
113.31319536422,23.152545534255
113.31331573715,23.152463376445
113.31343611009,23.152401321927
113.31354651184,23.15239949435
113.31384744419,23.152254285002
113.31404812564,23.152200869853
113.31410831211,23.152199872991
113.31421871385,23.152198045412
113.31448973262,23.152223299234
113.31528275673,23.152389276535
113.3153429432,23.152398248275
113.31624636905,23.152572283299
113.31646717254,23.152598367765
113.31646726237,23.152597786264
113.31646726237,23.152597786264
113.31664782178,23.152434550588
113.31674807268,23.152242821099
113.31680816931,23.152081827926
113.31693833378,23.151659572973
113.31697839821,23.151538952188
113.31700840161,23.151428466111
113.31707855927,23.151257254046
113.3171186237,23.151166622048
113.31728903225,23.150863656523
113.31748953404,23.150510098951
113.31752959847,23.15043948701
113.3175596917,23.150399030505
113.31799069869,23.149601361941
113.31802079192,23.149550936366
113.31809094958,23.149399742601
113.31813101401,23.149329130068
113.31853192776,23.148512015724
113.31880267704,23.148147319916
113.31945448752,23.147295805295
113.31965507914,23.147052312644
113.31965507914,23.147050651144
113.31965507914,23.147050651144
113.31980545548,23.146818040889
113.32008626578,23.146403162872
113.32017654548,23.146281623471
113.32045735579,23.145976819111
113.32068813047,23.1458028585
113.3207884712,23.145731164065
113.32091890516,23.145598990329
113.32100918486,23.145507523701
113.32140039691,23.145080844754
113.32140021725,23.145080180144
113.32140021725,23.145080180144
113.32146022406,23.14452913421
113.32150019865,23.144048452138
113.32153020206,23.143767984227
113.32155023427,23.143627750049
113.32155023427,23.143547829793
113.32155005461,23.143547497484
113.32155005461,23.143547497484
113.32150990035,23.143368133658
113.32157987835,23.142707002645
113.32157987835,23.142706919567
113.32157987835,23.142706919567
113.32168992078,23.141754928314
113.32177993099,23.140573382928
113.32180993439,23.140252946536
113.32181990558,23.140122844321
113.32178990218,23.140103403749
113.3217699598,23.140083797016
113.32175001742,23.140054220751
113.3217299852,23.140014674949
113.32172001401,23.13998493251
113.32171004282,23.139935167912
113.32171004282,23.139885237136
113.32173007503,23.139844943568
113.32175010725,23.139804649987
113.32178020048,23.139774242865
113.32183032593,23.139733450785
113.32188054121,23.139712680882
113.32191063444,23.13970221285
113.32197082091,23.139691246339
113.32203100738,23.139700218939
113.32206110061,23.139699803541
113.32208113283,23.139709440777
113.3221313481,23.139738601721
113.32217150236,23.139757959266
113.32217114304,23.139756629993
113.32217114304,23.139756629993
113.32231154819,23.139754303764
113.32355579115,23.139663580819
113.32422799316,23.139612652985
113.32433839491,23.139600938749
113.32471963577,23.139574851725
113.3250005359,23.1395704485
113.3255924294,23.139541121361
113.32577298881,23.139608249762
113.32577316847,23.139607668204
113.32577316847,23.139607668204
113.32650546712,23.139546272303
113.32787969489,23.139485707172
113.32798003562,23.139474325245
113.32837115784,23.139458706247
113.32855171724,23.139446161201
113.32858181048,23.139445828881
113.32870218342,23.139434197711
113.32879246312,23.139433034594
113.32920361755,23.139407279855
113.32950446007,23.139393156287
113.32986548905,23.139368315419
113.33011620612,23.139355022645
113.3302867045,23.139352862569
113.33051729953,23.139339902113
113.33069776911,23.139337575877
113.33074789455,23.139327024736
113.33077798779,23.139326692416
113.33099861162,23.139323950781
113.33137958299,23.13929919298
113.33241218517,23.139246520327
113.33249240385,23.139245606448
113.33350479416,23.139194013814
113.33401593,23.139178477863
113.33421634196,23.13916643127
113.33441675392,23.139154384675
113.33461716587,23.139142338079
113.33470735575,23.139141507279
113.3347874846,23.13914075956
113.33488773549,23.139129793002
113.33496786435,23.139169006749
113.33506811524,23.139168092869
113.33511824069,23.139157707874
113.33566935112,23.139142421159
113.33637065823,23.139116001724
113.33679142453,23.139102376605
113.33762280628,23.139075541762
113.33803342173,23.139062415119
113.33834387611,23.139050119275
113.33904491373,23.139015225656
113.33960563603,23.13898166131
113.33992606161,23.138969780858
113.34013635493,23.138948595435
113.34061685854,23.138905975339
113.34066689416,23.138905809179
113.34079705863,23.138905227618
113.34083712305,23.138895091842
113.34123758765,23.138943029069
113.3413876945,23.13895233404
113.3416179302,23.138991298598
113.34195820833,23.139079778843
113.34220847625,23.139148735237
113.34306914275,23.139375626444
113.34311917837,23.139385429864
113.3432192496,23.139415089357
113.34347939888,23.139484294816
113.34366948033,23.139533810345
113.34396969403,23.139613068383
113.34446996037,23.139811960988
113.34451999598,23.13983190008
113.34508026913,23.140110963972
113.34518034036,23.140150842062
113.34613056793,23.140550037705
113.34622057814,23.140589998743
113.34638056635,23.140649981816
113.34640059857,23.1406599513
113.34653058337,23.140709964863
113.34701063784,23.140880110531
113.34701054801,23.140876205823
113.34701054801,23.140876205823
113.34744047703,23.140996503999
113.34835028085,23.141227629055
113.34892007603,23.141348757698
113.34905006084,23.141399020237
113.34915004224,23.141419291404
113.34926996603,23.141439562569
113.34968974419,23.141540669108
113.35164831969,23.141988129003
113.35172826888,23.142008483158
113.3520679182,23.142050188397
113.35214786739,23.142050603788
113.35231764713,23.142041548269
113.35242750989,23.142042129816
113.35295688133,23.14201521249
113.35339633239,23.141947919152
113.35365594268,23.141899650699
113.35371585965,23.1418900967
113.35379571901,23.141880708858
113.35399541233,23.14184216054
113.35422510905,23.141803861446
113.35433497181,23.141784753434
113.35447474815,23.141765811576
113.35555298425,23.141584119141
113.35583253693,23.141526462688
113.35583262676,23.141525631903
113.35583262676,23.141525631903
113.35648147283,23.141431171636
113.35680091027,23.141384149174
113.35723003081,23.141308215339
113.35854730601,23.141091463048
113.35892648076,23.14102558158
113.35894642315,23.141025830817
113.35910605204,23.140997667102
113.35926568092,23.140979472841
113.35935551148,23.140960530868
113.35984436933,23.140896144755
113.36009373894,23.140859091571
113.36164978375,23.140648070999
113.36341495407,23.140411544785
113.3636143779,23.14038437789
113.36367420504,23.140375322258
113.36381380172,23.140337355057
113.36388360006,23.1403283825
113.36444198676,23.140236413758
113.36456164106,23.140228188908
113.36460152582,23.140218884027
113.3648508056,23.140182578368
113.36506020061,23.140155743744
113.36513997014,23.140147020413
113.36542904486,23.140101409844
113.36711372701,23.139857322418
113.36739283053,23.139821847455
113.36753233738,23.13980415151
113.3678911206,23.139740014074
113.36836955811,23.139637826126
113.36871837014,23.139573605529
113.36879813967,23.139545026108
113.36898750247,23.139498252215
113.36912700932,23.139460617082
113.36931637212,23.139403873583
113.3703328048,23.139031010866
113.37078123891,23.138868755438
113.3711399323,23.138694951657
113.37125949677,23.138637127787
113.37164810373,23.138453935617
113.3720267395,23.138290599436
113.37267441778,23.138061961678
113.37273424492,23.138033132689
113.3727641585,23.138023744572
113.37295343147,23.137947144167
113.37319256039,23.137851435138
113.37321250278,23.137841880847
113.37326235873,23.137822855345
113.37363102331,23.137679457803
113.37402960147,23.137526588873
113.37446797456,23.137374467497
113.37509571045,23.137065737832
113.37611196347,23.136513993925
113.37707845037,23.135901348625
113.3774969709,23.13558887683
113.37754682686,23.13554982819
113.37782584055,23.135374856905
113.37840372049,23.135035215879
113.37845357644,23.135006220066
113.3786528206,23.134889821338
113.37874247149,23.134841467232
113.37899157161,23.134715929257
113.37905139876,23.134677046525
113.37915102084,23.134628858508
113.38021721965,23.13415769509
113.38084504537,23.133878784833
113.38135330663,23.133677723157
113.38137324901,23.133678055491
113.3814628999,23.133639670955
113.38150278466,23.133620478682
113.38150242534,23.133614745925
113.38150242534,23.133614745925
113.3815522813,23.133615659843
113.38159216606,23.133616324511
113.38181144244,23.133520196938
113.38186129839,23.133521027773
113.38189121197,23.133531579376
113.38191115435,23.13355193483
113.3819610103,23.133582758797
113.38199092388,23.13360328041
113.38202083745,23.13362380202
113.38205075102,23.133634353615
113.38211057817,23.13368536683
113.38211030868,23.133685200663
113.38211030868,23.133685200663
113.38212027987,23.133735383024
113.38216016464,23.133906036144
113.38229958165,23.134568374213
113.38234943761,23.134769185289
113.38236937999,23.134869549172
113.38239929356,23.134990018964
113.38246900207,23.135291192966
113.38248894445,23.135351510766
113.38247906309,23.135431352881
113.38246918173,23.135491172125
113.38246891224,23.135491255207
113.38246891224,23.135491255207
113.3825187682,23.135692147968
113.38269815981,23.136415209839
113.38278790053,23.136796720385
113.38294734975,23.137459459418
113.38316671596,23.138363128701
113.38319662953,23.138543662425
113.38320660072,23.138583790229
113.3832365143,23.138794315606
113.3832365143,23.13886435219
113.3832365143,23.13886426911
113.3832365143,23.13886426911
113.3833461974,23.139176151625
113.3834558805,23.139527994763
113.38354562122,23.139789529507
113.38376498743,23.140473189522
113.38376498743,23.140473106443
113.38376498743,23.140473106443
113.38397429261,23.140596645068
113.38397429261,23.140596645068
113.38397429261,23.140596645068
113.38401417738,23.140547296095
113.38421351137,23.140500688715
113.38430316226,23.140482245148
113.38450249625,23.140435554666
113.38458226578,23.140416944931
113.38515035419,23.140286178243
113.38515035419,23.140285762847
113.38515035419,23.140285762847
113.38508046602,23.139964578044
113.38506061347,23.139894375882
113.38497096258,23.139532979547
113.38494113883,23.139292546589
113.38499099479,23.139183462661
113.38512053044,23.139135608601
113.38547931366,23.139061418159
113.385549112,23.139042642071
113.38632659542,23.138884956066
113.38711413986,23.13873715642
113.38731356368,23.138700268794
113.3874132756,23.138681824976
113.38746313155,23.138672686147
113.38795163009,23.138590021253
113.38838030148,23.138516328987
113.38846007101,23.138497552823
113.38854981173,23.138478942817
113.38885891865,23.138433414754
113.38948710369,23.138322336187
113.38973638347,23.138275894185
113.39022506167,23.138192564399
113.39047434145,23.138145956191
113.39071365004,23.13810915148
113.39081336195,23.138090541419
113.39108267394,23.138044099337
113.39141181308,23.1379883522
113.39170106745,23.137932023474
113.39204017778,23.13787627629
113.39215992191,23.137847779583
113.39215956259,23.137845536402
113.39216126937,23.137845536402
