113.30059698876,23.137247353379
113.30059923453,23.137246522567
113.30059923453,23.137246522567
113.30039882257,23.13725890166
113.2986749743,23.137258403173
113.29831430463,23.137262224906
113.29813401472,23.137264052691
113.29783344169,23.137257156955
113.2975329585,23.137250178138
113.29731260416,23.137252338248
113.29615055615,23.137243033158
113.29614983751,23.137242700833
113.29614983751,23.137242700833
113.29598957981,23.137294128065
113.29428693154,23.137277511837
113.29377633469,23.137231152551
113.29331577346,23.13718421168
113.29322576324,23.137184793248
113.29315578524,23.137185208654
113.29300567839,23.137186122547
113.29284560035,23.137187036441
113.29276556133,23.137187534928
113.29250532223,23.137189030389
113.29231524078,23.137190110445
113.29195493044,23.137222013621
113.29186492023,23.13724245159
113.29165480657,23.137283493679
113.29165363877,23.137283161355
113.29165363877,23.137283161355
113.29168382184,23.138753024743
113.29168382184,23.139023035181
113.29168382184,23.139303014654
113.29167394048,23.139523093059
113.29166405912,23.139823176728
113.29165417775,23.140073245933
113.29164429639,23.140263331445
113.29155428618,23.140253860408
113.29155392686,23.140253694249
113.29155392686,23.140253694249
113.29149383022,23.140243973973
113.2913438132,23.140214730062
113.29110369614,23.140185901541
113.29095367912,23.140186566175
113.2909533198,23.140186400017
113.2909533198,23.140186400017
113.29032279916,23.140148848158
113.28990257184,23.140140374065
113.28975255482,23.140140872541
113.28975246499,23.140140789462
113.28975246499,23.140140789462
113.2897424938,23.140290830682
113.28975264465,23.140880858241
113.28975264465,23.140880775162
113.28975264465,23.140880775162
113.2895725344,23.140881356714
113.28862212717,23.140913757475
113.28862203734,23.140913674396
113.28862203734,23.140913674396
113.28861206615,23.141253715755
113.28861206615,23.141253715755
113.28861206615,23.141253715755
113.28780179458,23.141255045013
113.28769184198,23.14125521117
113.28769184198,23.14125521117
113.28769184198,23.14125521117
113.28769157249,23.140435222349
113.2876816013,23.140055300783
113.28768151147,23.140055217704
113.28768151147,23.140055217704
113.28760147245,23.140055300783
113.28754155547,23.140055383863
113.28697158062,23.140085790921
113.28697140096,23.140085790921
113.28696969418,23.140088698699
