113.27608223141,23.07575304634
113.27608034496,23.075754874972
113.27608034496,23.075754874972
113.27596069067,23.07599376064
113.27579109059,23.07630213364
113.27576126685,23.076371870723
113.27558169558,23.076790126216
113.27564152272,23.077290667925
113.27577123804,23.077791872697
113.27584112621,23.078022525999
113.27619029756,23.079145697965
113.2762600959,23.079356317626
113.27631992304,23.079566853836
113.27637975019,23.079767415656
113.27642960615,23.079967894057
113.27646949091,23.080158231893
113.2765891452,23.080889243016
113.27658887571,23.080889326133
113.27658887571,23.080889326133
113.27765696096,23.08112828569
113.27796642721,23.081190706012
113.2782360087,23.081242736777
113.27831586806,23.081303328489
113.27835575282,23.081343639832
113.27836572401,23.081383701814
113.27836572401,23.081423680668
113.27836572401,23.08150363834
113.27836581384,23.08150363834
113.27836581384,23.08150363834
113.27858553937,23.081325271159
113.2791548854,23.080879269043
113.27921480238,23.080839788724
113.27935466855,23.080730822982
113.27949453471,23.080611800041
113.27953450931,23.080582127406
113.27959442629,23.080532589882
113.27964437207,23.080592932568
113.27964428224,23.080592350752
113.27964428224,23.080592350752
113.28014347061,23.081155298483
113.28025333338,23.081245895193
113.28034325376,23.081306403787
113.28049309112,23.081377218755
113.28105246596,23.081540126285
113.28117229992,23.081580686904
113.28156189501,23.081682503978
113.28205138169,23.081864610892
113.28229113943,23.08200557527
113.28256090057,23.08216657037
113.28269079555,23.08225700016
113.28322034665,23.082658697186
113.28327029243,23.082698841888
113.28377990115,23.083100205119
113.28377981132,23.083100288234
113.28377981132,23.083100288234
113.28391967749,23.083380551921
113.2841893488,23.083911073172
113.28429921156,23.084191252035
113.28434915735,23.084321325973
113.28437907092,23.084421395548
113.28466850496,23.08535185614
113.28468844734,23.085411864183
113.28482813385,23.085882037069
113.28501776614,23.086462249892
113.28503770852,23.086542287646
113.2850676221,23.086662302631
113.28522725099,23.087232455438
113.28522725099,23.087322466219
113.28522725099,23.087382473373
113.2852073086,23.087482457531
113.28503707971,23.088142201485
113.2849770729,23.088342085471
113.2849470695,23.088462015718
113.28493709831,23.088552025666
113.28493709831,23.088702042111
113.28492694745,23.089022021219
113.28491697626,23.08910197432
113.28491697626,23.089271936833
113.28491688643,23.089501905325
113.28491688643,23.089671867327
113.28491688643,23.089711843688
113.28492685762,23.089781823068
113.28494671018,23.089941811419
113.28496665256,23.089991844099
113.28501659834,23.090101882687
113.28505657294,23.090181918249
113.28513652213,23.090281983411
113.28525635608,23.090462083891
113.28536621885,23.090642184126
113.28543610702,23.090822201008
113.28546602059,23.090942212126
113.28549584433,23.091132201806
113.2854957545,23.09143214559
113.28548569348,23.091692112943
113.28548569348,23.091772064437
113.28548569348,23.091951996678
113.28548425619,23.091952162897
113.28548425619,23.091952162897
113.28546422398,23.092002111712
113.28540421717,23.092132011785
113.2852440493,23.092501765041
113.28512394585,23.092761564083
113.28491374236,23.09323121231
113.28481367113,23.09347106387
113.28429292343,23.094709957599
113.28391240121,23.09560901472
113.28376229436,23.095958563295
113.28365225194,23.09620821654
113.28358218411,23.096378003749
113.28357194342,23.096707937156
113.28357194342,23.096787885632
113.28358182478,23.096867917166
113.28363168074,23.097008034564
113.28374145367,23.09716826353
113.28374046554,23.09716826353
113.28374046554,23.09716826353
113.28408011485,23.097419077987
113.28421998102,23.097509331185
113.28460957612,23.097830037033
113.28489936947,23.098000487015
113.28513921705,23.098120740966
113.28522913743,23.09816079789
113.28525914083,23.098170853672
113.2853590324,23.098220966359
113.28545901381,23.098261023253
113.285748897,23.098361248541
113.28583881738,23.098401305392
113.28616867516,23.09852139277
113.28745837238,23.098970826087
113.28763830297,23.09904063438
113.28774825557,23.099080524816
113.28774816574,23.099080524816
113.28774816574,23.099080524816
113.28868815262,23.099438873368
113.2893281953,23.099687273502
113.28951827674,23.099746776442
113.28974833279,23.099836113908
113.28974833279,23.099836113908
113.28974833279,23.099836113908
113.28988837861,23.099845670935
113.2901385567,23.099864868093
113.29029863474,23.099904259655
113.29039870597,23.099923872327
113.29042870938,23.099923872327
113.29048871619,23.099933678662
113.29051871959,23.099933678662
113.29054872299,23.099943568101
113.29054872299,23.099943318787
113.29054872299,23.099943318787
113.29058878742,23.099953208225
113.2908489367,23.099982211699
113.29086896891,23.099992101134
113.29091900453,23.099981962385
113.29118930465,23.099950881299
113.29148960819,23.099889633254
113.29216046274,23.099746444024
113.29242079168,23.099695168447
113.29321183951,23.099560705007
113.2935123227,23.099498875049
113.29425342475,23.099373968473
113.29451384351,23.099322194122
113.29490451658,23.099259366793
113.29504474207,23.099228368643
113.29544547616,23.099165291955
113.29671792591,23.098934509139
113.29697843451,23.098882235986
113.29752954494,23.098787080512
113.29763976703,23.098766054882
113.2977299569,23.098745278566
113.29782014677,23.098724502246
113.29852181321,23.098527459465
113.29922356947,23.098330000864
113.30000554442,23.09811126692
113.30004560884,23.09810087871
113.30017595297,23.098069464761
113.30241219471,23.097421903595
113.30251253543,23.097390655697
113.30300399838,23.097254195376
113.30323468323,23.09719111775
113.30341524264,23.097138760805
113.30377636146,23.09705382616
113.30391676661,23.097021913325
113.30400704631,23.097000721204
113.30414745146,23.096978864228
113.30428785661,23.096966980015
113.30452851266,23.096983518185
113.3046488856,23.097001801586
113.30471904326,23.097020749836
113.30480932296,23.097049421525
113.30508007224,23.097125463799
113.30524050961,23.097183056444
113.30536079271,23.097221285314
113.30548107582,23.097269486917
113.30573170306,23.097365723858
113.30590220144,23.097423150186
113.30670438826,23.097700807379
113.30683473239,23.097748759491
113.30706532742,23.0978751635
113.30727589023,23.097991844018
113.30741620555,23.098089576338
113.30772692943,23.098364572761
113.30831837377,23.098824976499
113.30869934514,23.099148754056
113.30964175745,23.099893123645
113.30987235247,23.100089250251
113.31013304073,23.100304822974
113.31040370018,23.100540257241
113.31044376461,23.100569593003
113.31060420197,23.100696825368
113.31070445287,23.100765136882
113.31082482581,23.100823060364
113.3110153564,23.100909820884
113.31116582258,23.100947217643
113.31152703122,23.101011041419
113.31155712446,23.1010106259
113.31268099448,23.101121153982
113.31289173695,23.101137442324
113.31403572902,23.10123741613
113.31438696647,23.101261266893
113.31446727499,23.101269826574
113.31482857346,23.101293428021
113.31671519469,23.101429967296
113.31724708139,23.101460549415
113.31736754416,23.101468444254
113.31808008009,23.101495785326
113.31815032758,23.101504511198
113.31822057507,23.101503347749
113.31822075473,23.101500522228
113.31822075473,23.101500522228
113.31842152601,23.101456975961
113.31888316521,23.1014788322
113.31940499088,23.101499691192
113.31989672332,23.101511076378
113.31989672332,23.101511076378
113.31989672332,23.101511076378
113.32009740477,23.101487558074
113.32015759124,23.101486560831
113.32092025262,23.10146345804
113.32107080862,23.101460964932
113.32123142564,23.101448250085
113.32138198165,23.10141575658
113.32138198165,23.101415341062
113.32138198165,23.101415341062
113.32144225795,23.101394315849
113.32153262748,23.101332902263
113.32159290378,23.101261931723
113.32164311906,23.101181154903
113.32166333093,23.101070876182
113.32180508354,23.099768799172
113.32186589883,23.099187979621
113.32192617513,23.099127063644
113.32192617513,23.099126565014
113.32192617513,23.099126565014
113.32195671751,23.09862610555
113.32195671751,23.09862610555
113.32195671751,23.09862610555
113.32175603606,23.098639568615
113.3215955987,23.098642311092
113.32117420358,23.098649541256
113.32095348992,23.098653364101
113.32094351873,23.098643640777
113.32094315941,23.098643557672
113.32094360856,23.09865053852
